                   1            0.038566            0.038566                   0
                   2           0.0351464           0.0368562           0.0017098
                   3           0.0347892           0.0361672          0.00120382
                   4           0.0380992           0.0366502         0.000978716
                   5           0.0429176           0.0379037           0.0014649
                   6           0.0386044           0.0380205          0.00120178
                   7             0.03432           0.0374918          0.00114502
                   8           0.0395472           0.0377488          0.00102436
                   9            0.035912           0.0375447         0.000926167
                  10           0.0334036           0.0371306         0.000926128
                  11            0.038706           0.0372738         0.000849869
                  12           0.0406588           0.0375559         0.000825512
                  13            0.030766           0.0370336         0.000921641
                  14           0.0398124           0.0372321         0.000876056
                  15            0.038212           0.0372974         0.000818176
                  16           0.0376296           0.0373182         0.000765615
                  17           0.0386684           0.0373976         0.000723543
                  18           0.0368944           0.0373696         0.000682736
                  19           0.0397984           0.0374975         0.000658333
                  20           0.0367704           0.0374611         0.000625607
                  21           0.0383184           0.0375019         0.000596469
                  22           0.0376892           0.0375104         0.000568775
                  23           0.0409948           0.0376619         0.000564202
                  24           0.0351084           0.0375555         0.000550561
                  25           0.0386956           0.0376011         0.000530045
                  26           0.0431076           0.0378129         0.000551534
                  27           0.0341352           0.0376767         0.000547915
                  28           0.0370296           0.0376536          0.00052849
                  29             0.03835           0.0376776         0.000510506
                  30           0.0368588           0.0376503          0.00049395
                  31           0.0364148           0.0376105          0.00047941
                  32           0.0365556           0.0375775         0.000465356
                  33            0.039404           0.0376328         0.000454417
                  34           0.0447828           0.0378431         0.000488438
                  35            0.037246           0.0378261         0.000474584
                  36           0.0383288             0.03784         0.000461424
                  37           0.0412424            0.037932         0.000458104
                  38           0.0347344           0.0378479         0.000453756
                  39           0.0420424           0.0379554         0.000454866
                  40           0.0392216           0.0379871         0.000444478
                  41             0.03902           0.0380123         0.000434233
                  42           0.0440836           0.0381568         0.000447745
                  43           0.0392432           0.0381821         0.000437938
                  44            0.043126           0.0382944         0.000442376
                  45           0.0347896           0.0382166         0.000439392
                  46           0.0379096           0.0382099         0.000429786
                  47           0.0379212           0.0382037         0.000420587
                  48           0.0350844           0.0381388         0.000416828
                  49           0.0365048           0.0381054         0.000409593
                  50             0.04044           0.0381521         0.000404024
