                   1            0.251219            0.251219                   0
                   2            0.252864            0.252042         0.000822732
                   3            0.251472            0.251852         0.000511534
                   4            0.252731            0.252072         0.000423298
                   5            0.250171            0.251691         0.000502065
                   6            0.250325            0.251464         0.000468934
                   7            0.252825            0.251658         0.000441447
                   8            0.251202            0.251601         0.000386534
                   9              0.2501            0.251434         0.000379506
                  10            0.251833            0.251474         0.000341771
                  11             0.25066              0.2514         0.000317889
                  12            0.249908            0.251276         0.000315692
                  13            0.250145            0.251189         0.000303151
                  14            0.252279            0.251267         0.000291264
                  15            0.249662             0.25116         0.000291482
                  16            0.252248            0.251228         0.000281017
                  17            0.249763            0.251141         0.000277683
                  18            0.249207            0.251034         0.000282997
                  19            0.252657            0.251119         0.000280985
                  20            0.250334             0.25108          0.00026944
                  21             0.25471            0.251253         0.000309139
                  22            0.252067             0.25129         0.000297067
                  23            0.249432            0.251209         0.000295128
                  24            0.251465             0.25122         0.000282764
                  25            0.250983             0.25121         0.000271383
                  26            0.251315            0.251214         0.000260768
                  27            0.251483            0.251224          0.00025112
                  28            0.249409             0.25116         0.000250521
                  29            0.251149            0.251159         0.000241728
                  30            0.248916            0.251084         0.000245206
                  31            0.250751            0.251074         0.000237408
                  32            0.251594             0.25109         0.000230443
                  33            0.249502            0.251042         0.000228473
                  34            0.252528            0.251086         0.000225919
                  35            0.250648            0.251073         0.000219724
                  36            0.248928            0.251013          0.00022169
                  37            0.251027            0.251014         0.000215616
                  38            0.250618            0.251003         0.000210123
                  39            0.251466            0.251015         0.000205007
                  40            0.252344            0.251048         0.000202558
                  41            0.249379            0.251008         0.000201711
                  42            0.251175            0.251012          0.00019689
                  43            0.251161            0.251015         0.000192288
                  44            0.251776            0.251032          0.00018866
                  45            0.252362            0.251062         0.000186771
                  46            0.251887             0.25108         0.000183545
                  47            0.249864            0.251054          0.00018145
                  48            0.251966            0.251073         0.000178642
                  49            0.251094            0.251074         0.000174959
                  50            0.250309            0.251058         0.000172105
