                   1           -0.528468           -0.528468                   0
                   2           -0.528606           -0.528537            6.92e-05
                   3           -0.527994           -0.528356         0.000185292
                   4           -0.528627           -0.528424         0.000147494
                   5           -0.528706            -0.52848         0.000127376
                   6           -0.529616            -0.52867         0.000215971
                   7           -0.528546           -0.528652         0.000183386
                   8           -0.528536           -0.528637         0.000159476
                   9           -0.530056           -0.528795         0.000211248
                  10           -0.527962           -0.528712          0.00020651
                  11            -0.52813           -0.528659         0.000194146
                  12           -0.528611           -0.528655         0.000177275
                  13           -0.528482           -0.528642         0.000163607
                  14           -0.528101           -0.528603         0.000156318
                  15           -0.529604            -0.52867         0.000160098
                  16           -0.529391           -0.528715         0.000156401
                  17           -0.528258           -0.528688         0.000149345
                  18           -0.528354           -0.528669         0.000142018
                  19           -0.528708           -0.528671         0.000134351
                  20           -0.529148           -0.528695         0.000129665
                  21           -0.527191           -0.528624         0.000142623
                  22            -0.52845           -0.528616         0.000136213
                  23           -0.529446           -0.528652         0.000135074
                  24           -0.528994           -0.528666         0.000130109
                  25           -0.530161           -0.528726         0.000138378
                  26           -0.529891           -0.528771           0.0001403
                  27           -0.527927           -0.528739         0.000138572
                  28           -0.528011           -0.528713         0.000136041
                  29            -0.52948            -0.52874         0.000133901
                  30           -0.528342           -0.528727          0.00013004
                  31           -0.528539           -0.528721         0.000125921
                  32           -0.527955           -0.528697         0.000124246
                  33           -0.527962           -0.528674         0.000122465
                  34           -0.529258           -0.528692         0.000120044
                  35           -0.528122           -0.528675         0.000117695
                  36           -0.529225           -0.528691         0.000115393
                  37           -0.528214           -0.528678         0.000112969
                  38           -0.527832           -0.528655         0.000112186
                  39           -0.528862           -0.528661           0.0001094
                  40           -0.528189           -0.528649         0.000107281
                  41           -0.528358           -0.528642         0.000104871
                  42            -0.52899            -0.52865          0.00010268
                  43           -0.527851           -0.528632          0.00010197
                  44           -0.528883           -0.528637         9.97898e-05
                  45           -0.529243           -0.528651          9.8472e-05
                  46            -0.52852           -0.528648         9.63495e-05
                  47           -0.529318           -0.528662         9.53505e-05
                  48           -0.528618           -0.528661         9.33473e-05
                  49           -0.528489           -0.528658         9.14901e-05
                  50           -0.528143           -0.528647         9.02304e-05
