                   1            0.249738            0.249738                   0
                   2            0.250475            0.250107         0.000368762
                   3            0.248987            0.249733         0.000429684
                   4            0.250352            0.249888         0.000340906
                   5            0.248245            0.249559         0.000421643
                   6            0.248536            0.249389         0.000384195
                   7             0.25083            0.249595         0.000384482
                   8            0.249307            0.249559         0.000334906
                   9            0.249126            0.249511         0.000299248
                  10            0.249805             0.24954         0.000269274
                  11             0.24911            0.249501         0.000246689
                  12             0.24789            0.249367         0.000262191
                  13            0.249712            0.249393         0.000242635
                  14            0.250566            0.249477         0.000239752
                  15             0.24944            0.249475          0.00022321
                  16            0.249902            0.249501         0.000210498
                  17            0.248089            0.249418         0.000214473
                  18            0.247745            0.249325         0.000222559
                  19            0.250533            0.249389         0.000219899
                  20              0.2487            0.249354         0.000211436
                  21            0.252719            0.249515         0.000257138
                  22            0.250713            0.249569          0.00025115
                  23            0.246592             0.24944         0.000272658
                  24            0.249242            0.249431         0.000261179
                  25            0.248632            0.249399         0.000252547
                  26            0.250055            0.249425         0.000243947
                  27            0.251001            0.249483         0.000241888
                  28            0.247954            0.249428         0.000239403
                  29            0.248092            0.249382         0.000235555
                  30            0.246845            0.249298         0.000242778
                  31            0.250024            0.249321         0.000235981
                  32            0.249433            0.249325         0.000228514
                  33            0.247739            0.249277         0.000226632
                  34            0.250822            0.249322         0.000224514
                  35            0.248279            0.249292         0.000220031
                  36            0.247456            0.249241         0.000219834
                  37            0.249756            0.249255         0.000214262
                  38            0.249177            0.249253         0.000208558
                  39            0.249424            0.249258         0.000203187
                  40            0.249758             0.24927         0.000198436
                  41            0.247789            0.249234         0.000196878
                  42            0.249227            0.249234         0.000192133
                  43            0.248988            0.249228         0.000187699
                  44            0.250117            0.249248         0.000184494
                  45            0.250084            0.249267         0.000181301
                  46            0.249474            0.249271         0.000177373
                  47            0.248144            0.249247         0.000175207
                  48            0.249286            0.249248          0.00017152
                  49             0.24897            0.249242         0.000168079
                  50            0.248611             0.24923         0.000165166
