                   1              1.9528              1.9528                   0
                   2             1.91688             1.93484           0.0179584
                   3             1.95501             1.94156           0.0123581
                   4             1.95907             1.94594          0.00977265
                   5              1.9807             1.95289            0.010278
                   6             1.96889             1.95556          0.00880526
                   7             1.94441             1.95396          0.00761039
                   8             1.93487             1.95158          0.00700976
                   9             1.95866             1.95236           0.0062319
                  10             1.94129             1.95126          0.00568295
                  11             1.93732             1.94999          0.00529434
                  12             1.97996             1.95249          0.00544008
                  13             1.92152              1.9501          0.00554228
                  14             1.91526             1.94762          0.00570307
                  15             1.92295             1.94597          0.00555799
                  16             1.96355             1.94707          0.00531384
                  17             1.94689             1.94706          0.00499149
                  18             1.91637             1.94535          0.00500542
                  19             1.97291              1.9468          0.00495185
                  20             1.94746             1.94684          0.00469785
                  21             1.94481             1.94674          0.00446959
                  22             1.91734              1.9454          0.00446622
                  23             1.97013             1.94648          0.00440094
                  24             1.94947              1.9466          0.00421542
                  25             1.96512             1.94734          0.00411057
                  26             1.96985             1.94821          0.00404307
                  27             1.96124             1.94869          0.00392025
                  28             1.96573              1.9493          0.00382633
                  29             1.94161             1.94904          0.00370155
                  30               1.909              1.9477           0.0038169
                  31             1.96667             1.94831          0.00374207
                  32             1.95367             1.94848          0.00362711
                  33             1.93298             1.94801          0.00354673
                  34             1.94866             1.94803          0.00344089
                  35             1.97394             1.94877          0.00342216
                  36             1.94745             1.94873          0.00332595
                  37             1.94653             1.94867          0.00323536
                  38             1.90309             1.94747           0.0033698
                  39             1.95659             1.94771          0.00329056
                  40             1.95748             1.94795          0.00321653
                  41             1.94043             1.94777          0.00314246
                  42             1.93244              1.9474          0.00308837
                  43             1.93286             1.94707           0.0030346
                  44              1.9674             1.94753          0.00300065
                  45             1.94398             1.94745          0.00293427
                  46             1.93137              1.9471          0.00289097
                  47             1.95492             1.94727          0.00283368
                  48             1.95434             1.94741          0.00277793
                  49             1.93322             1.94712          0.00273603
                  50             1.94212             1.94702          0.00268262
