                   1             1.92968             1.92968                   0
                   2             1.88356             1.90662           0.0230588
                   3             1.93267              1.9153            0.015895
                   4             1.91557             1.91537           0.0112396
                   5             1.92618             1.91753          0.00897087
                   6             1.93044             1.91968          0.00763386
                   7             1.91002              1.9183          0.00659788
                   8             1.89568             1.91547          0.00637548
                   9             1.91961             1.91593          0.00564138
                  10             1.91822             1.91616          0.00505098
                  11              1.8964             1.91436          0.00490939
                  12              1.9301             1.91568          0.00466955
                  13             1.89677             1.91422          0.00453492
                  14              1.8665             1.91081          0.00540817
                  15              1.8934             1.90965          0.00516679
                  16             1.90499             1.90936          0.00484187
                  17             1.91549             1.90972          0.00456239
                  18             1.88084             1.90812          0.00459103
                  19             1.93509             1.90954          0.00456889
                  20              1.9061             1.90936          0.00433783
                  21             1.90855             1.90933          0.00412629
                  22             1.89226             1.90855          0.00400998
                  23             1.92297             1.90918          0.00388262
                  24             1.91479             1.90941          0.00372469
                  25             1.92364             1.90998          0.00361766
                  26             1.92497             1.91056          0.00352321
                  27             1.93015             1.91128          0.00346697
                  28             1.92347             1.91172          0.00336908
                  29             1.88424             1.91077          0.00338606
                  30             1.89019             1.91008          0.00334238
                  31              1.9314             1.91077          0.00330507
                  32             1.91273             1.91083           0.0032007
                  33             1.89613             1.91039          0.00313401
                  34              1.8902             1.90979          0.00309789
                  35             1.92578             1.91025          0.00304257
                  36             1.91889             1.91049          0.00296657
                  37             1.90066             1.91022           0.0028975
                  38             1.87563             1.90931          0.00296353
                  39             1.91694             1.90951          0.00289316
                  40             1.91884             1.90974          0.00282953
                  41             1.89706             1.90943          0.00277695
                  42             1.88507             1.90885          0.00277141
                  43             1.88743             1.90836          0.00275168
                  44             1.91116             1.90842          0.00268917
                  45             1.91071             1.90847          0.00262922
                  46             1.89929             1.90827          0.00257916
                  47              1.9229             1.90858          0.00254282
                  48             1.91846             1.90879          0.00249779
                  49             1.89526             1.90851          0.00246181
                  50             1.89316              1.9082          0.00243154
