                   1           -0.529495           -0.529495                   0
                   2           -0.529513           -0.529504           9.004e-06
                   3           -0.529177           -0.529395         0.000109104
                   4           -0.529738           -0.529481          0.00011528
                   5           -0.530201           -0.529625         0.000169396
                   6           -0.530729           -0.529809         0.000230178
                   7           -0.529637           -0.529784         0.000196084
                   8            -0.53007            -0.52982         0.000173531
                   9           -0.531093           -0.529962         0.000208421
                  10           -0.528954           -0.529861         0.000211881
                  11           -0.529167           -0.529798         0.000201769
                  12           -0.529965           -0.529812         0.000184717
                  13           -0.529267            -0.52977         0.000174999
                  14           -0.529723           -0.529766         0.000162053
                  15           -0.530798           -0.529835         0.000165793
                  16           -0.530771           -0.529894         0.000165747
                  17           -0.529361           -0.529862         0.000158819
                  18           -0.529365           -0.529835         0.000152263
                  19            -0.52987           -0.529837         0.000144039
                  20           -0.530303            -0.52986         0.000138626
                  21           -0.528719           -0.529806         0.000142611
                  22           -0.529205           -0.529778         0.000138688
                  23           -0.530898           -0.529827         0.000141184
                  24           -0.530181           -0.529842         0.000135974
                  25           -0.531098           -0.529892         0.000139766
                  26           -0.531294           -0.529946         0.000144708
                  27           -0.529024           -0.529912         0.000143375
                  28           -0.529382           -0.529893         0.000139448
                  29           -0.530528           -0.529915         0.000136323
                  30           -0.529339           -0.529896         0.000133093
                  31           -0.529899           -0.529896         0.000128728
                  32           -0.529447           -0.529882         0.000125426
                  33           -0.529276           -0.529863         0.000122943
                  34           -0.530685           -0.529887         0.000121698
                  35           -0.529335           -0.529872         0.000119218
                  36           -0.530575           -0.529891         0.000117496
                  37           -0.529759           -0.529888         0.000114332
                  38           -0.528839            -0.52986          0.00011465
                  39           -0.530223           -0.529869          0.00011206
                  40           -0.529437           -0.529859         0.000109755
                  41           -0.530144           -0.529866          0.00010727
                  42            -0.53053           -0.529881         0.000105875
                  43           -0.529402            -0.52987         0.000103982
                  44           -0.530319            -0.52988         0.000102101
                  45           -0.530355           -0.529891         0.000100362
                  46           -0.529989           -0.529893         9.81787e-05
                  47           -0.530437           -0.529905         9.67611e-05
                  48           -0.529715           -0.529901         9.48059e-05
                  49            -0.52954           -0.529893         9.31416e-05
                  50           -0.529679           -0.529889         9.13602e-05
