                   1             0.00133             0.00133                   0
                   2          -0.0026484          -0.0006592           0.0019892
                   3          -0.0039776         -0.00176533          0.00159452
                   4          -0.0004912          -0.0014468          0.00117163
                   5           0.0049552          -0.0001664          0.00156941
                   6            -3.8e-05           -0.000145           0.0012816
                   7           -0.003882        -0.000678857          0.00120756
                   8           0.0008684         -0.00048545          0.00106352
                   9          -0.0033136        -0.000799689         0.000989173
                  10          -0.0044428           -0.001164         0.000956814
                  11           0.0006192         -0.00100189         0.000880522
                  12           0.0015184        -0.000791867         0.000830789
                  13          -0.0064148          -0.0012244         0.000878128
                  14           0.0028264        -0.000935057         0.000862943
                  15           0.0006024         -0.00083256         0.000809868
                  16          -0.0007204         -0.00082555         0.000757595
                  17           0.0005072        -0.000747153         0.000715941
                  18           -0.001956        -0.000814311         0.000678329
                  19            0.000904        -0.000723874         0.000647977
                  20          -0.0001952         -0.00069744         0.000615293
                  21          -0.0001316        -0.000670495          0.00058588
                  22          -0.0009024        -0.000681036         0.000558714
                  23           0.0032468        -0.000510261         0.000560519
                  24          -0.0028368          -0.0006072         0.000545341
                  25           0.0003232        -0.000569984         0.000524395
                  26           0.0042552          -0.0003844         0.000536916
                  27          -0.0032816        -0.000491704         0.000527673
                  28           0.0002844        -0.000463986         0.000509233
                  29          -0.0008944        -0.000478828         0.000491584
                  30          -0.0012808         -0.00050556         0.000475667
                  31          -0.0026252        -0.000573935          0.00046512
                  32          -0.0006572        -0.000576538         0.000450358
                  33           0.0010604        -0.000526933         0.000439307
                  34           0.0055424        -0.000348424         0.000462065
                  35           -0.001176        -0.000372069         0.000449292
                  36           -0.001024        -0.000390178         0.000437008
                  37           0.0035208        -0.000284476          0.00043798
                  38          -0.0034768        -0.000368484         0.000434497
                  39           0.0046068        -0.000240913         0.000442019
                  40            3.04e-05         -0.00023413          0.00043088
                  41           0.0002376        -0.000222624         0.000420397
                  42           0.0057508           -8.04e-05         0.000434218
                  43           0.0018996        -3.43535e-05         0.000426493
                  44             0.00434         6.50636e-05         0.000428383
                  45           -0.002246         1.37067e-05         0.000421893
                  46            0.000836         3.15826e-05         0.000413006
                  47           0.0002212          3.5617e-05         0.000404143
                  48          -0.0029664         -2.6925e-05         0.000400547
                  49          -0.0015336        -5.76735e-05         0.000393491
                  50           0.0009008         -3.8504e-05         0.000386017
