                   1            -1.00215            -1.00215                   0
                   2            -1.00318            -1.00266         0.000517312
                   3             -1.0015            -1.00228         0.000488707
                   4            -1.00704            -1.00347          0.00124015
                   5            -1.00275            -1.00332         0.000971264
                   6            -1.00403            -1.00344         0.000801682
                   7            -1.00119            -1.00312         0.000750206
                   8            -1.00224            -1.00301         0.000659013
                   9            -1.00274            -1.00298          0.00058194
                  10             -1.0039            -1.00307          0.00052859
                  11            -1.00352            -1.00311         0.000479826
                  12           -0.999619            -1.00282         0.000525937
                  13            -1.00422            -1.00293         0.000495573
                  14            -1.00572            -1.00313         0.000500214
                  15            -1.00546            -1.00328         0.000490924
                  16            -1.00271            -1.00325         0.000460623
                  17            -1.00359            -1.00327         0.000433141
                  18            -1.00027             -1.0031         0.000440962
                  19            -1.00336            -1.00311         0.000417331
                  20            -1.00157            -1.00304         0.000403338
                  21            -1.00035            -1.00291          0.00040444
                  22            -1.00214            -1.00287         0.000387202
                  23             -1.0069            -1.00305         0.000409224
                  24            -1.00361            -1.00307         0.000392505
                  25            -1.00526            -1.00316         0.000386509
                  26            -1.00341            -1.00317         0.000371468
                  27            -1.00209            -1.00313         0.000359674
                  28            -1.00588            -1.00323         0.000360218
                  29            -1.00304            -1.00322         0.000347637
                  30            -1.00284            -1.00321          0.00033609
                  31             -1.0055            -1.00328         0.000333345
                  32            -1.00232            -1.00325          0.00032417
                  33            -1.00474             -1.0033         0.000317418
                  34            -1.00479            -1.00334         0.000311059
                  35            -1.00294            -1.00333         0.000302256
                  36            -1.00251            -1.00331         0.000294623
                  37            -1.00352            -1.00331         0.000286608
                  38            -1.00274             -1.0033         0.000279366
                  39            -1.00192            -1.00326         0.000274404
                  40            -1.00483             -1.0033         0.000270317
                  41            -1.00239            -1.00328         0.000264573
                  42            -1.00225            -1.00326         0.000259366
                  43            -1.00627            -1.00333          0.00026279
                  44            -1.00564            -1.00338         0.000262063
                  45             -1.0087             -1.0035         0.000282133
                  46             -1.0025            -1.00347         0.000276786
                  47            -1.00289            -1.00346         0.000271116
                  48            -1.00679            -1.00353         0.000274297
                  49            -1.00022            -1.00346         0.000276995
                  50            -1.00674            -1.00353         0.000279193
