                   1              77.992              77.992                   0
                   2             75.6372             76.8146             1.17739
                   3             81.8615             78.4969             1.81444
                   4             80.3612              78.963             1.36504
                   5             75.7335             78.3171             1.23903
                   6             81.9635             78.9248             1.18017
                   7             82.4913             79.4343             1.12003
                   8             78.6309             79.3339            0.975156
                   9             77.6193             79.1434            0.880855
                  10             79.0751             79.1366             0.78789
                  11             78.1276             79.0448            0.718552
                  12             78.4537             78.9956            0.657793
                  13             81.2414             79.1683            0.629259
                  14             81.7822              79.355            0.611767
                  15             81.4983             79.4979            0.587175
                  16             77.1981             79.3542            0.567749
                  17              78.643             79.3123            0.534945
                  18             77.7233             79.2241            0.512019
                  19              78.935             79.2089             0.48456
                  20             78.8161             79.1892            0.460113
                  21             79.9617              79.226            0.439198
                  22             80.8714             79.3008            0.425385
                  23             78.1389             79.2503            0.409597
                  24             82.8718             79.4012            0.420189
                  25              81.537             79.4866            0.411986
                  26              80.028             79.5074            0.396371
                  27             78.2249             79.4599            0.384355
                  28             81.2532              79.524             0.37587
                  29             82.4374             79.6244            0.376335
                  30              77.846             79.5652            0.368376
                  31             74.6007              79.405             0.39063
                  32             82.0242             79.4869            0.386981
                  33             83.1313             79.5973            0.390992
                  34             79.8093             79.6035            0.379369
                  35             77.0033             79.5292            0.375788
                  36             77.9411             79.4851            0.367855
                  37             77.9295             79.4431            0.360237
                  38             76.1689             79.3569             0.36106
                  39             81.7396              79.418            0.356947
                  40              82.317             79.4905            0.355378
                  41             79.4253             79.4889            0.346605
                  42             77.9303             79.4518            0.340282
                  43             76.1647             79.3753            0.340954
                  44             82.2651              79.441            0.339528
                  45             79.9583             79.4525            0.332096
                  46             80.0956             79.4665            0.325097
                  47             81.2181             79.5038            0.320281
                  48             79.2133             79.4977            0.313595
                  49             76.4623             79.4358            0.313314
                  50             80.6238             79.4595            0.307902
