                   1            0.846967            0.846967                   0
                   2            0.909618            0.878292           0.0313256
                   3            0.803849            0.853478           0.0307059
                   4            0.942178            0.875653           0.0310348
                   5             0.89159             0.87884           0.0242498
                   6            0.869184            0.877231           0.0198652
                   7            0.867653            0.875863           0.0168448
                   8            0.860513            0.873944           0.0147137
                   9             0.85259            0.871571           0.0131914
                  10             0.89302            0.873716           0.0119921
                  11            0.894518            0.875607           0.0110109
                  12            0.827559            0.871603           0.0108196
                  13            0.911972            0.874709           0.0104258
                  14            0.900889            0.876579          0.00983192
                  15            0.910409            0.878834           0.0094268
                  16            0.881607            0.879007          0.00881966
                  17            0.894036            0.879891          0.00833166
                  18            0.849716            0.878215          0.00803206
                  19            0.911512            0.879967          0.00779707
                  20            0.842553            0.878097          0.00762983
                  21            0.791531            0.873974          0.00834641
                  22            0.824641            0.871732          0.00826789
                  23            0.915788            0.873648          0.00812914
                  24            0.880854            0.873948          0.00778885
                  25            0.906694            0.875258          0.00758476
                  26            0.905591            0.876424             0.00738
                  27            0.875971            0.876408          0.00710143
                  28            0.931705            0.878382          0.00712239
                  29            0.871342             0.87814          0.00687669
                  30            0.882204            0.878275           0.0066449
                  31            0.926001            0.879815          0.00660879
                  32            0.816544            0.877837          0.00669744
                  33             0.88158            0.877951          0.00649231
                  34            0.899858            0.878595          0.00633133
                  35            0.888878            0.878889          0.00615479
                  36            0.890642            0.879215          0.00599029
                  37            0.887996            0.879453          0.00583097
                  38             0.89285            0.879805          0.00568639
                  39            0.870775            0.879574           0.0055435
                  40            0.899192            0.880064          0.00542535
                  41            0.843297            0.879167          0.00536683
                  42            0.890501            0.879437          0.00524443
                  43            0.938803            0.880818          0.00530386
                  44            0.920152            0.881712          0.00525845
                  45            0.960359             0.88346          0.00542926
                  46            0.851987            0.882775          0.00535382
                  47            0.890284            0.882935          0.00524111
                  48             0.94409            0.884209          0.00528658
                  49            0.858748             0.88369          0.00520358
                  50            0.937247            0.884761          0.00520975
