                   1            0.124586            0.124586                   0
                   2            -0.11573            0.004428            0.120158
                   3           -0.165207          -0.0521169           0.0894985
                   4            0.250449           0.0235245           0.0986236
                   5          -0.0320012           0.0124194           0.0771965
                   6            0.278604           0.0567835           0.0770781
                   7           -0.213619           0.0181546            0.075735
                   8          -0.0081976           0.0148605           0.0656711
                   9          -0.0983084          0.00228622           0.0592658
                  10             0.24074           0.0261316           0.0581253
                  11          -0.0873728           0.0158131           0.0535793
                  12           0.0756372           0.0207984           0.0491644
                  13           -0.017426           0.0178581           0.0453201
                  14            0.442006           0.0481543           0.0517529
                  15            0.140091           0.0542834           0.0485676
                  16           -0.146395            0.041741           0.0471304
                  17           -0.250968           0.0245229           0.0475017
                  18          -0.0965588           0.0177961           0.0452874
                  19           0.0903972           0.0216172           0.0430077
                  20            -0.05243           0.0179149           0.0409683
                  21          -0.0917492           0.0126928            0.039317
                  22            0.175586            0.020097           0.0382115
                  23            0.146489           0.0255923           0.0369236
                  24           0.0085128           0.0248807           0.0353588
                  25           -0.145945           0.0180476           0.0345965
                  26           0.0625092           0.0197577           0.0332832
                  27           -0.102085            0.015245           0.0323431
                  28            0.140859           0.0197312           0.0314878
                  29           -0.230121           0.0111157           0.0315806
                  30            0.164496           0.0162283           0.0309351
                  31            -0.13389           0.0113858           0.0303099
                  32           -0.116678           0.0073838           0.0296191
                  33           -0.060856          0.00531593           0.0287819
                  34             0.01576          0.00562311           0.0279242
                  35           -0.138808           0.0014965           0.0274269
                  36           0.0928572           0.0040343           0.0267747
                  37             0.18956          0.00904852           0.0265193
                  38            0.111702           0.0117499            0.025953
                  39            0.192898           0.0163947            0.025702
                  40          -0.0378408           0.0150388           0.0250878
                  41            0.060536           0.0161485           0.0244934
                  42            -0.02231           0.0152328           0.0239207
                  43           0.0589152           0.0162487           0.0233798
                  44            0.048674           0.0169857           0.0228542
                  45          -0.0152824           0.0162686           0.0223521
                  46            0.076652           0.0175813           0.0219001
                  47          -0.0883448           0.0153275           0.0215473
                  48           -0.132925           0.0122389           0.0213185
                  49            0.118326            0.014404           0.0209909
                  50            0.169832           0.0175125           0.0208004
