                   1            0.338975            0.338975                   0
                   2            0.355416            0.347195          0.00822023
                   3            0.305394            0.333262           0.0147197
                   4            0.324025            0.330953           0.0106615
                   5            0.360024            0.336767           0.0100998
                   6            0.312363              0.3327          0.00919494
                   7            0.290756            0.326708          0.00981294
                   8             0.33848            0.328179          0.00862471
                   9            0.339646            0.329453          0.00771226
                  10            0.330756            0.329584          0.00689929
                  11             0.33245            0.329844          0.00624608
                  12            0.337763            0.330504          0.00573992
                  13            0.316058            0.329393          0.00539563
                  14            0.312086            0.328157          0.00514608
                  15            0.315737            0.327329          0.00486176
                  16            0.337696            0.327977          0.00459369
                  17            0.331727            0.328197          0.00432065
                  18            0.337472            0.328712          0.00410601
                  19             0.32535            0.328536          0.00388793
                  20            0.328277            0.328523          0.00368844
                  21            0.315462            0.327901           0.0035631
                  22            0.311303            0.327146          0.00348005
                  23            0.345468            0.327943          0.00341939
                  24            0.297135            0.326659          0.00351648
                  25            0.300134            0.325598          0.00353584
                  26            0.315048            0.325192          0.00342127
                  27            0.336232            0.325601          0.00331741
                  28            0.311936            0.325113          0.00323378
                  29            0.304504            0.324403          0.00320019
                  30            0.327438            0.324504          0.00309333
                  31            0.358331            0.325595          0.00318466
                  32            0.301435             0.32484          0.00317462
                  33            0.302687            0.324169          0.00314929
                  34            0.322475            0.324119          0.00305567
                  35            0.336687            0.324478          0.00298873
                  36            0.338513            0.324868          0.00293057
                  37            0.330292            0.325014          0.00285404
                  38            0.357239            0.325862          0.00290447
                  39            0.297291             0.32513          0.00292233
                  40            0.286659            0.324168          0.00300633
                  41            0.317589            0.324008          0.00293648
                  42            0.353034            0.324699          0.00294787
                  43            0.353831            0.325376          0.00295715
                  44            0.297135            0.324734           0.0029596
                  45            0.319181            0.324611          0.00289571
                  46            0.318541            0.324479          0.00283513
                  47            0.311962            0.324213          0.00278691
                  48            0.328851            0.324309          0.00272994
                  49            0.352244            0.324879          0.00273375
                  50            0.333091            0.325044          0.00268355
