                   1              0.2805              0.2805                   0
                   2            0.267348            0.273924          0.00657625
                   3            0.277618            0.275155          0.00399153
                   4            0.217006            0.260618           0.0148087
                   5            0.278032            0.264101           0.0119879
                   6            0.256418             0.26282          0.00987147
                   7            0.297871            0.267828          0.00973021
                   8            0.270126            0.268115           0.0084315
                   9            0.274043            0.268774            0.007465
                  10            0.261018            0.267998          0.00672178
                  11            0.262284            0.267479          0.00610223
                  12            0.314373            0.271386           0.0068046
                  13            0.257717            0.270335          0.00634702
                  14             0.23279            0.267653          0.00645924
                  15            0.228175            0.265021          0.00656397
                  16            0.281055            0.266023          0.00622127
                  17            0.268122            0.266147          0.00584517
                  18            0.313274            0.268765           0.0061012
                  19             0.27486            0.269086          0.00578006
                  20            0.284015            0.269832          0.00553402
                  21            0.291503            0.270864          0.00536411
                  22            0.271914            0.270912           0.0051147
                  23            0.221406            0.268759          0.00534025
                  24            0.253847            0.268138          0.00515052
                  25            0.244713            0.267201          0.00502829
                  26            0.273589            0.267447          0.00483726
                  27            0.289262            0.268255          0.00472427
                  28            0.232805            0.266989           0.0047252
                  29            0.266721            0.266979          0.00455936
                  30            0.270243            0.267088           0.0044061
                  31            0.233323            0.265999          0.00439859
                  32            0.260461            0.265826          0.00426243
                  33            0.236403            0.264934          0.00422637
                  34            0.233523            0.264011          0.00420297
                  35            0.266785             0.26409          0.00408189
                  36            0.269858             0.26425          0.00397012
                  37            0.256584            0.264043          0.00386688
                  38            0.287873             0.26467          0.00381563
                  39            0.290431             0.26533          0.00377475
                  40            0.245094            0.264825          0.00371379
                  41            0.270675            0.264967          0.00362489
                  42            0.279999            0.265325          0.00355559
                  43            0.223769            0.264359          0.00360391
                  44            0.231976            0.263623          0.00359714
                  45            0.195612            0.262111          0.00382734
                  46            0.267226            0.262223          0.00374486
                  47            0.278888            0.262577          0.00368144
                  48            0.219648            0.261683          0.00371324
                  49            0.306911            0.262606          0.00375198
                  50            0.215178            0.261657          0.00379658
