                   1             89.7255             89.7255                   0
                   2             89.8667             89.7961           0.0706224
                   3             90.3338             89.9754            0.183819
                   4             92.6004             90.6316            0.669008
                   5              89.477             90.4007            0.567337
                   6             91.2379             90.5402            0.483789
                   7             87.8671             90.1583            0.559475
                   8              89.788             90.1121            0.486725
                   9             90.5954             90.1658            0.432598
                  10             90.5726             90.2064            0.389061
                  11             89.9685             90.1848            0.352583
                  12             87.9454             89.9982             0.37205
                  13             90.7773             90.0581            0.347445
                  14             92.3804              90.224            0.361922
                  15             92.1167             90.3502            0.359783
                  16             89.6249             90.3049            0.339586
                  17             90.4369             90.3126             0.31908
                  18             88.1236              90.191            0.324482
                  19             89.8376             90.1724            0.307493
                  20             89.1877             90.1232            0.295839
                  21             89.2717             90.0826            0.284305
                  22             90.1261             90.0846            0.271081
                  23             92.9594             90.2096            0.287608
                  24             90.5877             90.2254            0.275814
                  25             91.4537             90.2745            0.269076
                  26             89.6847             90.2518            0.259513
                  27             89.5002              90.224            0.251263
                  28             91.5864             90.2726            0.246964
                  29             90.2557              90.272            0.238297
                  30              89.817             90.2569            0.230716
                  31             91.2393             90.2886            0.225388
                  32             90.6384             90.2995            0.218505
                  33             91.6657             90.3409            0.215789
                  34             91.4239             90.3728            0.211755
                  35             89.7383             90.3546            0.206413
                  36              89.735             90.3374            0.201335
                  37             90.2527             90.3351            0.195831
                  38             89.8429             90.3222            0.191048
                  39             88.8862             90.2853            0.189692
                  40             90.6793             90.2952            0.185151
                  41             90.0148             90.2884            0.180708
                  42             89.4231             90.2678            0.177553
                  43             91.8785             90.3052            0.177375
                  44             91.3561             90.3291            0.174935
                  45             94.2079             90.4153            0.191498
                  46             89.7338             90.4005            0.187874
                  47             90.1882              90.396            0.183889
                  48             92.5234             90.4403            0.185393
                  49             87.3295             90.3768            0.192348
                  50             92.4686             90.4186             0.19305
