                   1           -0.973183           -0.973183                   0
                   2           -0.970689           -0.971936           0.0012472
                   3           -0.976794           -0.973555          0.00177234
                   4           -0.975524           -0.974048           0.0013464
                   5           -0.970742           -0.973387          0.00123476
                   6           -0.976494           -0.973904           0.0011334
                   7           -0.978121           -0.974507          0.00113154
                   8           -0.973282           -0.974354         0.000991835
                   9           -0.972402           -0.974137         0.000901205
                  10           -0.974261           -0.974149         0.000806157
                  11           -0.973061            -0.97405         0.000735878
                  12           -0.973397           -0.973996         0.000673965
                  13           -0.976356           -0.974177         0.000645996
                  14           -0.976797           -0.974364         0.000626661
                  15           -0.976256           -0.974491         0.000596864
                  16           -0.972423           -0.974361         0.000573071
                  17            -0.97403           -0.974342         0.000538658
                  18           -0.972782           -0.974255         0.000515188
                  19           -0.974586           -0.974273          0.00048763
                  20           -0.974138           -0.974266         0.000462655
                  21           -0.974899           -0.974296         0.000441105
                  22           -0.976134            -0.97438         0.000428798
                  23           -0.973267           -0.974331         0.000412575
                  24           -0.977878           -0.974479         0.000421755
                  25           -0.976948           -0.974578         0.000416414
                  26           -0.975638           -0.974619         0.000402149
                  27           -0.972978           -0.974558         0.000391707
                  28           -0.976508           -0.974627          0.00038383
                  29            -0.97687           -0.974705         0.000378343
                  30           -0.973191           -0.974654         0.000368979
                  31           -0.969796           -0.974498         0.000389773
                  32           -0.977024           -0.974577         0.000385566
                  33           -0.978064           -0.974682         0.000388355
                  34           -0.974861           -0.974687         0.000376796
                  35           -0.972181           -0.974616         0.000372816
                  36           -0.972864           -0.974567         0.000365566
                  37             -0.9733           -0.974533         0.000357194
                  38           -0.970735           -0.974433         0.000361747
                  39           -0.977673           -0.974516         0.000362009
                  40           -0.977879             -0.9746         0.000362722
                  41           -0.974882           -0.974607         0.000353831
                  42           -0.972788           -0.974564         0.000348009
                  43           -0.970995           -0.974481         0.000349806
                  44           -0.977491           -0.974549         0.000348545
                  45            -0.97538           -0.974568         0.000341212
                  46           -0.975342           -0.974584         0.000334136
                  47           -0.976004           -0.974615         0.000328342
                  48           -0.974267           -0.974607          0.00032151
                  49           -0.971673           -0.974548         0.000320525
                  50           -0.975093           -0.974558         0.000314239
