0
-8.71324
-8.71286
-8.71224
-8.71136
-8.71024
-8.70886
-8.70724
-8.70538
-8.70327
-8.70092
-8.69832
-8.69549
-8.69241
-8.6891
-8.68522
-8.68144
-8.67677
-8.67156
-8.66676
-8.66045
-8.65391
-8.64748
-8.63986
-8.63332
-8.62657
-8.61637
-8.60791
-8.60054
-8.59135
-8.58293
-8.57366
-8.56582
-8.55682
-8.54827
-8.53857
-8.52997
-8.52023
-8.51064
-8.50088
-8.49192
-8.48214
-8.47221
-8.4618
-8.45059
-8.44021
-8.42903
-8.41934
-8.40855
-8.3986
-8.38821
-8.37705
-8.3661
-8.35505
-8.34423
-8.33298
-8.32165
-8.30927
-8.29714
-8.28624
-8.27528
-8.26296
-8.25093
-8.23917
-8.22706
-8.21525
-8.20309
-8.19093
-8.1794
-8.1682
-8.15605
-8.14488
-8.13244
-8.12133
-8.10993
-8.09891
-8.0873
-8.07575
-8.06395
-8.05321
-8.04255
-8.03133
-8.02087
-8.01019
-7.99931
-7.9892
-7.9789
-7.96808
-7.95839
-7.94885
-7.93915
-7.92994
-7.92089
-7.91171
-7.90303
-7.89422
-7.88561
-7.87752
-7.86932
-7.86035
-7.85258
-7.84502
-7.8377
-7.8306
-7.82405
-7.8171
-7.81135
-7.80552
-7.79929
-7.79395
-7.78886
-7.78401
-7.7791
-7.77508
-7.77098
-7.76714
-7.7629
-7.75924
-7.75582
-7.75266
-7.75006
-7.74772
-7.74561
-7.74342
-7.7418
-7.73976
-7.73828
-7.73704
-7.73634
-7.73554
-7.73496
-7.73492
-7.73444
-7.73481
-7.73539
-7.73616
-7.73745
-7.73827
-7.7396
-7.74111
-7.7431
-7.74494
-7.74726
-7.74941
-7.75235
-7.75447
-7.75671
-7.75941
-7.76191
-7.76485
-7.7679
-7.77137
-7.77462
-7.77829
-7.78172
-7.78555
-7.78849
-7.79182
-7.79489
-7.79898
-7.8028
-7.80667
-7.81058
-7.81452
-7.81849
-7.82216
-7.82617
-7.82987
-7.8339
-7.83794
-7.84197
-7.84568
-7.84969
-7.85369
-7.85735
-7.86131
-7.8646
-7.86882
-7.87334
-7.87749
-7.88127
-7.88501
-7.8887
-7.89169
-7.89527
-7.8988
-7.90194
-7.90566
-7.909
-7.91161
-7.91513
-7.91793
-7.92098
-7.92396
-7.92653
-7.92934
-7.93207
-7.93473
-7.93729
-7.93977
-7.94249
-7.9448
-7.94605
-7.94819
-7.95024
-7.95252
-7.95439
-7.95617
-7.95818
-7.95946
-7.96129
-7.96272
-7.96372
-7.96497
-7.96613
-7.96719
-7.9685
-7.9694
-7.97053
-7.97158
-7.97222
-7.97278
-7.97326
-7.97333
-7.97397
-7.97421
-7.97437
-7.97446
-7.97479
-7.97473
-7.9746
-7.97375
-7.97316
-7.97218
-7.9721
-7.97132
-7.97144
-7.97086
-7.97055
-7.96986
-7.96911
-7.96767
-7.9665
-7.96528
-7.96434
-7.96369
-7.96267
-7.96161
-7.96051
-7.95971
-7.95822
-7.95703
-7.95614
-7.95489
-7.95362
-7.95298
-7.952
-7.95068
-7.94934
-7.94767
-7.94632
-7.94528
-7.94423
-7.94254
-7.94116
-7.94012
-7.93907
-7.93739
-7.93603
-7.93469
-7.93336
-7.93237
-7.93172
-7.92979
-7.92918
-7.92827
-7.92739
-7.92621
-7.92473
-7.92394
-7.92253
-7.92148
-7.92046
-7.91949
-7.91855
-7.91733
-7.91648
-7.91536
-7.91493
-7.91357
-7.91195
-7.91167
-7.91145
-7.91064
-7.91053
-7.91016
-7.90984
-7.90926
-7.90843
-7.90895
-7.90889
-7.90889
-7.90864
-7.90911
-7.90867
-7.90895
-7.90962
-7.90972
-7.91022
-7.91047
-7.91111
-7.91151
-7.91295
-7.91447
-7.91542
-7.91644
-7.91755
-7.91905
-7.92062
-7.92196
-7.92401
-7.92582
-7.92738
-7.9287
-7.93041
-7.93188
-7.93407
-7.93601
-7.9377
-7.93978
-7.94162
-7.94417
-7.94744
-7.94981
-7.95225
-7.95443
-7.95765
-7.96062
-7.96332
-7.96576
-7.96826
-7.97179
-7.97473
-7.97772
-7.98044
-7.98386
-7.98733
-7.99053
-7.99376
-7.99704
-8.00036
-8.00405
-8.00841
-8.01152
-8.0153
-8.01911
-8.02263
-8.02617
-8.02973
-8.03363
-8.03756
-8.04084
-8.04447
-8.0481
-8.05206
-8.0557
-8.05934
-8.0633
-8.06694
-8.07088
-8.07417
-8.0781
-8.08104
-8.08428
-8.08718
-8.09103
-8.09485
-8.098
-8.10144
-8.10517
-8.10854
-8.11187
-8.11581
-8.11906
-8.12194
-8.12543
-8.12854
-8.13192
-8.13558
-8.1382
-8.14078
-8.14361
-8.14671
-8.15072
-8.15337
-8.15628
-8.15945
-8.16222
-8.16428
-8.16626
-8.16883
-8.17067
-8.17179
-8.1738
-8.17542
-8.17793
-8.18037
-8.18208
-8.18371
-8.18525
-8.1864
-8.18811
-8.18974
-8.19128
-8.19243
-8.19284
-8.1935
-8.19375
-8.19392
-8.19498
-8.19563
-8.19686
-8.19735
-8.19777
-8.19778
-8.19836
-8.19886
-8.19863
-8.19898
-8.19925
-8.19976
-8.19988
-8.19928
-8.19893
-8.19851
-8.1977
-8.19746
-8.19651
-8.19614
-8.19538
-8.19423
-8.19399
-8.19402
-8.19334
-8.1926
-8.1918
-8.1903
-8.18972
-8.18812
-8.18744
-8.18542
-8.18399
-8.18285
-8.18231
-8.18012
-8.17756
-8.17626
-8.1746
-8.17355
-8.1715
-8.17007
-8.16893
-8.1668
-8.16496
-8.1631
-8.16121
-8.15898
-8.15674
-8.15544
-8.15479
-8.15282
-8.15052
-8.14788
-8.14556
-8.14388
-8.14123
-8.14051
-8.13818
-8.13552
-8.13351
-8.1315
-8.1295
-8.12717
-8.12583
-8.12384
-8.12187
-8.11893
-8.11665
-8.11503
-8.11277
-8.11053
-8.10862
-8.10706
-8.10454
-8.10301
-8.10084
-8.09902
-8.09689
-8.09446
-8.09302
-8.09128
-8.08956
-8.08753
-8.08553
-8.08355
-8.08127
-8.07966
-8.07807
-8.0765
-8.07399
-8.07312
-8.07163
-8.07048
-8.06968
-8.06826
-8.06686
-8.06419
-8.06284
-8.06119
-8.05956
-8.05796
-8.05702
-8.05547
-8.05361
-8.05243
-8.05095
-8.04916
-8.0474
-8.04631
-8.04588
-8.04484
-8.04349
-8.04248
-8.04312
-8.04184
-8.0409
-8.04031
-8.03974
-8.03919
-8.03834
-8.03751
-8.03669
-8.03558
-8.03513
-8.03471
-8.0343
-8.03424
-8.03387
-8.03288
-8.03126
-8.03128
-8.03003
-8.02912
-8.02888
-8.02833
-8.02781
-8.0273
-8.02681
-8.02602
-8.02525
-8.02483
-8.0241
-8.02437
-8.024
-8.02366
-8.02367
-8.02337
-8.02342
-8.02284
-8.0226
-8.02272
-8.02253
-8.02204
-8.02157
-8.02145
-8.02135
-8.02128
-8.02058
-8.0212
-8.0212
-8.02089
-8.02029
-8.02036
-8.02013
-8.02025
-8.02071
-8.01959
-8.01978
-8.02032
-8.02057
-8.02116
-8.02145
-8.02242
-8.02309
-8.02281
-8.02353
-8.02362
-8.02407
-8.02486
-8.02503
-8.02554
-8.02608
-8.02632
-8.02691
-8.02655
-8.02686
-8.02752
-8.0282
-8.02825
-8.02865
-8.0294
-8.03017
-8.03128
-8.03209
-8.03291
-8.03408
-8.03495
-8.03583
-8.03705
-8.03796
-8.03922
-8.04016
-8.04112
-8.04145
-8.04244
-8.04376
-8.04509
-8.04611
-8.04681
-8.04785
-8.0489
-8.0493
-8.05004
-8.05175
-8.05314
-8.05454
-8.05529
-8.05636
-8.05744
-8.05852
-8.05959
-8.06066
-8.06205
-8.06312
-8.06418
-8.06426
-8.06498
-8.06602
-8.06738
-8.06937
-8.07038
-8.07106
-8.07237
-8.074
-8.07497
-8.07624
-8.0775
-8.07842
-8.07836
-8.0799
-8.0811
-8.08196
-8.0828
-8.08331
-8.08411
-8.08523
-8.086
-8.08772
-8.0891
-8.08949
-8.09051
-8.0915
-8.09151
-8.09214
-8.0934
-8.09335
-8.09359
-8.09415
-8.09468
-8.09519
-8.09568
-8.09647
-8.09724
-8.09799
-8.0984
-8.09911
-8.09979
-8.09981
-8.10111
-8.10141
-8.10073
-8.10132
-8.10221
-8.10244
-8.10167
-8.10219
-8.103
-8.1038
-8.10394
-8.10438
-8.10415
-8.10423
-8.10462
-8.10499
-8.10502
-8.10601
-8.10569
-8.10534
-8.10531
-8.10526
-8.10487
-8.10479
-8.10437
-8.10393
-8.10413
-8.10399
-8.10383
-8.10367
-8.10446
-8.10491
-8.10503
-8.10513
-8.10458
-8.10368
-8.10375
-8.10381
-8.10385
-8.10388
-8.10293
-8.10326
-8.10294
-8.1026
-8.10193
-8.1006
-8.10056
-8.10018
-8.09883
-8.09908
-8.09803
-8.09762
-8.09688
-8.09742
-8.09634
-8.09655
-8.09577
-8.09467
-8.0942
-8.0934
-8.09292
-8.09211
-8.09194
-8.09048
-8.09094
-8.09044
-8.08992
-8.0894
-8.0892
-8.08932
-8.08815
-8.08761
-8.08773
-8.08751
-8.08729
-8.08675
-8.08652
-8.08565
-8.0851
-8.08455
-8.08368
-8.0828
-8.0829
-8.08235
-8.08148
-8.0806
-8.08005
-8.08015
-8.07961
-8.07906
-8.07787
-8.07733
-8.07679
-8.07657
-8.07604
-8.07518
-8.07433
-8.0738
-8.07361
-8.07244
-8.07257
-8.07174
-8.07157
-8.07075
-8.07058
-8.0701
-8.06963
-8.06948
-8.06869
-8.06791
-8.06779
-8.06735
-8.06659
-8.06617
-8.06575
-8.06438
-8.06366
-8.06295
-8.06289
-8.0622
-8.06184
-8.06182
-8.06115
-8.06082
-8.06083
-8.06084
-8.05989
-8.05993
-8.05965
-8.05939
-8.05881
-8.05824
-8.05769
-8.0578
-8.05759
-8.05708
-8.05657
-8.05673
-8.05625
-8.05611
-8.0563
-8.05618
-8.05608
-8.05566
-8.05558
-8.05552
-8.05514
-8.05511
-8.05476
-8.05604
-8.0554
-8.05574
-8.05577
-8.05581
-8.05587
-8.05692
-8.05668
-8.05645
-8.05559
-8.05604
-8.05651
-8.05633
-8.0565
-8.05635
-8.05653
-8.05705
-8.05726
-8.05748
-8.05771
-8.05762
-8.05819
-8.05844
-8.0587
-8.0593
-8.05925
-8.0592
-8.05949
-8.05946
-8.06008
-8.06005
-8.06002
-8.06064
-8.06094
-8.06124
-8.06153
-8.06215
-8.06243
-8.06239
-8.06267
-8.06262
-8.06224
-8.06249
-8.06274
-8.06298
-8.06255
-8.06309
-8.06328
-8.06379
-8.06363
-8.06443
-8.06424
-8.06435
-8.06412
-8.06419
-8.06424
-8.06427
-8.06428
-8.06523
-8.06519
-8.06512
-8.06503
-8.06556
-8.06509
-8.06491
-8.06503
-8.06479
-8.06485
-8.06423
-8.06358
-8.06322
-8.06283
-8.06241
-8.06196
-8.06147
-8.06095
-8.0604
-8.05949
-8.05888
-8.05823
-8.0569
-8.05651
-8.05511
-8.05498
-8.0545
-8.05399
-8.05312
-8.0519
-8.05097
-8.04937
-8.04806
-8.04705
-8.04634
-8.04561
-8.04485
-8.04375
-8.0423
-8.04082
-8.03998
-8.03847
-8.03759
-8.03637
-8.03481
-8.03388
-8.03262
-8.03069
-8.02941
-8.02876
-8.02746
-8.02615
-8.02484
-8.02288
-8.02156
-8.02089
-8.0199
-8.01892
-8.01794
-8.01664
-8.01568
-8.01505
-8.01346
-8.01285
-8.01129
-8.01006
-8.00917
-8.0083
-8.00648
-8.00565
-8.00355
-8.00244
-8.00167
-8.00061
-7.99893
-7.99824
-7.99693
-7.99566
-7.99409
-7.99287
-7.99202
-7.99183
-7.99104
-7.98995
-7.98923
-7.98756
-7.98723
-7.98629
-7.98538
-7.98451
-7.98432
-7.98416
-7.98405
-7.98332
-7.98328
-7.98198
-7.98201
-7.98207
-7.98185
-7.98166
-7.98151
-7.98107
-7.98099
-7.9803
-7.98028
0
-7.97896
-7.97906
-7.97873
-7.97827
-7.9777
-7.9767
-7.97557
-7.9753
-7.97394
-7.97214
-7.97119
-7.96883
-7.96732
-7.9657
-7.9646
-7.96242
-7.96077
-7.95836
-7.95648
-7.9548
-7.95205
-7.94982
-7.94652
-7.94375
-7.94055
-7.93757
-7.93383
-7.93063
-7.92668
-7.92263
-7.91977
-7.91648
-7.9131
-7.90929
-7.90377
-7.90075
-7.89634
-7.89281
-7.8892
-7.88485
-7.88042
-7.8759
-7.87098
-7.86631
-7.86155
-7.85737
-7.8528
-7.84783
-7.84311
-7.83833
-7.83316
-7.82793
-7.82231
-7.81631
-7.81091
-7.80481
-7.79996
-7.79376
-7.7872
-7.78059
-7.77492
-7.76954
-7.76347
-7.75802
-7.75189
-7.74671
-7.74117
-7.73498
-7.72779
-7.72188
-7.71597
-7.71004
-7.70379
-7.69818
-7.69192
-7.68632
-7.68007
-7.67384
-7.66697
-7.66141
-7.65555
-7.65004
-7.64391
-7.63813
-7.63207
-7.62636
-7.62005
-7.61411
-7.60821
-7.6027
-7.59724
-7.59183
-7.58585
-7.5809
-7.57505
-7.5709
-7.56553
-7.56057
-7.55505
-7.55059
-7.54622
-7.54163
-7.53714
-7.53211
-7.52816
-7.52432
-7.52028
-7.517
-7.51417
-7.51049
-7.50694
-7.50288
-7.49896
-7.49582
-7.49282
-7.48997
-7.48693
-7.48437
-7.48164
-7.47939
-7.47729
-7.4747
-7.47291
-7.47129
-7.46982
-7.46884
-7.46738
-7.4664
-7.46592
-7.46592
-7.46543
-7.46512
-7.46496
-7.46433
-7.46418
-7.46484
-7.46534
-7.46568
-7.4665
-7.46748
-7.46861
-7.4699
-7.47101
-7.4726
-7.47466
-7.47687
-7.47921
-7.48137
-7.48366
-7.48609
-7.48865
-7.49132
-7.49445
-7.49737
-7.5004
-7.50322
-7.50614
-7.50949
-7.51295
-7.51617
-7.5198
-7.52287
-7.52667
-7.53088
-7.53483
-7.53885
-7.54293
-7.5474
-7.55193
-7.55586
-7.5608
-7.56547
-7.56986
-7.57428
-7.57872
-7.58385
-7.58868
-7.5932
-7.59806
-7.60326
-7.60749
-7.61303
-7.6176
-7.6225
-7.62706
-7.63162
-7.63617
-7.6407
-7.64522
-7.65005
-7.65421
-7.65866
-7.66374
-7.66718
-7.67123
-7.67589
-7.67988
-7.68383
-7.68806
-7.69225
-7.69576
-7.69987
-7.70556
-7.71024
-7.71422
-7.71815
-7.72237
-7.72653
-7.73032
-7.73405
-7.73774
-7.74105
-7.74495
-7.74848
-7.75163
-7.75505
-7.75906
-7.76236
-7.76528
-7.76815
-7.76998
-7.77338
-7.77639
-7.77967
-7.78288
-7.78604
-7.7888
-7.79151
-7.79448
-7.79706
-7.79958
-7.80138
-7.80377
-7.80675
-7.80966
-7.81218
-7.81431
-7.81734
-7.81902
-7.82095
-7.82314
-7.82493
-7.82634
-7.82767
-7.83024
-7.83111
-7.83257
-7.83396
-7.83624
-7.83814
-7.83932
-7.84042
-7.84211
-7.84275
-7.84332
-7.84383
-7.84588
-7.84787
-7.84849
-7.84904
-7.84952
-7.84993
-7.85027
-7.85022
-7.85075
-7.85024
-7.85063
-7.85096
-7.85057
-7.85012
-7.84992
-7.85031
-7.84966
-7.84928
-7.84915
-7.84832
-7.84743
-7.84713
-7.84644
-7.84538
-7.84524
-7.84472
-7.8435
-7.84223
-7.84091
-7.84052
-7.83878
-7.83798
-7.8368
-7.83559
-7.83434
-7.83371
-7.83271
-7.83104
-7.83031
-7.82827
-7.82716
-7.82572
-7.82425
-7.82276
-7.82158
-7.81974
-7.81789
-7.81635
-7.81447
-7.81324
-7.81169
-7.8098
-7.80824
-7.80668
-7.80578
-7.80423
-7.80236
-7.80051
-7.79867
-7.79716
-7.79567
-7.79291
-7.79145
-7.79002
-7.78861
-7.7869
-7.78553
-7.78386
-7.78287
-7.78125
-7.77998
-7.77939
-7.77818
-7.77699
-7.77649
-7.77503
-7.77491
-7.77384
-7.7728
-7.77179
-7.7708
-7.76953
-7.7686
-7.76706
-7.76588
-7.76537
-7.76425
-7.76316
-7.76306
-7.76203
-7.76168
-7.76104
-7.75978
-7.75953
-7.75899
-7.7588
-7.75832
-7.75756
-7.75715
-7.75678
-7.75645
-7.75582
-7.75589
-7.75502
-7.75451
-7.75468
-7.75425
-7.75418
-7.75383
-7.75319
-7.75356
-7.7543
-7.75442
-7.75524
-7.75544
-7.75633
-7.75759
-7.7579
-7.75793
-7.75864
-7.75971
-7.76049
-7.76065
-7.76148
-7.7617
-7.76226
-7.76219
-7.76248
-7.7631
-7.76373
-7.76438
-7.76504
-7.7657
-7.76605
-7.76671
-7.76738
-7.76837
-7.7687
-7.76901
-7.76997
-7.77026
-7.77118
-7.77241
-7.77199
-7.7735
-7.77368
-7.77383
-7.77428
-7.77469
-7.7754
-7.77574
-7.77508
-7.776
-7.77624
-7.77579
-7.77563
-7.77607
-7.77551
-7.7762
-7.7762
-7.77649
-7.77674
-7.7763
-7.77614
-7.77562
-7.77507
-7.77447
-7.77384
-7.7735
-7.77281
-7.77175
-7.77131
-7.77116
-7.77033
-7.76979
-7.7689
-7.7683
-7.768
-7.76735
-7.76602
-7.76532
-7.76523
-7.76513
-7.76468
-7.76323
-7.76241
-7.76157
-7.76071
-7.75951
-7.75764
-7.75608
-7.75579
-7.75485
-7.75421
-7.75323
-7.75223
-7.75122
-7.75084
-7.7498
-7.74907
-7.74801
-7.74661
-7.74487
-7.74377
-7.74299
-7.74219
-7.74041
-7.73927
-7.73812
-7.73663
-7.73482
-7.73461
-7.7331
-7.73159
-7.73039
-7.72886
-7.72798
-7.72676
-7.7249
-7.72368
-7.72213
-7.72156
-7.72098
-7.71975
-7.71852
-7.71793
-7.71735
-7.7158
-7.71457
-7.71367
-7.71245
-7.71188
-7.71099
-7.70945
-7.70825
-7.7077
-7.70651
-7.70532
-7.70383
-7.70266
-7.7015
-7.70067
-7.69921
-7.69776
-7.69696
-7.69585
-7.69573
-7.69464
-7.6926
-7.69186
-7.69017
-7.68913
-7.6881
-7.68741
-7.68609
-7.6851
-7.68412
-7.68316
-7.68221
-7.68095
-7.68002
-7.67846
-7.67756
-7.67603
-7.67516
-7.6743
-7.67346
-7.67263
-7.67182
-7.67134
-7.67024
-7.66948
-7.66841
-7.66737
-7.66699
-7.66663
-7.66565
-7.66501
-7.6644
-7.66382
-7.66294
-7.66273
-7.66191
-7.66145
-7.66069
-7.6603
-7.65929
-7.6593
-7.65902
-7.65878
-7.65859
-7.65812
-7.65737
-7.65765
-7.65765
-7.65771
-7.65814
-7.65798
-7.65788
-7.65816
-7.65817
-7.65857
-7.65903
-7.65956
-7.66014
-7.66079
-7.66151
-7.66229
-7.66346
-7.66437
-7.66535
-7.66704
-7.66815
-7.66997
-7.67121
-7.67284
-7.6742
-7.67562
-7.67711
-7.67832
-7.68024
-7.68222
-7.68327
-7.68438
-7.68715
-7.68965
-7.69122
-7.69315
-7.69414
-7.69615
-7.69818
-7.70056
-7.70265
-7.70508
-7.70753
-7.70967
-7.71182
-7.71398
-7.71646
-7.7183
-7.72078
-7.72293
-7.72507
-7.72784
-7.72994
-7.73203
-7.73376
-7.7358
-7.73748
-7.73912
-7.74073
-7.7423
-7.74383
-7.7453
-7.74738
-7.74941
-7.75074
-7.75233
-7.75452
-7.75599
-7.75806
-7.75844
-7.7594
-7.76062
-7.76145
-7.76253
-7.76354
-7.7648
-7.76663
-7.7684
-7.76944
-7.7704
-7.77097
-7.77146
-7.7722
-7.77222
-7.77248
-7.77299
-7.77343
-7.77412
-7.77376
-7.77366
-7.77349
-7.77228
-7.77197
-7.77159
-7.77147
-7.77064
-7.76942
-7.76944
-7.76908
-7.76768
-7.76721
-7.76603
-7.76513
-7.7632
-7.76221
-7.76182
-7.76074
-7.7593
-7.75847
-7.75696
-7.75542
-7.75385
-7.75226
-7.75227
-7.75064
-7.74931
-7.7483
-7.74727
-7.74624
-7.74423
-7.74319
-7.74118
-7.73884
-7.73684
-7.73516
-7.73382
-7.73248
-7.73213
-7.73082
-7.73018
-7.72955
-7.7283
-7.72609
-7.72456
-7.72337
-7.72221
-7.72172
-7.72094
-7.71954
-7.71881
-7.71779
-7.71745
-7.71649
-7.71589
-7.715
-7.71413
-7.7133
-7.71218
-7.71141
-7.711
-7.71029
-7.70962
-7.70866
-7.70837
-7.70812
-7.70725
-7.70641
-7.70625
-7.70676
-7.70666
-7.70594
-7.70525
-7.70524
-7.70395
-7.70432
-7.70374
-7.70319
-7.70299
-7.70314
-7.70266
-7.70319
-7.7031
-7.70368
-7.70364
-7.70363
-7.70299
-7.70335
-7.70407
-7.70416
-7.7046
-7.70475
-7.70524
-7.70512
-7.70567
-7.70658
-7.70751
-7.70848
-7.70915
-7.70985
-7.7109
-7.71166
-7.71245
-7.71295
-7.71283
-7.71307
-7.71366
-7.71461
-7.71527
-7.71563
-7.71635
-7.71742
-7.71789
-7.7187
-7.71956
-7.72012
-7.72038
-7.72133
-7.72231
-7.72332
-7.72403
-7.7251
-7.7262
-7.72798
-7.72913
-7.73032
-7.73121
-7.73277
-7.73436
-7.73565
-7.73728
-7.73797
-7.73868
-7.73974
-7.74115
-7.74225
-7.74369
-7.74548
-7.74793
-7.7491
-7.75094
-7.75247
-7.7537
-7.7559
-7.75715
-7.75906
-7.76032
-7.76225
-7.76385
-7.76547
-7.76709
-7.76839
-7.77002
-7.77263
-7.77426
-7.77558
-7.77689
-7.77821
-7.77919
-7.78082
-7.78245
-7.78342
-7.78406
-7.78632
-7.78727
-7.78919
-7.79109
-7.79266
-7.79454
-7.79576
-7.79826
-7.79978
-7.80095
-7.80276
-7.80422
-7.80599
-7.80741
-7.80913
-7.81019
-7.81187
-7.81287
-7.81418
-7.81578
-7.81671
-7.81793
-7.8188
-7.82127
-7.82177
-7.8232
-7.82396
-7.82565
-7.82602
-7.82732
-7.82794
-7.82853
-7.82909
-7.82961
-7.82944
-7.82989
-7.83127
-7.83197
-7.83231
-7.83261
-7.83287
-7.83277
-7.8336
-7.83439
-7.83353
-7.83425
-7.83396
-7.83395
-7.83456
-7.83448
-7.835
-7.83517
-7.83529
-7.83538
-7.83575
-7.83608
-7.83573
-7.83598
-7.83619
-7.83507
-7.83521
-7.83466
-7.83374
-7.83408
-7.83471
-7.83432
-7.8339
-7.83343
-7.8326
-7.8327
-7.83211
-7.83148
-7.83081
-7.8301
-7.82935
-7.82855
-7.82739
-7.82651
-7.82592
-7.82496
-7.82331
-7.82129
-7.82052
-7.81939
-7.81919
-7.8183
-7.81736
-7.81607
-7.8144
-7.81205
-7.81063
-7.80982
-7.80864
-7.80646
-7.80456
-7.80262
-7.8013
-7.79896
-7.79724
-7.79549
-7.79305
-7.79156
-7.79004
-7.78816
-7.78659
-7.78466
-7.78271
-7.78074
-7.77778
-7.77546
-7.77409
-7.77174
-7.77002
-7.76798
-7.76658
-7.7642
-7.76215
-7.7601
-7.75871
-7.757
-7.75497
-7.75296
-7.75129
-7.74932
-7.74737
-7.74544
-7.74386
-7.74166
-7.73949
-7.73865
-7.7372
-7.73579
-7.73539
-7.73374
-7.7318
-7.73056
-7.72905
-7.72791
-7.72585
-7.72449
-7.72286
-7.72096
-7.71945
-7.71831
-7.71626
-7.71589
-7.71461
-7.71371
-7.71255
-7.71177
-7.71041
-7.70944
-7.70949
-7.70767
-7.70785
-7.70713
-7.70613
-7.7052
-7.7053
-7.70578
-7.70599
-7.70658
-7.70593
-7.70631
-7.70641
-7.70656
-7.70676
-7.70667
-7.70664
-7.70696
-7.70765
-7.70805
-7.70817
-7.70799
-7.70816
-7.70868
-7.70826
-7.70916
-7.70943
-7.70972
-7.71035
-7.71131
-7.71228
-7.71293
-7.71294
-7.71393
-7.71524
-7.71589
-7.7159
-7.71654
-7.71717
-7.7178
-7.7184
-7.71932
-7.71989
-7.72011
-7.72032
-7.72018
-7.72066
0
-7.7221
-7.72256
-7.72162
-7.72154
-7.7207
-7.72072
-7.72063
-7.71979
-7.71949
-7.71908
-7.7176
-7.71665
-7.71625
-7.71543
-7.71451
-7.71349
-7.71141
-7.70989
-7.7086
-7.70723
-7.70513
-7.7036
-7.70134
-7.70031
-7.69728
-7.69547
-7.69393
-7.69137
-7.68941
-7.6874
-7.68438
-7.68198
-7.67954
-7.6774
-7.6746
-7.67275
-7.67024
-7.6674
-7.66489
-7.66238
-7.65955
-7.65706
-7.65459
-7.65182
-7.64972
-7.64765
-7.64562
-7.6433
-7.6407
-7.6388
-7.63695
-7.63451
-7.6318
-7.62916
-7.62787
-7.626
-7.62452
-7.62246
-7.62048
-7.61922
-7.61772
-7.61662
-7.61527
-7.61368
-7.6125
-7.61204
-7.61135
-7.61009
-7.60924
-7.60879
-7.60746
-7.60653
-7.60601
-7.60655
-7.60619
-7.60592
-7.60637
-7.60593
-7.60492
-7.60463
-7.60506
-7.60525
-7.6055
-7.60615
-7.60622
-7.60668
-7.6072
-7.60778
-7.60842
-7.60911
-7.60921
-7.61034
-7.61119
-7.61241
-7.61399
-7.61497
-7.61599
-7.61737
-7.61878
-7.62054
-7.62135
-7.62154
-7.62337
-7.62521
-7.62641
-7.62762
-7.62916
-7.63006
-7.63062
-7.6315
-7.63238
-7.63356
-7.63439
-7.63683
-7.6373
-7.63806
-7.63912
-7.64014
-7.64144
-7.6427
-7.6436
-7.64412
-7.64426
-7.64436
-7.64472
-7.64502
-7.64558
-7.64575
-7.64651
-7.64655
-7.64716
-7.64739
-7.64786
-7.64826
-7.64793
-7.64721
-7.64673
-7.64682
-7.64619
-7.6458
-7.64501
-7.64382
-7.64287
-7.64282
-7.64172
-7.6399
-7.63897
-7.6383
-7.63722
-7.63607
-7.6355
-7.63389
-7.63286
-7.63208
-7.63092
-7.62905
-7.62841
-7.62642
-7.62437
-7.62227
-7.62045
-7.61889
-7.61664
-7.61467
-7.61299
-7.61126
-7.60916
-7.60671
-7.60487
-7.60203
-7.60013
-7.59788
-7.59496
-7.59428
-7.59197
-7.59061
-7.58793
-7.58622
-7.58352
-7.58146
-7.57875
-7.57604
-7.57332
-7.56964
-7.56758
-7.5652
-7.56218
-7.5595
-7.55715
-7.55514
-7.55283
-7.55021
-7.54793
-7.54568
-7.54345
-7.54061
-7.53877
-7.53696
-7.53487
-7.53249
-7.53048
-7.52851
-7.52593
-7.52439
-7.52321
-7.52144
-7.51973
-7.5184
-7.51746
-7.51593
-7.51479
-7.51308
-7.51208
-7.51115
-7.5103
-7.5092
-7.50851
-7.5066
-7.50608
-7.50628
-7.50496
-7.50437
-7.50356
-7.50348
-7.50285
-7.50264
-7.50285
-7.50349
-7.50357
-7.50344
-7.5034
-7.50379
-7.50461
-7.5052
-7.50622
-7.50702
-7.5076
-7.50892
-7.50938
-7.51091
-7.51222
-7.5133
-7.51447
-7.51542
-7.51711
-7.51889
-7.52109
-7.5224
-7.52477
-7.52657
-7.52813
-7.53042
-7.53342
-7.53521
-7.53738
-7.54027
-7.54355
-7.54655
-7.54929
-7.55175
-7.55459
-7.55811
-7.56135
-7.56431
-7.56729
-7.56997
-7.573
-7.57637
-7.57943
-7.5825
-7.58461
-7.58736
-7.59044
-7.59351
-7.59624
-7.59864
-7.60166
-7.60434
-7.60699
-7.60994
-7.61317
-7.61637
-7.6192
-7.62231
-7.62505
-7.62774
-7.6307
-7.6336
-7.63644
-7.63857
-7.64128
-7.6436
-7.64618
-7.64771
-7.65047
-7.65217
-7.65412
-7.65631
-7.65777
-7.65947
-7.66076
-7.66261
-7.66436
-7.66538
-7.66631
-7.66746
-7.66852
-7.66949
-7.67068
-7.67177
-7.67277
-7.67303
-7.6735
-7.67453
-7.67417
-7.67533
-7.67542
-7.67605
-7.67659
-7.67639
-7.67608
-7.676
-7.67518
-7.6749
-7.67453
-7.67375
-7.67287
-7.67222
-7.67115
-7.66999
-7.66875
-7.66741
-7.66631
-7.6648
-7.66289
-7.66089
-7.65978
-7.65794
-7.65571
-7.65372
-7.65199
-7.64922
-7.64671
-7.64543
-7.64344
-7.64107
-7.63832
-7.63616
-7.63395
-7.63137
-7.62875
-7.62641
-7.62307
-7.61969
-7.61661
-7.6135
-7.61069
-7.60722
-7.60373
-7.60088
-7.59803
-7.59484
-7.59199
-7.58914
-7.58597
-7.58379
-7.58002
-7.57723
-7.57383
-7.5711
-7.56873
-7.5664
-7.56412
-7.56155
-7.55904
-7.55657
-7.55417
-7.55312
-7.55052
-7.5483
-7.54649
-7.54377
-7.54178
-7.53922
-7.53771
-7.53563
-7.53364
-7.53205
-7.52959
-7.52915
-7.52848
-7.52661
-7.52612
-7.52475
-7.52347
-7.5226
-7.5215
-7.52049
-7.51956
-7.51905
-7.51765
-7.51698
-7.51672
-7.51687
-7.51644
-7.5161
-7.51615
-7.51627
-7.51646
-7.51769
-7.51801
-7.51839
-7.51882
-7.51996
-7.52115
-7.52174
-7.52237
-7.52272
-7.52343
-7.5245
-7.52528
-7.52512
-7.52628
-7.52746
-7.52931
-7.52988
-7.53079
-7.53268
-7.53361
-7.53454
-7.53515
-7.53609
-7.53669
-7.53762
-7.53821
-7.53912
-7.54002
-7.54025
-7.54177
-7.54295
-7.54411
-7.54526
-7.54573
-7.54781
-7.54825
-7.54867
-7.54906
-7.55041
-7.55173
-7.55238
-7.55301
-7.55362
-7.5542
-7.55444
-7.55498
-7.55582
-7.55599
-7.55679
-7.55724
-7.55767
-7.55776
-7.55783
-7.5582
-7.55856
-7.55857
-7.55824
-7.55822
-7.55851
-7.5591
-7.55936
-7.55928
-7.55983
-7.55972
-7.55927
-7.55946
-7.55963
-7.56044
-7.56027
-7.56041
-7.56086
-7.56097
-7.56075
-7.5602
-7.5606
-7.56067
-7.56041
-7.56046
-7.5605
-7.56053
-7.56055
-7.56023
-7.55926
-7.55925
-7.55923
-7.55855
-7.55884
-7.55846
-7.55873
-7.55867
-7.55827
-7.55819
-7.55844
-7.55802
-7.55793
-7.55815
-7.55805
-7.55795
-7.55751
-7.55741
-7.55794
-7.55784
-7.55773
-7.55796
-7.55787
-7.55779
-7.55868
-7.55797
-7.55792
-7.55788
-7.55786
-7.55817
-7.55786
-7.55724
-7.55762
-7.55738
-7.55716
-7.55728
-7.55712
-7.5573
-7.55849
-7.55907
-7.55936
-7.55968
-7.56003
-7.56074
-7.56053
-7.56099
-7.56053
-7.56075
-7.56199
-7.5623
-7.56329
-7.56368
-7.56444
-7.56588
-7.56672
-7.5676
-7.56852
-7.57044
-7.57144
-7.57183
-7.57225
-7.57401
-7.57548
-7.57698
-7.57819
-7.57943
-7.57972
-7.58232
-7.58364
-7.58498
-7.58634
-7.58773
-7.58848
-7.58925
-7.59003
-7.59212
-7.59389
-7.59535
-7.59682
-7.59828
-7.5991
-7.6009
-7.60236
-7.60318
-7.60528
-7.60705
-7.60848
-7.6099
-7.61098
-7.61205
-7.61342
-7.61477
-7.6161
-7.61741
-7.6187
-7.61996
-7.62119
-7.6224
-7.62326
-7.62408
-7.62553
-7.6263
-7.62736
-7.62807
-7.62908
-7.62973
-7.63035
-7.63126
-7.63246
-7.63364
-7.63382
-7.63461
-7.6357
-7.63644
-7.63747
-7.63782
-7.63912
-7.63975
-7.64133
-7.64223
-7.64247
-7.64268
-7.64287
-7.64336
-7.64416
-7.64461
-7.64537
-7.6458
-7.64621
-7.64596
-7.6457
-7.64576
-7.6458
-7.64681
-7.64718
-7.64786
-7.64822
-7.64857
-7.64893
-7.64897
-7.64966
-7.65035
-7.65041
-7.65111
-7.65118
-7.65191
-7.65233
-7.65276
-7.65384
-7.6543
-7.65478
-7.65495
-7.65513
-7.65566
-7.65621
-7.65743
-7.65803
-7.65897
-7.65961
-7.65995
-7.66097
-7.66168
-7.66242
-7.66287
-7.66398
-7.6648
-7.66564
-7.66651
-7.66772
-7.66928
-7.66957
-7.67053
-7.67216
-7.67349
-7.67419
-7.67491
-7.67532
-7.6764
-7.67748
-7.67923
-7.681
-7.68212
-7.6839
-7.68472
-7.68554
-7.68637
-7.68816
-7.68899
-7.69014
-7.69161
-7.69243
-7.69389
-7.69534
-7.69678
-7.69757
-7.69834
-7.69975
-7.70115
-7.70188
-7.70292
-7.70426
-7.70559
-7.70756
-7.70885
-7.70948
-7.71009
-7.71133
-7.71223
-7.71278
-7.71363
-7.71446
-7.71527
-7.71574
-7.71683
-7.7179
-7.71895
-7.71965
-7.72066
-7.72132
-7.72196
-7.7229
-7.7235
-7.72376
-7.72432
-7.7255
-7.7257
-7.7262
-7.72669
-7.72779
-7.72824
-7.72834
-7.72809
-7.72848
-7.72885
-7.72919
-7.7292
-7.7295
-7.72914
-7.7294
-7.72996
-7.72985
-7.7294
-7.72892
-7.72874
-7.72853
-7.72863
-7.7287
-7.72809
-7.7281
-7.72743
-7.7277
-7.72665
-7.72686
-7.72639
-7.72621
-7.72567
-7.72639
-7.7261
-7.72512
-7.72443
-7.72402
-7.72356
-7.72371
-7.72317
-7.72356
-7.72163
-7.72095
-7.7199
-7.72009
-7.71862
-7.71742
-7.71649
-7.71551
-7.71448
-7.71372
-7.71355
-7.71302
-7.7121
-7.71049
-7.70851
-7.70711
-7.70535
-7.70385
-7.70263
-7.70039
-7.69907
-7.69771
-7.69564
-7.69418
-7.69268
-7.69146
-7.68954
-7.68693
-7.68494
-7.68258
-7.68018
-7.6784
-7.67625
-7.67375
-7.67155
-7.66964
-7.66737
-7.66541
-7.66309
-7.66076
-7.65905
-7.65701
-7.65462
-7.65287
-7.65046
-7.64772
-7.64594
-7.64287
-7.64011
-7.63768
-7.63525
-7.6325
-7.62975
-7.62734
-7.62558
-7.62287
-7.62017
-7.61813
-7.61611
-7.61346
-7.61083
-7.60855
-7.60598
-7.60343
-7.60123
-7.59907
-7.59661
-7.59484
-7.59278
-7.59043
-7.58845
-7.58651
-7.58462
-7.58213
-7.58033
-7.57825
-7.57655
-7.57458
-7.57299
-7.57113
-7.56997
-7.56855
-7.56751
-7.56686
-7.56562
-7.56412
-7.56269
-7.56196
-7.56034
-7.55975
-7.55858
-7.55748
-7.55678
-7.55582
-7.55493
-7.55508
-7.55466
-7.55462
-7.55466
-7.55412
-7.55333
-7.5526
-7.55258
-7.55231
-7.5521
-7.55293
-7.55285
-7.55347
-7.55351
-7.55393
-7.5544
-7.55589
-7.55582
-7.55644
-7.55711
-7.5575
-7.55857
-7.56001
-7.56148
-7.56266
-7.56354
-7.56478
-7.56571
-7.56633
-7.56762
-7.56828
-7.56894
-7.57026
-7.57093
-7.57192
-7.57259
-7.57358
-7.5752
-7.57584
-7.57712
-7.5787
-7.5793
-7.57987
-7.57977
-7.58062
-7.58176
-7.58256
-7.58364
-7.58372
-7.58376
-7.58474
-7.58504
-7.5853
-7.58552
-7.58603
-7.58714
-7.58757
-7.58828
-7.58895
-7.58893
-7.58919
-7.59006
-7.59024
-7.59038
-7.59015
-7.58957
-7.58992
-7.5899
-7.58953
-7.58944
-7.58964
-7.5898
-7.58961
-7.58971
-7.5901
-7.59046
-7.5895
-7.58915
-7.58878
-7.58806
-7.58763
-7.58718
-7.58703
-7.58621
-7.58602
-7.58516
-7.5846
-7.58402
-7.58375
-7.58282
-7.58219
-7.58155
-7.58122
-7.58023
-7.57956
-7.57822
-7.57817
-7.57812
-7.57806
-7.57702
-7.57598
-7.57526
-7.5742
-7.57412
-7.57404
-7.57299
-7.57226
-7.57121
-7.57048
-7.56944
-7.56872
-7.56833
-7.56763
-7.56791
-7.56755
-7.56655
-7.56589
-7.56459
-7.56396
-7.56367
-7.56274
-7.56184
-7.5616
-7.56139
-7.56087
-7.56038
-7.56024
-7.55981
-7.56005
-7.56
-7.55933
-7.5587
-7.55875
-7.55851
-7.55863
-7.55847
-7.559
-7.5586
-7.55857
-7.5589
-7.55864
-7.55875
-7.5589
-7.55943
-7.55968
-7.56031
-7.56099
-7.56107
0
-7.5618
-7.56189
-7.56232
-7.56244
-7.5629
-7.56209
-7.56258
-7.56341
-7.56329
-7.56416
-7.56505
-7.56465
-7.56492
-7.56553
-7.5668
-7.56808
-7.5684
-7.56938
-7.5694
-7.57072
-7.57141
-7.57242
-7.57311
-7.57413
-7.5745
-7.57553
-7.57719
-7.57853
-7.57987
-7.57958
-7.58057
-7.58156
-7.58156
-7.58187
-7.58282
-7.58342
-7.58466
-7.58587
-7.58641
-7.58661
-7.58743
-7.58758
-7.58931
-7.59005
-7.5901
-7.59013
-7.59044
-7.59039
-7.59063
-7.59051
-7.59068
-7.59112
-7.59121
-7.59092
-7.59092
-7.59055
-7.59046
-7.59064
-7.59046
-7.59023
-7.58898
-7.58833
-7.58796
-7.58851
-7.58738
-7.58751
-7.58629
-7.58568
-7.58501
-7.58364
-7.58319
-7.58334
-7.58247
-7.58058
-7.57895
-7.57728
-7.57621
-7.57476
-7.57261
-7.57138
-7.57076
-7.56911
-7.56839
-7.56697
-7.5655
-7.56399
-7.56243
-7.55985
-7.5582
-7.55684
-7.5551
-7.55333
-7.55184
-7.54999
-7.54842
-7.54617
-7.54389
-7.5419
-7.54085
-7.53912
-7.53671
-7.53461
-7.53216
-7.53001
-7.52784
-7.52532
-7.52312
-7.52155
-7.51867
-7.51611
-7.5142
-7.5113
-7.50906
-7.50681
-7.50424
-7.50168
-7.49977
-7.49788
-7.49535
-7.49349
-7.49165
-7.48918
-7.48738
-7.4856
-7.48353
-7.48084
-7.47916
-7.47719
-7.47492
-7.47335
-7.47085
-7.46935
-7.4679
-7.46682
-7.46546
-7.46382
-7.46223
-7.46069
-7.45854
-7.45677
-7.45569
-7.45434
-7.45207
-7.45114
-7.45025
-7.44974
-7.44895
-7.4482
-7.44717
-7.44618
-7.44491
-7.444
-7.44279
-7.44227
-7.44146
-7.44067
-7.43991
-7.43949
-7.43846
-7.43776
-7.43676
-7.43577
-7.4361
-7.43514
-7.43419
-7.43357
-7.43198
-7.43137
-7.43076
-7.43048
-7.42955
-7.42861
-7.42768
-7.42706
-7.42644
-7.42581
-7.42485
-7.42454
-7.42454
-7.42389
-7.42388
-7.42321
-7.42255
-7.4222
-7.4212
-7.42117
-7.42082
-7.41983
-7.41883
-7.41817
-7.41783
-7.41653
-7.41588
-7.41525
-7.41527
-7.41466
-7.41375
-7.41318
-7.41263
-7.4121
-7.41192
-7.41112
-7.41034
-7.41057
-7.40986
-7.4095
-7.40951
-7.40923
-7.40867
-7.40847
-7.40832
-7.40789
-7.40783
-7.40781
-7.40688
-7.4073
-7.40712
-7.407
-7.40693
-7.40725
-7.40762
-7.4074
-7.40887
-7.40878
-7.4094
-7.41009
-7.41084
-7.41133
-7.4119
-7.41253
-7.41355
-7.41464
-7.41612
-7.41703
-7.41897
-7.42001
-7.42145
-7.42296
-7.42518
-7.4265
-7.42854
-7.43032
-7.43217
-7.4344
-7.43671
-7.43875
-7.44086
-7.4427
-7.44526
-7.44787
-7.45022
-7.45295
-7.45606
-7.45857
-7.46146
-7.46537
-7.46771
-7.4714
-7.47448
-7.47727
-7.47979
-7.48266
-7.48492
-7.48787
-7.49084
-7.49384
-7.49719
-7.50025
-7.50332
-7.50609
-7.50953
-7.51298
-7.51645
-7.51928
-7.52245
-7.52529
-7.52847
-7.53165
-7.53581
-7.539
-7.54218
-7.54504
-7.54855
-7.55237
-7.55587
-7.55839
-7.56155
-7.56405
-7.56687
-7.56968
-7.57281
-7.57689
-7.58031
-7.58308
-7.58518
-7.58824
-7.59129
-7.59464
-7.59765
-7.60161
-7.60523
-7.60819
-7.61145
-7.61436
-7.6166
-7.61914
-7.62134
-7.62383
-7.62726
-7.62969
-7.63307
-7.63544
-7.63778
-7.64072
-7.64267
-7.64521
-7.64772
-7.65019
-7.65228
-7.65401
-7.65731
-7.65926
-7.66149
-7.66333
-7.66545
-7.66718
-7.66885
-7.67111
-7.67233
-7.67413
-7.67619
-7.6772
-7.67847
-7.67967
-7.68112
-7.68153
-7.68282
-7.68501
-7.68551
-7.68625
-7.68755
-7.68845
-7.68927
-7.69
-7.69065
-7.69121
-7.69234
-7.69306
-7.69337
-7.69392
-7.69471
-7.69477
-7.69507
-7.69594
-7.69575
-7.69548
-7.69448
-7.69405
-7.69387
-7.69328
-7.69293
-7.69187
-7.69105
-7.69048
-7.68951
-7.68815
-7.68737
-7.68587
-7.68463
-7.683
-7.68163
-7.6802
-7.67839
-7.67684
-7.67523
-7.6739
-7.67219
-7.6701
-7.66796
-7.66675
-7.66485
-7.6629
-7.6609
-7.6579
-7.65518
-7.65243
-7.65061
-7.64876
-7.64559
-7.64206
-7.64013
-7.63784
-7.63586
-7.63352
-7.6302
-7.62717
-7.62446
-7.62204
-7.61929
-7.61782
-7.61504
-7.61322
-7.61042
-7.60825
-7.60543
-7.6039
-7.60138
-7.5979
-7.5957
-7.59253
-7.58968
-7.58715
-7.58495
-7.58307
-7.58119
-7.57834
-7.57582
-7.57298
-7.57111
-7.56926
-7.56644
-7.56427
-7.56211
-7.55964
-7.55719
-7.55474
-7.55198
-7.54957
-7.54684
-7.54478
-7.54274
-7.54039
-7.53807
-7.53512
-7.53349
-7.53092
-7.52805
-7.52585
-7.52369
-7.52188
-7.5201
-7.51771
-7.51633
-7.51402
-7.51271
-7.5108
-7.50893
-7.5071
-7.50565
-7.50294
-7.50158
-7.49994
-7.49834
-7.4968
-7.49499
-7.49355
-7.49282
-7.49149
-7.49021
-7.48932
-7.4888
-7.48738
-7.48665
-7.48567
-7.48474
-7.48354
-7.48208
-7.48133
-7.48031
-7.47968
-7.47942
-7.47987
-7.47941
-7.47965
-7.47897
-7.47867
-7.47778
-7.4776
-7.47713
-7.47705
-7.47669
-7.47639
-7.47645
-7.47559
-7.4751
-7.47564
-7.47556
-7.47683
-7.47685
-7.47755
-7.4783
-7.47844
-7.47927
-7.48013
-7.48071
-7.48101
-7.48166
-7.48203
-7.48275
-7.48319
-7.48398
-7.48416
-7.4847
-7.48625
-7.48718
-7.4875
-7.48785
-7.48921
-7.49092
-7.4917
-7.49219
-7.49271
-7.49457
-7.49548
-7.49642
-7.49837
-7.50035
-7.50204
-7.50343
-7.5055
-7.50662
-7.50875
-7.51025
-7.5121
-7.51299
-7.51456
-7.51711
-7.51903
-7.52032
-7.52161
-7.52324
-7.52487
-7.52617
-7.52812
-7.5291
-7.53071
-7.53231
-7.53389
-7.53546
-7.53699
-7.53883
-7.54031
-7.54143
-7.54283
-7.54418
-7.54614
-7.5474
-7.54893
-7.54975
-7.55051
-7.5512
-7.55215
-7.5527
-7.55317
-7.55454
-7.55485
-7.55573
-7.55717
-7.55788
-7.55785
-7.55773
-7.55817
-7.55884
-7.55876
-7.55859
-7.55832
-7.55796
-7.55816
-7.55729
-7.55632
-7.55656
-7.55606
-7.55515
-7.55383
-7.55275
-7.55094
-7.54938
-7.54872
-7.547
-7.54587
-7.54468
-7.54277
-7.54145
-7.53976
-7.53802
-7.53623
-7.53376
-7.53189
-7.53033
-7.5284
-7.52581
-7.52385
-7.52187
-7.51988
-7.51756
-7.51525
-7.51488
-7.5129
-7.51061
-7.50899
-7.50577
-7.50355
-7.50201
-7.50082
-7.49903
-7.49694
-7.49491
-7.49324
-7.49162
-7.49005
-7.48853
-7.4874
-7.486
-7.48466
-7.4837
-7.48249
-7.48101
-7.48057
-7.47987
-7.47762
-7.47608
-7.47526
-7.4745
-7.47414
-7.47448
-7.47392
-7.47374
-7.47331
-7.47293
-7.47229
-7.47171
-7.47151
-7.47169
-7.4716
-7.47221
-7.47189
-7.47098
-7.47077
-7.47061
-7.47081
-7.47137
-7.47165
-7.47165
-7.472
-7.47174
-7.47184
-7.47197
-7.47245
-7.47393
-7.47478
-7.47501
-7.47527
-7.47619
-7.47649
-7.47713
-7.47747
-7.47814
-7.47948
-7.47986
-7.48091
-7.48197
-7.48272
-7.48347
-7.48425
-7.48503
-7.48615
-7.48728
-7.48777
-7.48861
-7.48912
-7.4903
-7.49085
-7.49173
-7.4923
-7.4932
-7.49444
-7.49505
-7.49632
-7.4976
-7.49858
-7.49925
-7.50091
-7.50323
-7.50428
-7.50535
-7.50612
-7.50723
-7.50869
-7.50984
-7.51102
-7.51287
-7.51377
-7.51501
-7.51629
-7.51758
-7.51923
-7.52026
-7.52229
-7.52467
-7.5261
-7.52724
-7.52906
-7.5309
-7.53245
-7.53404
-7.53629
-7.53794
-7.54025
-7.54196
-7.54336
-7.5448
-7.54595
-7.54712
-7.54897
-7.55182
-7.55308
-7.55436
-7.55632
-7.55799
-7.56
-7.56203
-7.56376
-7.56552
-7.56762
-7.56941
-7.57187
-7.57402
-7.57586
-7.57804
-7.57991
-7.58179
-7.584
-7.58719
-7.58941
-7.59163
-7.59353
-7.59575
-7.59894
-7.60083
-7.60368
-7.60587
-7.60773
-7.60957
-7.61269
-7.61514
-7.61724
-7.61932
-7.62136
-7.62306
-7.62537
-7.62732
-7.62923
-7.6311
-7.63325
-7.63438
-7.63611
-7.63747
-7.63878
-7.64036
-7.6422
-7.64367
-7.64442
-7.64577
-7.64705
-7.64827
-7.64943
-7.65085
-7.65219
-7.65282
-7.65339
-7.65356
-7.65463
-7.65563
-7.65656
-7.6571
-7.65789
-7.65893
-7.65893
-7.65918
-7.65872
-7.65916
-7.65985
-7.65983
-7.65974
-7.65958
-7.65968
-7.6594
-7.65969
-7.65862
-7.65846
-7.65856
-7.65795
-7.65695
-7.65557
-7.65445
-7.65359
-7.65235
-7.65104
-7.65033
-7.64891
-7.64775
-7.64653
-7.64526
-7.64392
-7.64254
-7.64109
-7.63991
-7.63803
-7.63641
-7.63474
-7.63366
-7.63219
-7.63035
-7.62813
-7.62649
-7.62448
-7.62176
-7.61834
-7.61617
-7.61426
-7.61197
-7.60995
-7.60788
-7.60608
-7.60325
-7.60071
-7.59811
-7.59546
-7.59342
-7.59036
-7.58758
-7.58443
-7.58254
-7.57965
-7.57672
-7.57409
-7.56981
-7.56712
-7.56409
-7.56007
-7.55732
-7.55359
-7.54985
-7.54676
-7.54301
-7.54023
-7.53714
-7.53341
-7.52969
-7.52631
-7.52392
-7.52092
-7.51762
-7.51468
-7.51145
-7.50891
-7.50642
-7.50398
-7.50095
-7.49863
-7.49572
-7.49384
-7.49107
-7.48869
-7.48607
-7.48385
-7.48204
-7.47999
-7.479
-7.4768
-7.47534
-7.47301
-7.47142
-7.4696
-7.46886
-7.46756
-7.46572
-7.46398
-7.46202
-7.46112
-7.46066
-7.46062
-7.4597
-7.46051
-7.46012
-7.45982
-7.4593
-7.45951
-7.46014
-7.46053
-7.46101
-7.4606
-7.46125
-7.46068
-7.46115
-7.4617
-7.46232
-7.46333
-7.4644
-7.46488
-7.46575
-7.46634
-7.46763
-7.46864
-7.46969
-7.47079
-7.47191
-7.47307
-7.47426
-7.47482
-7.47606
-7.47698
-7.47824
-7.47919
-7.48047
-7.48175
-7.48335
-7.48463
-7.4859
-7.48717
-7.48842
-7.48965
-7.49054
-7.49142
-7.49226
-7.49373
-7.49484
-7.49592
-7.49631
-7.49731
-7.49828
-7.49985
-7.50105
-7.50221
-7.503
-7.50375
-7.50445
-7.50542
-7.50634
-7.50689
-7.50738
-7.5075
-7.50789
-7.50823
-7.50884
-7.50875
-7.50829
-7.50811
-7.50852
-7.50824
-7.50727
-7.50657
-7.50648
-7.50569
-7.50519
-7.50497
-7.50503
-7.50474
-7.5044
-7.50371
-7.50332
-7.5029
-7.50212
-7.50165
-7.50083
-7.49999
-7.49946
-7.49891
-7.49803
-7.49746
-7.49689
-7.49664
-7.49574
-7.49453
-7.49429
-7.49406
-7.49319
-7.49298
-7.49279
-7.49262
-7.49214
-7.49266
-7.49094
-7.49054
-7.49082
-7.49048
-7.49018
-7.49056
-7.49001
-7.48982
-7.49
-7.48957
-7.48951
-7.49015
-7.48987
-7.48963
-7.4901
-7.49062
-7.49151
0
-7.49211
-7.49238
-7.4927
-7.49338
-7.49411
-7.4952
-7.49602
-7.49558
-7.49649
-7.49712
-7.49779
-7.49884
-7.49961
-7.5001
-7.50031
-7.50122
-7.5025
-7.50415
-7.50488
-7.50597
-7.50711
-7.5083
-7.51049
-7.51111
-7.51243
-7.51378
-7.51484
-7.51563
-7.51709
-7.51924
-7.52143
-7.523
-7.52525
-7.52656
-7.52789
-7.52958
-7.53129
-7.53334
-7.53445
-7.53622
-7.53833
-7.54013
-7.54162
-7.54377
-7.5469
-7.54907
-7.55124
-7.55245
-7.55495
-7.55648
-7.55898
-7.5605
-7.56233
-7.56449
-7.56662
-7.56875
-7.57086
-7.57263
-7.57503
-7.57742
-7.57913
-7.58082
-7.58248
-7.58444
-7.5867
-7.58861
-7.58984
-7.59104
-7.59221
-7.59432
-7.5951
-7.59714
-7.5985
-7.60014
-7.60175
-7.60268
-7.60421
-7.60506
-7.60652
-7.60795
-7.60836
-7.60971
-7.61004
-7.61067
-7.61157
-7.61212
-7.61295
-7.61341
-7.61449
-7.61488
-7.61557
-7.61621
-7.61715
-7.61772
-7.61761
-7.61845
-7.61925
-7.62002
-7.62043
-7.62049
-7.62085
-7.62053
-7.62051
-7.62079
-7.62137
-7.62128
-7.62053
-7.62072
-7.62089
-7.62137
-7.62151
-7.62163
-7.62206
-7.62184
-7.62192
-7.62199
-7.62238
-7.62244
-7.62346
-7.62383
-7.62354
-7.62455
-7.62491
-7.62463
-7.62499
-7.62438
-7.62442
-7.62447
-7.62419
-7.62457
-7.62462
-7.62501
-7.6254
-7.62547
-7.62555
-7.62564
-7.62574
-7.62551
-7.62562
-7.62574
-7.62553
-7.62598
-7.62643
-7.62656
-7.62604
-7.62618
-7.62696
-7.62678
-7.62691
-7.62899
-7.62783
-7.62763
-7.62711
-7.62722
-7.62733
-7.62774
-7.6275
-7.62756
-7.62728
-7.62763
-7.62764
-7.62763
-7.62727
-7.62688
-7.62712
-7.62668
-7.62718
-7.627
-7.62647
-7.62622
-7.62658
-7.62529
-7.62461
-7.62389
-7.62377
-7.62361
-7.62341
-7.62284
-7.62256
-7.62125
-7.6199
-7.61883
-7.61772
-7.61688
-7.61535
-7.61474
-7.61409
-7.61275
-7.61168
-7.61089
-7.60941
-7.60822
-7.60697
-7.60601
-7.60436
-7.60332
-7.60224
-7.60015
-7.59964
-7.59845
-7.5969
-7.59499
-7.59273
-7.5914
-7.59037
-7.58802
-7.58628
-7.58452
-7.58176
-7.57963
-7.5778
-7.57563
-7.57408
-7.57251
-7.57092
-7.569
-7.56673
-7.56542
-7.56377
-7.56146
-7.56011
-7.55842
-7.55673
-7.55373
-7.5517
-7.54901
-7.546
-7.54395
-7.5419
-7.53887
-7.53585
-7.53315
-7.53044
-7.52871
-7.52633
-7.52363
-7.52256
-7.52084
-7.51847
-7.51676
-7.51441
-7.51304
-7.51102
-7.50934
-7.50669
-7.5047
-7.50305
-7.50076
-7.49946
-7.49752
-7.4956
-7.49402
-7.49213
-7.49025
-7.48808
-7.48592
-7.48411
-7.482
-7.47991
-7.47784
-7.47612
-7.4741
-7.47211
-7.47112
-7.46919
-7.46793
-7.46637
-7.4642
-7.46238
-7.46156
-7.46013
-7.45905
-7.458
-7.45698
-7.45599
-7.45439
-7.45313
-7.45159
-7.4504
-7.44923
-7.44777
-7.44633
-7.4459
-7.44484
-7.44381
-7.4428
-7.44181
-7.44149
-7.44087
-7.43994
-7.43902
-7.4378
-7.43658
-7.43635
-7.43613
-7.43559
-7.43538
-7.43421
-7.43303
-7.43218
-7.43101
-7.43015
-7.42928
-7.42808
-7.42752
-7.42663
-7.42604
-7.42608
-7.42514
-7.42417
-7.42189
-7.42089
-7.41954
-7.41848
-7.4174
-7.41629
-7.41516
-7.41432
-7.41312
-7.41189
-7.41161
-7.41065
-7.40933
-7.40863
-7.40693
-7.40552
-7.40408
-7.40261
-7.40014
-7.39861
-7.39803
-7.39646
-7.39485
-7.39323
-7.3919
-7.39022
-7.38853
-7.38779
-7.38606
-7.38432
-7.38321
-7.38145
-7.37967
-7.37821
-7.37675
-7.37495
-7.37413
-7.37234
-7.37153
-7.3691
-7.36733
-7.36558
-7.36383
-7.3621
-7.36136
-7.35966
-7.35767
-7.35635
-7.35505
-7.35346
-7.35157
-7.35004
-7.34822
-7.34709
-7.34566
-7.3446
-7.34261
-7.34099
-7.33973
-7.33852
-7.33703
-7.33559
-7.33355
-7.3322
-7.33091
-7.32999
-7.32848
-7.32734
-7.32658
-7.32555
-7.32522
-7.32494
-7.32472
-7.32391
-7.32348
-7.32277
-7.32245
-7.32218
-7.32197
-7.32181
-7.32139
-7.32134
-7.32135
-7.32141
-7.32121
-7.32106
-7.32096
-7.32125
-7.32159
-7.32295
-7.32404
-7.32487
-7.32542
-7.32603
-7.32668
-7.32707
-7.32686
-7.32832
-7.32984
-7.33076
-7.33172
-7.33274
-7.33381
-7.33492
-7.33544
-7.3373
-7.33856
-7.34083
-7.34251
-7.34359
-7.34504
-7.34718
-7.34839
-7.34997
-7.35127
-7.35261
-7.35432
-7.35639
-7.35786
-7.35969
-7.36188
-7.36379
-7.36573
-7.36739
-7.3694
-7.37081
-7.37289
-7.37469
-7.3762
-7.37871
-7.38093
-7.38351
-7.38547
-7.38746
-7.38915
-7.39152
-7.39392
-7.39634
-7.39878
-7.40092
-7.40341
-7.40593
-7.40814
-7.41037
-7.4123
-7.41458
-7.41719
-7.41918
-7.42247
-7.42481
-7.42749
-7.43019
-7.43354
-7.43626
-7.43803
-7.44045
-7.44353
-7.44629
-7.44971
-7.45282
-7.45561
-7.45873
-7.46121
-7.46369
-7.46682
-7.46996
-7.47278
-7.4756
-7.4781
-7.47995
-7.48245
-7.48559
-7.48808
-7.4909
-7.49371
-7.49651
-7.4993
-7.50241
-7.50552
-7.50828
-7.51136
-7.51443
-7.51748
-7.51987
-7.52289
-7.52588
-7.52757
-7.5302
-7.53249
-7.5354
-7.53827
-7.54048
-7.5433
-7.54576
-7.54851
-7.5509
-7.55326
-7.55589
-7.55849
-7.56039
-7.56257
-7.56406
-7.56582
-7.56785
-7.56951
-7.57111
-7.57233
-7.57382
-7.57558
-7.57856
-7.5802
-7.58177
-7.5836
-7.58504
-7.58674
-7.58837
-7.58961
-7.59078
-7.59156
-7.59227
-7.59259
-7.5938
-7.59527
-7.59602
-7.59735
-7.59828
-7.59914
-7.5996
-7.60032
-7.59998
-7.60088
-7.60105
-7.60179
-7.60182
-7.60177
-7.60165
-7.60113
-7.60119
-7.60021
-7.59981
-7.59934
-7.59846
-7.59785
-7.59716
-7.59672
-7.59621
-7.59531
-7.59466
-7.5933
-7.59186
-7.58971
-7.58879
-7.58748
-7.58643
-7.58498
-7.5838
-7.58191
-7.58028
-7.57891
-7.57586
-7.57406
-7.57251
-7.57059
-7.56862
-7.56691
-7.56451
-7.56238
-7.56086
-7.55865
-7.55607
-7.55379
-7.55179
-7.54943
-7.54706
-7.54465
-7.54223
-7.54012
-7.53767
-7.53521
-7.53243
-7.53094
-7.5285
-7.52574
-7.52267
-7.51995
-7.51694
-7.51492
-7.51262
-7.51004
-7.50815
-7.50631
-7.50388
-7.50248
-7.5005
-7.49827
-7.49611
-7.4937
-7.49268
-7.49141
-7.48895
-7.48787
-7.48721
-7.48601
-7.48621
-7.48521
-7.48433
-7.48258
-7.48224
-7.48169
-7.48125
-7.48093
-7.48169
-7.48192
-7.48161
-7.48239
-7.48166
-7.48072
-7.48086
-7.48111
-7.48179
-7.48256
-7.48344
-7.48376
-7.48482
-7.4863
-7.48753
-7.48949
-7.49153
-7.49299
-7.49516
-7.49609
-7.49773
-7.4991
-7.50083
-7.50228
-7.50441
-7.50624
-7.5081
-7.50965
-7.51153
-7.51342
-7.51499
-7.51655
-7.51874
-7.52124
-7.52307
-7.52455
-7.52696
-7.52869
-7.53037
-7.532
-7.53358
-7.53445
-7.53623
-7.53729
-7.53828
-7.53919
-7.54002
-7.54076
-7.54174
-7.54263
-7.54343
-7.5438
-7.54407
-7.54456
-7.54495
-7.54556
-7.54573
-7.54644
-7.54607
-7.54592
-7.54597
-7.54527
-7.54445
-7.54384
-7.54312
-7.54197
-7.54103
-7.53965
-7.5385
-7.53723
-7.53522
-7.53376
-7.53219
-7.52988
-7.52748
-7.52564
-7.52371
-7.52169
-7.51992
-7.51775
-7.51584
-7.51353
-7.51149
-7.50939
-7.50723
-7.50503
-7.5031
-7.50049
-7.49721
-7.49454
-7.49152
-7.48849
-7.48578
-7.48306
-7.48066
-7.47827
-7.47557
-7.47354
-7.47023
-7.46728
-7.46468
-7.46212
-7.46058
-7.45844
-7.45635
-7.454
-7.45139
-7.44917
-7.44702
-7.44462
-7.44262
-7.44071
-7.43889
-7.43813
-7.43617
-7.43431
-7.43287
-7.43153
-7.43029
-7.42851
-7.42717
-7.42626
-7.42513
-7.42444
-7.42386
-7.42339
-7.42336
-7.42279
-7.42266
-7.42263
-7.42272
-7.42259
-7.42289
-7.42297
-7.42316
-7.42409
-7.4248
-7.42626
-7.42684
-7.42882
-7.42991
-7.4314
-7.43266
-7.434
-7.43639
-7.4382
-7.43976
-7.44171
-7.44307
-7.44449
-7.44629
-7.44815
-7.44972
-7.45101
-7.45267
-7.45534
-7.45771
-7.46045
-7.46223
-7.46501
-7.46716
-7.46932
-7.47117
-7.47336
-7.47554
-7.47708
-7.47927
-7.4821
-7.48428
-7.48709
-7.48924
-7.49138
-7.4935
-7.49463
-7.49769
-7.50007
-7.5021
-7.5041
-7.50575
-7.50835
-7.51058
-7.51279
-7.51464
-7.5158
-7.51694
-7.51803
-7.51974
-7.52206
-7.52435
-7.52562
-7.52816
-7.52903
-7.53052
-7.5323
-7.53403
-7.53508
-7.53707
-7.5387
-7.53997
-7.54088
-7.54176
-7.54293
-7.54439
-7.5455
-7.54625
-7.54698
-7.54767
-7.54899
-7.54996
-7.55025
-7.55117
-7.55239
-7.55359
-7.55444
-7.55592
-7.55738
-7.55753
-7.55895
-7.55939
-7.55949
-7.56021
-7.56125
-7.56194
-7.56262
-7.56296
-7.56296
-7.56327
-7.56357
-7.56449
-7.56475
-7.56564
-7.56619
-7.5664
-7.56756
-7.56806
-7.56853
-7.56899
-7.56942
-7.56983
-7.57054
-7.57155
-7.57221
-7.57252
-7.57313
-7.57306
-7.57393
-7.57412
-7.57427
-7.57375
-7.57416
-7.57454
-7.5739
-7.57355
-7.57349
-7.57403
-7.57355
-7.57368
-7.57344
-7.57251
-7.57218
-7.57181
-7.57106
-7.57059
-7.56975
-7.56886
-7.56824
-7.5679
-7.56654
-7.56578
-7.56497
-7.56347
-7.56257
-7.56163
-7.56031
-7.5596
-7.55852
-7.5574
-7.55624
-7.55472
-7.55283
-7.55188
-7.55025
-7.54825
-7.54656
-7.54515
-7.54275
-7.54163
-7.5408
-7.53898
-7.53747
-7.53529
-7.53471
-7.53315
-7.53224
-7.53002
-7.52844
-7.52686
-7.52495
-7.52305
-7.52181
-7.52024
-7.51934
-7.51779
-7.51659
-7.51508
-7.51358
-7.51146
-7.51033
-7.5089
-7.50782
-7.50709
-7.5051
-7.50378
-7.5025
-7.50158
-7.50069
-7.50016
-7.4987
-7.49792
-7.49718
-7.49778
-7.49614
-7.49552
-7.49494
-7.4944
-7.49455
-7.49312
-7.49237
-7.49167
-7.49133
-7.49038
-7.48947
-7.4886
-7.48841
-7.48827
-7.48783
-7.48743
-7.48772
-7.48706
-7.48644
-7.48586
-7.48595
-7.48575
-7.48526
-7.48545
-7.48599
-7.48592
-7.48588
-7.48586
-7.48491
-7.48495
-7.4847
-7.48415
-7.48395
-7.48411
-7.48396
-7.48417
-7.48505
-7.48563
-7.48495
-7.48462
-7.48432
-7.48534
-7.48445
-7.48424
-7.48438
-7.48487
-7.48572
-7.48628
-7.48654
-7.48813
-7.48845
-7.48945
-7.48952
-7.49026
-7.49071
-7.49183
-7.49235
0
-7.49553
-7.49632
-7.49681
-7.49766
-7.49822
-7.49945
-7.50039
-7.50136
-7.50171
-7.50306
-7.50314
-7.50487
-7.5063
-7.50742
-7.50922
-7.51007
-7.51094
-7.51183
-7.51306
-7.5143
-7.51589
-7.51716
-7.51876
-7.52006
-7.52103
-7.52234
-7.52397
-7.52496
-7.52627
-7.52758
-7.52857
-7.5302
-7.5315
-7.53311
-7.53407
-7.53567
-7.53628
-7.53752
-7.53875
-7.53996
-7.5405
-7.54232
-7.54378
-7.54556
-7.54601
-7.54805
-7.54877
-7.55043
-7.55109
-7.55171
-7.55262
-7.55349
-7.554
-7.55479
-7.55618
-7.55591
-7.55656
-7.55684
-7.55772
-7.55757
-7.55769
-7.55744
-7.55809
-7.55837
-7.55923
-7.55905
-7.55946
-7.55948
-7.55911
-7.55866
-7.55879
-7.55821
-7.55819
-7.55681
-7.55535
-7.55414
-7.55382
-7.5531
-7.55197
-7.55141
-7.55012
-7.54907
-7.54793
-7.54606
-7.54476
-7.5437
-7.54255
-7.541
-7.53968
-7.53797
-7.53552
-7.53364
-7.53103
-7.52932
-7.5272
-7.52533
-7.52275
-7.52074
-7.51801
-7.51554
-7.51333
-7.51009
-7.50744
-7.50473
-7.50197
-7.49916
-7.49566
-7.49276
-7.48982
-7.48653
-7.48385
-7.48115
-7.47907
-7.47665
-7.47325
-7.46983
-7.46771
-7.46494
-7.46152
-7.45843
-7.45633
-7.45295
-7.44959
-7.44658
-7.44425
-7.44163
-7.43905
-7.43586
-7.43239
-7.42963
-7.42691
-7.42425
-7.42166
-7.41977
-7.41634
-7.41394
-7.4113
-7.40938
-7.40754
-7.40545
-7.40345
-7.40056
-7.39904
-7.39794
-7.39628
-7.39471
-7.39355
-7.3928
-7.39117
-7.39028
-7.38915
-7.38778
-7.38682
-7.38628
-7.38581
-7.38543
-7.38448
-7.38393
-7.38378
-7.38339
-7.38274
-7.38314
-7.38392
-7.38413
-7.38375
-7.38376
-7.38416
-7.3846
-7.38446
-7.3847
-7.38563
-7.38597
-7.38636
-7.38712
-7.38728
-7.3878
-7.3887
-7.38963
-7.38964
-7.39098
-7.39139
-7.39216
-7.39232
-7.39349
-7.39632
-7.39659
-7.39755
-7.39887
-7.39991
-7.40033
-7.4011
-7.40159
-7.40277
-7.40398
-7.40555
-7.40715
-7.40847
-7.4095
-7.41056
-7.41133
-7.41246
-7.41395
-7.41482
-7.41638
-7.41764
-7.41958
-7.4209
-7.42258
-7.42428
-7.42601
-7.42809
-7.42922
-7.43199
-7.43414
-7.43533
-7.43784
-7.4394
-7.44129
-7.44287
-7.44544
-7.44737
-7.4493
-7.45124
-7.4535
-7.45641
-7.45803
-7.45965
-7.46061
-7.46254
-7.46446
-7.46637
-7.46762
-7.47048
-7.47203
-7.47355
-7.47506
-7.47623
-7.47802
-7.47914
-7.48153
-7.48389
-7.48493
-7.48724
-7.48886
-7.49014
-7.49203
-7.49291
-7.49376
-7.49588
-7.49731
-7.49968
-7.50105
-7.50239
-7.50369
-7.50463
-7.50554
-7.50675
-7.50889
-7.50971
-7.51049
-7.51125
-7.51262
-7.51365
-7.51464
-7.5156
-7.51687
-7.51778
-7.51868
-7.51954
-7.52072
-7.52154
-7.52203
-7.52282
-7.52392
-7.52468
-7.5251
-7.52551
-7.52623
-7.52695
-7.52701
-7.52674
-7.52777
-7.52878
-7.5298
-7.53016
-7.5315
-7.53186
-7.53255
-7.53356
-7.53425
-7.53494
-7.53531
-7.53634
-7.53704
-7.5371
-7.53749
-7.53854
-7.53926
-7.54032
-7.54106
-7.54181
-7.54224
-7.543
-7.54376
-7.54421
-7.54499
-7.54545
-7.54624
-7.54671
-7.54784
-7.54832
-7.54913
-7.55026
-7.55172
-7.55222
-7.55303
-7.55385
-7.55433
-7.55579
-7.55692
-7.55739
-7.55851
-7.55929
-7.55973
-7.56049
-7.56156
-7.5623
-7.56302
-7.56501
-7.56602
-7.56669
-7.56733
-7.56827
-7.56854
-7.56879
-7.56901
-7.56985
-7.57099
-7.57145
-7.57155
-7.57227
-7.57296
-7.57361
-7.57358
-7.57384
-7.57406
-7.57423
-7.57405
-7.57447
-7.5742
-7.57454
-7.57451
-7.57412
-7.574
-7.57384
-7.57298
-7.5724
-7.57307
-7.57304
-7.57264
-7.57219
-7.57137
-7.5705
-7.56991
-7.56927
-7.5689
-7.56849
-7.56771
-7.56623
-7.56568
-7.56477
-7.56349
-7.56313
-7.56241
-7.56133
-7.56021
-7.55938
-7.55785
-7.55662
-7.55568
-7.55437
-7.55304
-7.55168
-7.55062
-7.54856
-7.54745
-7.54599
-7.54451
-7.54431
-7.5428
-7.54128
-7.53975
-7.5382
-7.53729
-7.53541
-7.53384
-7.53228
-7.53103
-7.52914
-7.52725
-7.52569
-7.52446
-7.52259
-7.52106
-7.51953
-7.51802
-7.51652
-7.51535
-7.51421
-7.51211
-7.51068
-7.50895
-7.50723
-7.50619
-7.50453
-7.50322
-7.50258
-7.50132
-7.5001
-7.49954
-7.49805
-7.49659
-7.49581
-7.49441
-7.4937
-7.49301
-7.49172
-7.49046
-7.48989
-7.48903
-7.48691
-7.48612
-7.48571
-7.48468
-7.48435
-7.48373
-7.48315
-7.48197
-7.48148
-7.48104
-7.48161
-7.48061
-7.48063
-7.48037
-7.48015
-7.48064
-7.48084
-7.48013
-7.48076
-7.48048
-7.48024
-7.48006
-7.48025
-7.4805
-7.4808
-7.48083
-7.48124
-7.48138
-7.4819
-7.48247
-7.48309
-7.48377
-7.4845
-7.48561
-7.48709
-7.48798
-7.48957
-7.49055
-7.49126
-7.49266
-7.49379
-7.49463
-7.49616
-7.49709
-7.4974
-7.49872
-7.49943
-7.50081
-7.50287
-7.50398
-7.50577
-7.50758
-7.50908
-7.51059
-7.51212
-7.51302
-7.51489
-7.51644
-7.518
-7.52021
-7.52209
-7.52365
-7.52519
-7.52673
-7.52859
-7.53011
-7.53291
-7.53376
-7.53491
-7.53669
-7.53781
-7.53923
-7.5403
-7.54298
-7.54465
-7.54566
-7.54696
-7.54855
-7.54948
-7.5507
-7.55156
-7.55305
-7.55451
-7.55562
-7.55605
-7.55679
-7.55684
-7.55784
-7.55914
-7.56009
-7.56069
-7.56191
-7.56246
-7.56299
-7.56348
-7.56395
-7.5644
-7.5645
-7.56555
-7.56625
-7.56758
-7.56792
-7.56855
-7.56916
-7.56943
-7.56999
-7.57021
-7.57106
-7.57156
-7.57171
-7.57248
-7.57291
-7.57299
-7.57369
-7.57501
-7.57566
-7.57596
-7.57688
-7.57681
-7.57735
-7.57689
-7.57737
-7.57717
-7.57693
-7.57634
-7.57604
-7.57571
-7.57566
-7.57655
-7.57642
-7.57625
-7.5754
-7.57419
-7.57422
-7.57454
-7.57417
-7.5731
-7.57297
-7.57181
-7.57126
-7.57034
-7.57002
-7.56932
-7.56793
-7.56649
-7.56597
-7.5654
-7.56575
-7.56541
-7.56502
-7.56425
-7.56279
-7.5616
-7.56101
-7.56004
-7.55838
-7.55732
-7.55492
-7.55344
-7.55159
-7.55035
-7.54841
-7.54642
-7.54472
-7.54395
-7.54249
-7.541
-7.53946
-7.53659
-7.53433
-7.53203
-7.53003
-7.52701
-7.52494
-7.52316
-7.52102
-7.51821
-7.51634
-7.5138
-7.51122
-7.50895
-7.50698
-7.50434
-7.50232
-7.49964
-7.49695
-7.49456
-7.4915
-7.48973
-7.48763
-7.48519
-7.48274
-7.48061
-7.47815
-7.47601
-7.47387
-7.47238
-7.46993
-7.46748
-7.46504
-7.46294
-7.46086
-7.45814
-7.4561
-7.45343
-7.45047
-7.44884
-7.44628
-7.44408
-7.44224
-7.44046
-7.43776
-7.43576
-7.43447
-7.43196
-7.43016
-7.42779
-7.42647
-7.42523
-7.42343
-7.42204
-7.4214
-7.41956
-7.41847
-7.41812
-7.41757
-7.41679
-7.41581
-7.41526
-7.41482
-7.4145
-7.4143
-7.41356
-7.41391
-7.41438
-7.41496
-7.41566
-7.41582
-7.41674
-7.41744
-7.41825
-7.4198
-7.4208
-7.42158
-7.42308
-7.42468
-7.4257
-7.42745
-7.42895
-7.43052
-7.43183
-7.43351
-7.43525
-7.43705
-7.43824
-7.43914
-7.44105
-7.44397
-7.44529
-7.4476
-7.44961
-7.45227
-7.4543
-7.45634
-7.45838
-7.46106
-7.46245
-7.46415
-7.46584
-7.46785
-7.47016
-7.4718
-7.47375
-7.47632
-7.47854
-7.48074
-7.48258
-7.48439
-7.48617
-7.48759
-7.48897
-7.49032
-7.49228
-7.49387
-7.4951
-7.4966
-7.49871
-7.50078
-7.50216
-7.50283
-7.50379
-7.50469
-7.50619
-7.50699
-7.50838
-7.5094
-7.51036
-7.51094
-7.51179
-7.51193
-7.51234
-7.51333
-7.51426
-7.51481
-7.5153
-7.51572
-7.5164
-7.51605
-7.51628
-7.51644
-7.51686
-7.51656
-7.51782
-7.51771
-7.51722
-7.51665
-7.51666
-7.51628
-7.51583
-7.51498
-7.5144
-7.51374
-7.51431
-7.51351
-7.51265
-7.51237
-7.51106
-7.51
-7.5079
-7.50607
-7.50482
-7.50351
-7.50181
-7.50038
-7.49921
-7.49799
-7.49606
-7.49441
-7.49302
-7.49126
-7.48913
-7.48727
-7.48505
-7.48311
-7.48048
-7.47847
-7.4761
-7.4737
-7.47192
-7.47043
-7.46796
-7.46611
-7.4636
-7.46141
-7.4579
-7.45634
-7.45412
-7.45191
-7.45002
-7.44749
-7.44562
-7.44408
-7.44191
-7.43944
-7.43732
-7.43587
-7.43347
-7.43144
-7.42943
-7.42812
-7.42522
-7.42302
-7.42152
-7.42006
-7.41801
-7.41665
-7.41439
-7.41315
-7.41133
-7.40956
-7.40819
-7.40721
-7.40629
-7.40447
-7.40337
-7.40201
-7.40106
-7.4005
-7.39968
-7.39862
-7.39796
-7.39737
-7.39685
-7.39641
-7.3954
-7.39478
-7.39392
-7.3941
-7.39436
-7.39437
-7.39478
-7.39493
-7.39451
-7.39416
-7.39518
-7.39594
-7.39677
-7.39702
-7.39701
-7.39804
-7.39848
-7.39964
-7.40085
-7.4018
-7.4028
-7.40385
-7.40529
-7.40645
-7.4083
-7.40924
-7.40989
-7.41156
-7.41327
-7.4147
-7.41617
-7.41768
-7.41889
-7.42014
-7.42207
-7.42403
-7.42569
-7.42705
-7.42877
-7.43082
-7.43323
-7.43501
-7.4368
-7.43861
-7.44077
-7.44262
-7.44448
-7.44604
-7.44825
-7.44983
-7.45271
-7.45464
-7.45755
-7.45981
-7.46177
-7.46341
-7.46602
-7.46768
-7.46999
-7.47231
-7.47431
-7.476
-7.47835
-7.4807
-7.48339
-7.48511
-7.48749
-7.48923
-7.4913
-7.49338
-7.49483
-7.49757
-7.49968
-7.50212
-7.50392
-7.50606
-7.5082
-7.51036
-7.51349
-7.51534
-7.51752
-7.51938
-7.52158
-7.52281
-7.52503
-7.52757
-7.5298
-7.53235
-7.53458
-7.53682
-7.53906
-7.54162
-7.54418
-7.54609
-7.54865
-7.55055
-7.55276
-7.55465
-7.55652
-7.55903
-7.56022
-7.56204
-7.5645
-7.56596
-7.56836
-7.57074
-7.57277
-7.57476
-7.57673
-7.57768
-7.57925
-7.58046
-7.58195
-7.58339
-7.58512
-7.5868
-7.58843
-7.59
-7.59153
-7.593
-7.59507
-7.59611
-7.59742
-7.59867
-7.59954
-7.60035
-7.60142
-7.60243
-7.60371
-7.60428
-7.60446
-7.60556
-7.60594
-7.60692
-7.60815
-7.60836
-7.60851
-7.60925
-7.60929
-7.60927
-7.61049
-7.61134
-7.61117
-7.6103
-7.611
-7.61165
-7.61226
-7.61185
-7.61075
-7.6109
-7.61134
-7.61077
-7.61016
-7.61016
-7.60947
-7.60973
-7.60963
-7.60918
-7.60838
-7.60787
-7.60798
-7.60807
-7.60716
-7.60654
-7.60558
-7.60492
-7.60391
-7.6032
-7.60248
-7.60173
-7.60128
-7.60049
-7.6
-7.59885
-7.59832
0
-7.59524
-7.59359
-7.59196
-7.59065
-7.59001
-7.58905
-7.58778
-7.58685
-7.58593
-7.5847
-7.58413
-7.58292
-7.58206
-7.58088
-7.57973
-7.57858
-7.57778
-7.57733
-7.57722
-7.5768
-7.57641
-7.57539
-7.57439
-7.57407
-7.57313
-7.57253
-7.57132
-7.57111
-7.57027
-7.5698
-7.57065
-7.57024
-7.56987
-7.56985
-7.56922
-7.5683
-7.56839
-7.56852
-7.56804
-7.56792
-7.56785
-7.56748
-7.56781
-7.56818
-7.56892
-7.56937
-7.56857
-7.56878
-7.56871
-7.56933
-7.56999
-7.57069
-7.57143
-7.57188
-7.5727
-7.57323
-7.57347
-7.5744
-7.57503
-7.57603
-7.57738
-7.57746
-7.57855
-7.57837
-7.57951
-7.58068
-7.58154
-7.58146
-7.58173
-7.58266
-7.5836
-7.58456
-7.58553
-7.58619
-7.58654
-7.58754
-7.5892
-7.59053
-7.59187
-7.59257
-7.59391
-7.5946
-7.59561
-7.59662
-7.59795
-7.59894
-7.60025
-7.60123
-7.60122
-7.60217
-7.60311
-7.60403
-7.60526
-7.60647
-7.60734
-7.60884
-7.6087
-7.60984
-7.61096
-7.61174
-7.61185
-7.6129
-7.61394
-7.61463
-7.61465
-7.61562
-7.61625
-7.61749
-7.61774
-7.61862
-7.61947
-7.6203
-7.62046
-7.6206
-7.62071
-7.62112
-7.62184
-7.62221
-7.62321
-7.62354
-7.62353
-7.62447
-7.62474
-7.62466
-7.62457
-7.62478
-7.62562
-7.62612
-7.62596
-7.6261
-7.62623
-7.62763
-7.62772
-7.62811
-7.62817
-7.62788
-7.62855
-7.62856
-7.62855
-7.62819
-7.62782
-7.62809
-7.62736
-7.62726
-7.62747
-7.62701
-7.62751
-7.62766
-7.62812
-7.62823
-7.628
-7.62807
-7.6278
-7.62815
-7.62783
-7.62748
-7.62647
-7.62608
-7.62437
-7.62393
-7.62346
-7.62296
-7.62243
-7.62155
-7.62097
-7.62035
-7.61937
-7.61933
-7.61926
-7.61818
-7.61707
-7.61625
-7.61539
-7.61482
-7.61388
-7.61226
-7.61124
-7.61019
-7.60942
-7.60796
-7.60646
-7.60492
-7.60334
-7.60237
-7.60038
-7.59901
-7.59759
-7.59679
-7.59562
-7.59377
-7.5922
-7.59091
-7.5896
-7.58792
-7.58588
-7.5838
-7.58202
-7.57988
-7.57803
-7.57648
-7.57489
-7.57263
-7.57067
-7.56869
-7.567
-7.56432
-7.56163
-7.55924
-7.55748
-7.55507
-7.55296
-7.55053
-7.54776
-7.54564
-7.54318
-7.54105
-7.53925
-7.53777
-7.53597
-7.53353
-7.5311
-7.52836
-7.5266
-7.52454
-7.52249
-7.52046
-7.51845
-7.51679
-7.51482
-7.51321
-7.51098
-7.50877
-7.5066
-7.50511
-7.50235
-7.50028
-7.49889
-7.49754
-7.49558
-7.49397
-7.49177
-7.49057
-7.48908
-7.48732
-7.48657
-7.48585
-7.48486
-7.48358
-7.48169
-7.48049
-7.47966
-7.47886
-7.47778
-7.47738
-7.47605
-7.47508
-7.47415
-7.47324
-7.47205
-7.47153
-7.47105
-7.46994
-7.46918
-7.46878
-7.46807
-7.46739
-7.46672
-7.46575
-7.4648
-7.46452
-7.46393
-7.46367
-7.46279
-7.46224
-7.4617
-7.46084
-7.46032
-7.46046
-7.45995
-7.45945
-7.45896
-7.45847
-7.45799
-7.45719
-7.45704
-7.4569
-7.45611
-7.45631
-7.45618
-7.45541
-7.45497
-7.45356
-7.45346
-7.45304
-7.45295
-7.45255
-7.45248
-7.45145
-7.45107
-7.45071
-7.45101
-7.45068
-7.45133
-7.4507
-7.45042
-7.44919
-7.44927
-7.44873
-7.44886
-7.4487
-7.44791
-7.44813
-7.44806
-7.44868
-7.44835
-7.44872
-7.4488
-7.4486
-7.44878
-7.449
-7.44927
-7.44993
-7.45032
-7.45076
-7.45063
-7.45154
-7.45219
-7.45324
-7.45436
-7.45459
-7.45491
-7.45596
-7.45709
-7.45831
-7.46027
-7.46135
-7.46382
-7.46606
-7.46743
-7.46954
-7.47078
-7.4731
-7.47583
-7.47867
-7.48127
-7.48333
-7.48549
-7.48806
-7.49072
-7.49282
-7.49533
-7.49857
-7.50124
-7.50432
-7.50778
-7.51099
-7.51426
-7.51726
-7.52031
-7.52372
-7.52718
-7.53034
-7.53386
-7.53772
-7.54127
-7.54419
-7.54743
-7.55132
-7.5552
-7.5581
-7.56162
-7.56448
-7.56828
-7.57172
-7.57513
-7.57914
-7.58246
-7.58542
-7.58864
-7.59181
-7.59491
-7.59796
-7.60095
-7.60322
-7.60672
-7.60885
-7.61189
-7.61485
-7.61742
-7.61927
-7.62137
-7.62307
-7.62469
-7.62721
-7.62933
-7.6317
-7.6327
-7.63492
-7.63739
-7.63881
-7.64081
-7.6424
-7.64393
-7.64635
-7.64741
-7.64872
-7.64963
-7.65112
-7.65222
-7.65325
-7.65454
-7.65543
-7.65594
-7.65638
-7.65676
-7.65836
-7.65893
-7.65944
-7.6602
-7.66025
-7.66056
-7.66081
-7.661
-7.66015
-7.65956
-7.65956
-7.65949
-7.65904
-7.65852
-7.65826
-7.65762
-7.65723
-7.65711
-7.65724
-7.65666
-7.65634
-7.65628
-7.65551
-7.65435
-7.65344
-7.65313
-7.65209
-7.65034
-7.6495
-7.64762
-7.64631
-7.64495
-7.64351
-7.64233
-7.64075
-7.63879
-7.63708
-7.63531
-7.63413
-7.63255
-7.63059
-7.62856
-7.62615
-7.62368
-7.62115
-7.61888
-7.61624
-7.61321
-7.61079
-7.60799
-7.60514
-7.60224
-7.59962
-7.59696
-7.59427
-7.59088
-7.58779
-7.58467
-7.58152
-7.57932
-7.57677
-7.57389
-7.57131
-7.56872
-7.56547
-7.56255
-7.55962
-7.55702
-7.55411
-7.5512
-7.54831
-7.54609
-7.54356
-7.54042
-7.53827
-7.53519
-7.53215
-7.52979
-7.52683
-7.52425
-7.52138
-7.51825
-7.51583
-7.51346
-7.51115
-7.50859
-7.50609
-7.50399
-7.50261
-7.50097
-7.49942
-7.49794
-7.49654
-7.4949
-7.49367
-7.49219
-7.4908
-7.4895
-7.48827
-7.48682
-7.48641
-7.48545
-7.48489
-7.48345
-7.48242
-7.4818
-7.48126
-7.48112
-7.4814
-7.48078
-7.48024
-7.48042
-7.48036
-7.48037
-7.4798
-7.47995
-7.48016
-7.48012
-7.48014
-7.48055
-7.48101
-7.48153
-7.48243
-7.48339
-7.48439
-7.48576
-7.48621
-7.48703
-7.48757
-7.48911
-7.49037
-7.49167
-7.49267
-7.49306
-7.49445
-7.49522
-7.49764
-7.49879
-7.49996
-7.50082
-7.50268
-7.50423
-7.5058
-7.50771
-7.50866
-7.51027
-7.51157
-7.51256
-7.51388
-7.51521
-7.5172
-7.51855
-7.51958
-7.52029
-7.52198
-7.52335
-7.52473
-7.5261
-7.52716
-7.52853
-7.52991
-7.53194
-7.53332
-7.53405
-7.53575
-7.5368
-7.53818
-7.53987
-7.54189
-7.5439
-7.54494
-7.54597
-7.547
-7.54867
-7.55
-7.55069
-7.55201
-7.55332
-7.55495
-7.55656
-7.55784
-7.56008
-7.56133
-7.5629
-7.56379
-7.56532
-7.5665
-7.56798
-7.56945
-7.57121
-7.5723
-7.57336
-7.57439
-7.57539
-7.57636
-7.57696
-7.57786
-7.57839
-7.57888
-7.57998
-7.58038
-7.58073
-7.58201
-7.58259
-7.58343
-7.58422
-7.58463
-7.58498
-7.58397
-7.58484
-7.58532
-7.58573
-7.58608
-7.58603
-7.58559
-7.58507
-7.58415
-7.58348
-7.58274
-7.58224
-7.58134
-7.58069
-7.58061
-7.57947
-7.57794
-7.57697
-7.57399
-7.57321
-7.57235
-7.57142
-7.57106
-7.56934
-7.56788
-7.56603
-7.56477
-7.56312
-7.56174
-7.55934
-7.55689
-7.55504
-7.55348
-7.55155
-7.54992
-7.54728
-7.5456
-7.54324
-7.5412
-7.5385
-7.5358
-7.53375
-7.53202
-7.52999
-7.52829
-7.52661
-7.52463
-7.52268
-7.52109
-7.51921
-7.51705
-7.51493
-7.51222
-7.51053
-7.50858
-7.50701
-7.50583
-7.50439
-7.50335
-7.5014
-7.49985
-7.4987
-7.49795
-7.4976
-7.49635
-7.49551
-7.49442
-7.49373
-7.49279
-7.49193
-7.49147
-7.49011
-7.4898
-7.48956
-7.49003
-7.49024
-7.4902
-7.4899
-7.489
-7.48914
-7.48933
-7.4899
-7.48987
-7.48989
-7.48995
-7.49102
-7.49148
-7.49198
-7.49284
-7.49308
-7.49368
-7.4943
-7.49495
-7.49627
-7.49697
-7.49768
-7.49907
-7.49917
-7.49962
-7.50008
-7.50121
-7.50236
-7.5032
-7.50437
-7.50524
-7.50645
-7.50832
-7.50924
-7.51049
-7.51112
-7.51209
-7.5121
-7.51343
-7.51414
-7.51583
-7.51594
-7.51736
-7.51848
-7.51995
-7.5208
-7.52266
-7.52422
-7.52613
-7.5271
-7.52843
-7.53012
-7.53151
-7.53262
-7.53376
-7.53493
-7.53614
-7.53836
-7.53932
-7.54129
-7.54296
-7.54435
-7.54642
-7.5482
-7.55002
-7.55252
-7.55505
-7.556
-7.55827
-7.55993
-7.56195
-7.56431
-7.56735
-7.56977
-7.57125
-7.57404
-7.57653
-7.57903
-7.58091
-7.58345
-7.58536
-7.58728
-7.58953
-7.59211
-7.59437
-7.59729
-7.59891
-7.60118
-7.60377
-7.60635
-7.6086
-7.61116
-7.61469
-7.6169
-7.61877
-7.62094
-7.62374
-7.62619
-7.62861
-7.63036
-7.6324
-7.63441
-7.63638
-7.63864
-7.64087
-7.64305
-7.64486
-7.64663
-7.64901
-7.65069
-7.652
-7.65358
-7.65511
-7.65593
-7.65735
-7.65871
-7.65905
-7.66062
-7.66246
-7.66326
-7.66498
-7.66631
-7.66725
-7.66813
-7.66829
-7.66838
-7.6697
-7.67064
-7.6702
-7.67132
-7.67172
-7.67173
-7.67198
-7.67281
-7.67293
-7.67232
-7.67163
-7.67185
-7.67134
-7.67011
-7.66978
-7.66937
-7.6692
-7.66896
-7.66735
-7.66632
-7.66618
-7.66499
-7.6647
-7.66337
-7.66261
-7.66242
-7.6612
-7.65926
-7.65757
-7.65613
-7.65398
-7.65273
-7.65109
-7.64939
-7.6473
-7.64548
-7.64359
-7.64165
-7.63965
-7.63728
-7.63452
-7.63237
-7.62952
-7.62695
-7.62499
-7.62362
-7.62093
-7.61787
-7.61576
-7.61296
-7.61077
-7.60759
-7.60503
-7.60147
-7.59855
-7.59528
-7.59297
-7.59097
-7.58798
-7.58532
-7.58297
-7.57964
-7.57729
-7.57397
-7.57163
-7.56897
-7.56665
-7.56336
-7.55977
-7.55718
-7.5546
-7.55205
-7.54985
-7.54769
-7.54491
-7.54281
-7.54043
-7.5381
-7.53581
-7.53357
-7.53106
-7.52828
-7.52621
-7.52388
-7.52193
-7.5207
-7.51889
-7.51747
-7.51646
-7.5152
-7.51435
-7.51261
-7.51096
-7.50971
-7.50824
-7.50653
-7.50556
-7.50468
-7.50357
-7.50289
-7.5023
-7.50117
-7.50078
-7.50114
-7.49999
-7.50023
-7.50025
-7.50038
-7.50093
-7.50093
-7.50168
-7.50286
-7.50381
-7.50454
-7.50601
-7.50662
-7.50731
-7.50843
-7.50964
-7.51127
-7.51267
-7.51415
-7.51605
-7.51771
-7.51978
-7.52161
-7.52352
-7.52583
-7.52789
-7.52971
-7.53193
-7.53486
-7.53656
-7.53898
-7.54147
-7.54401
-7.54629
-7.54862
-7.55069
-7.55377
-7.55625
-7.55911
-7.562
-7.56493
-7.56789
-7.57024
-7.57359
-7.576
-7.57874
-7.58151
-7.58526
-7.58902
-7.59149
-7.59462
-7.59774
-7.6015
-7.60461
-7.60738
-7.61078
-7.61416
-7.61687
-7.61923
-7.62285
-7.62578
-7.62803
-7.63088
-7.63401
-7.63643
-7.63945
-7.64144
-7.64401
-7.64651
-7.64862
-7.65065
-7.6526
-7.65447
