1 7.31394 7.31394 0
2 7.39798 7.35596 0.0297132
3 7.34383 7.35192 0.0200823
4 7.4361 7.37296 0.0236435
5 7.24739 7.34785 0.0293663
6 7.38282 7.35368 0.0250437
7 7.36313 7.35503 0.0215024
8 7.23327 7.33981 0.0235939
9 7.45732 7.35286 0.0243181
10 7.32525 7.3501 0.0220425
11 7.31562 7.34697 0.0202603
12 7.3847 7.35011 0.0188144
13 7.37024 7.35166 0.0174307
14 7.33506 7.35047 0.0162259
15 7.42419 7.35539 0.015871
16 7.331 7.35387 0.0149521
17 7.4239 7.35799 0.0146291
18 7.34486 7.35726 0.0138345
19 7.32548 7.35558 0.013207
20 7.40551 7.35808 0.0127804
21 7.35584 7.35797 0.0121723
22 7.33065 7.35673 0.0116822
23 7.40056 7.35864 0.0113286
24 7.35866 7.35864 0.0108566
25 7.36556 7.35891 0.0104259
26 7.34493 7.35838 0.0100388
27 7.35635 7.3583 0.00966723
28 7.38757 7.35935 0.00937832
29 7.33133 7.35838 0.00910456
30 7.38501 7.35927 0.00884424
31 7.33876 7.35861 0.00858364
32 7.35348 7.35845 0.00831689
33 7.38984 7.3594 0.00811908
34 7.33906 7.3588 0.00790228
35 7.35668 7.35874 0.00767673
36 7.34913 7.35847 0.00746813
37 7.32054 7.35745 0.0073363
38 7.33557 7.35687 0.00716579
39 7.3104 7.35568 0.00708045
40 7.33307 7.35512 0.00692596
41 7.40825 7.35641 0.00687723
42 7.37159 7.35677 0.00672298
43 7.3053 7.35558 0.00667234
44 7.38096 7.35615 0.00654559
45 7.39024 7.35691 0.00644381
46 7.37647 7.35734 0.00631774
47 7.37192 7.35765 0.00619094
48 7.31581 7.35677 0.00612299
49 7.30121 7.35564 0.00610214
50 7.36921 7.35591 0.00598613
51 7.33212 7.35544 0.00588691
52 7.37787 7.35588 0.00578947
53 7.35379 7.35584 0.00568037
54 7.37225 7.35614 0.00558331
55 7.35343 7.35609 0.00548201
56 7.31933 7.35543 0.00542329
57 7.4093 7.35638 0.00540986
58 7.39299 7.35701 0.00535328
59 7.35517 7.35698 0.00526264
60 7.31028 7.3562 0.00523216
61 7.36725 7.35638 0.00514952
62 7.35196 7.35631 0.00506696
63 7.37492 7.35661 0.00499514
64 7.32351 7.35609 0.00494378
65 7.3068 7.35533 0.00492554
66 7.39356 7.35591 0.00488485
67 7.3557 7.35591 0.00481194
68 7.31624 7.35532 0.00477641
69 7.37639 7.35563 0.00471693
70 7.33118 7.35528 0.00466246
71 7.31342 7.35469 0.00463393
72 7.38039 7.35505 0.00458329
73 7.34549 7.35492 0.00452237
74 7.36832 7.3551 0.00446489
75 7.2841 7.35415 0.00450458
76 7.39256 7.35466 0.00447357
77 7.31053 7.35408 0.00445202
78 7.34785 7.354 0.00439566
79 7.37826 7.35431 0.00435073
80 7.38909 7.35475 0.00431802
81 7.37545 7.355 0.00427226
82 7.29059 7.35422 0.00429176
83 7.36785 7.35438 0.0042432
84 7.37361 7.35461 0.00419886
85 7.36664 7.35475 0.00415185
86 7.32621 7.35442 0.00411681
87 7.3951 7.35489 0.00409597
88 7.25163 7.35371 0.00421413
89 7.3378 7.35353 0.00417057
90 7.40259 7.35408 0.0041597
91 7.31143 7.35361 0.00414031
92 7.33079 7.35336 0.00410273
93 7.33147 7.35313 0.00406536
94 7.3377 7.35296 0.00402542
95 7.35323 7.35297 0.00398305
96 7.31884 7.35261 0.00395739
97 7.37898 7.35288 0.00392592
98 7.32956 7.35264 0.00389307
99 7.3407 7.35252 0.00385561
100 7.32755 7.35227 0.00382513
101 7.30225 7.35178 0.0038192
102 7.35556 7.35182 0.00378193
103 7.36972 7.35199 0.00374921
104 7.30154 7.3515 0.0037444
105 7.36839 7.35167 0.00371219
106 7.38441 7.35197 0.00369
107 7.34876 7.35194 0.00365564
108 7.31329 7.35159 0.00363927
109 7.3869 7.35191 0.00362028
110 7.34746 7.35187 0.00358759
111 7.2564 7.35101 0.00365691
112 7.41058 7.35154 0.00366273
113 7.39489 7.35192 0.00365035
114 7.33145 7.35175 0.00362275
115 7.4106 7.35226 0.00362722
116 7.33329 7.35209 0.00359963
117 7.32362 7.35185 0.00357709
118 7.35231 7.35185 0.00354677
119 7.34218 7.35177 0.0035179
120 7.39433 7.35213 0.00350641
121 7.32683 7.35192 0.00348366
122 7.40262 7.35233 0.0034798
123 7.3402 7.35224 0.00345291
124 7.35887 7.35229 0.00342548
125 7.33406 7.35214 0.00340118
126 7.40141 7.35253 0.00339658
127 7.32256 7.3523 0.00337803
128 7.28573 7.35178 0.00339143
129 7.36303 7.35187 0.00336626
130 7.33694 7.35175 0.00334232
131 7.37155 7.3519 0.00332022
132 7.36294 7.35199 0.00329612
133 7.30622 7.35164 0.00328925
134 7.36847 7.35177 0.0032671
135 7.34492 7.35172 0.00324329
136 7.32447 7.35152 0.00322562
137 7.35216 7.35152 0.00320208
138 7.37703 7.35171 0.00318421
139 7.36585 7.35181 0.00316293
140 7.32242 7.3516 0.00314729
141 7.36542 7.3517 0.0031265
142 7.34165 7.35162 0.00310528
143 7.36451 7.35171 0.00308487
144 7.37137 7.35185 0.00306647
145 7.34025 7.35177 0.00304636
146 7.31183 7.3515 0.00303776
147 7.3347 7.35138 0.00301924
148 7.33497 7.35127 0.00300088
149 7.32101 7.35107 0.0029876
150 7.37925 7.35126 0.00297359
151 7.30369 7.35094 0.00297053
152 7.35053 7.35094 0.00295099
153 7.33603 7.35084 0.00293331
154 7.38064 7.35104 0.00292063
155 7.3666 7.35114 0.00290352
156 7.30828 7.35086 0.00289787
157 7.36244 7.35093 0.00288035
158 7.33364 7.35083 0.0028642
159 7.33556 7.35073 0.0028478
160 7.33775 7.35065 0.00283115
161 7.37726 7.35081 0.00281839
162 7.34378 7.35077 0.00280132
163 7.2988 7.35045 0.00280222
164 7.39998 7.35075 0.00280136
165 7.31552 7.35054 0.00279251
166 7.3959 7.35081 0.00278903
167 7.28278 7.35041 0.00280192
168 7.45031 7.351 0.00284765
169 7.27871 7.35057 0.00286275
170 7.36821 7.35068 0.00284779
171 7.35978 7.35073 0.00283163
172 7.32637 7.35059 0.00281871
173 7.30803 7.35034 0.00281313
174 7.4106 7.35069 0.0028182
175 7.34439 7.35065 0.00280232
176 7.3647 7.35073 0.00278754
177 7.38887 7.35095 0.00278011
178 7.38443 7.35114 0.00277084
179 7.38979 7.35135 0.00276377
180 7.27571 7.35093 0.00278017
181 7.35357 7.35095 0.00276485
182 7.37702 7.35109 0.00275337
183 7.32109 7.35093 0.0027432
184 7.38939 7.35113 0.00273624
185 7.34545 7.3511 0.00272163
186 7.32821 7.35098 0.00270978
187 7.39935 7.35124 0.0027076
188 7.39136 7.35145 0.0027016
189 7.30979 7.35123 0.00269628
190 7.40787 7.35153 0.00269852
191 7.37707 7.35166 0.00268771
192 7.33169 7.35156 0.00267572
193 7.32233 7.35141 0.00266614
194 7.36055 7.35146 0.00265281
195 7.39234 7.35167 0.00264748
196 7.34127 7.35161 0.0026345
197 7.33353 7.35152 0.00262273
198 7.40661 7.3518 0.0026242
199 7.36701 7.35188 0.00261212
200 7.39321 7.35208 0.00260722
