1 -7.59879 -7.59879 0
2 -7.58819 -7.59349 0.0037478
3 -7.59402 -7.59367 0.00250274
4 -7.57078 -7.58795 0.0052975
5 -7.6076 -7.59188 0.00550708
6 -7.57951 -7.58982 0.00496005
7 -7.58531 -7.58917 0.00429301
8 -7.60559 -7.59122 0.00421847
9 -7.56712 -7.58855 0.00452074
10 -7.59482 -7.58917 0.00411199
11 -7.59486 -7.58969 0.00377054
12 -7.58206 -7.58906 0.00350948
13 -7.58903 -7.58905 0.00323952
14 -7.59275 -7.58932 0.00301886
15 -7.57587 -7.58842 0.00294776
16 -7.6005 -7.58918 0.00285864
17 -7.58129 -7.58871 0.0027279
18 -7.59174 -7.58888 0.00258154
19 -7.59564 -7.58924 0.00247009
20 -7.58385 -7.58897 0.00236124
21 -7.59144 -7.58908 0.00225174
22 -7.59231 -7.58923 0.00215416
23 -7.58133 -7.58889 0.00208771
24 -7.5856 -7.58875 0.00200522
25 -7.58884 -7.58875 0.00192501
26 -7.58892 -7.58876 0.00185098
27 -7.5884 -7.58875 0.00178248
28 -7.5808 -7.58846 0.00174129
29 -7.59476 -7.58868 0.00169473
30 -7.58868 -7.58868 0.00163824
31 -7.59308 -7.58882 0.00159152
32 -7.58961 -7.58885 0.00154197
33 -7.58453 -7.58872 0.00150079
34 -7.58982 -7.58875 0.001457
35 -7.58721 -7.5887 0.00141604
36 -7.59118 -7.58877 0.00137837
37 -7.59504 -7.58894 0.00135149
38 -7.59299 -7.58905 0.00132012
39 -7.59907 -7.58931 0.00131103
40 -7.59073 -7.58934 0.00127874
41 -7.57711 -7.58904 0.00128187
42 -7.58103 -7.58885 0.00126546
43 -7.59819 -7.58907 0.00125453
44 -7.58724 -7.58903 0.0012267
45 -7.58434 -7.58892 0.00120387
46 -7.58403 -7.58882 0.00118238
47 -7.58408 -7.58872 0.00116151
48 -7.59558 -7.58886 0.00114609
49 -7.59454 -7.58898 0.00112854
50 -7.58626 -7.58892 0.00110727
51 -7.59246 -7.58899 0.00108773
52 -7.58495 -7.58891 0.00106959
53 -7.58899 -7.58891 0.00104941
54 -7.58257 -7.5888 0.00103654
55 -7.58751 -7.58877 0.00101796
56 -7.59418 -7.58887 0.00100434
57 -7.58032 -7.58872 0.000997846
58 -7.58557 -7.58867 0.000982121
59 -7.58937 -7.58868 0.000965548
60 -7.59803 -7.58883 0.000961967
61 -7.59196 -7.58889 0.000947564
62 -7.593 -7.58895 0.000934606
63 -7.58797 -7.58894 0.000919901
64 -7.59323 -7.589 0.000907969
65 -7.59671 -7.58912 0.000901709
66 -7.57889 -7.58897 0.000901272
67 -7.58693 -7.58894 0.000888335
68 -7.58968 -7.58895 0.000875339
69 -7.58233 -7.58885 0.000867897
70 -7.58885 -7.58885 0.000855499
71 -7.59031 -7.58887 0.000843695
72 -7.58268 -7.58879 0.000836355
73 -7.58765 -7.58877 0.000825042
74 -7.58631 -7.58874 0.000814562
75 -7.60107 -7.5889 0.000820137
76 -7.58264 -7.58882 0.000813474
77 -7.59714 -7.58893 0.000810055
78 -7.58983 -7.58894 0.000799753
79 -7.58451 -7.58888 0.00079159
80 -7.58518 -7.58884 0.00078305
81 -7.58757 -7.58882 0.000773539
82 -7.60222 -7.58898 0.000781163
83 -7.5867 -7.58896 0.000772235
84 -7.58949 -7.58896 0.000763068
85 -7.58904 -7.58896 0.000754092
86 -7.59538 -7.58904 0.000749003
87 -7.58413 -7.58898 0.000742516
88 -7.60817 -7.5892 0.00076544
89 -7.5928 -7.58924 0.000757905
90 -7.58287 -7.58917 0.000752778
91 -7.59316 -7.58921 0.000745779
92 -7.59404 -7.58927 0.000739514
93 -7.59519 -7.58933 0.000734302
94 -7.59184 -7.58936 0.000726975
95 -7.59168 -7.58938 0.000719732
96 -7.596 -7.58945 0.000715533
97 -7.58491 -7.5894 0.000709688
98 -7.59363 -7.58945 0.000703755
99 -7.59148 -7.58947 0.000696946
100 -7.59383 -7.58951 0.00069134
101 -7.59411 -7.58956 0.000685997
102 -7.58489 -7.58951 0.000680792
103 -7.58221 -7.58944 0.00067786
104 -7.59695 -7.58951 0.000675183
105 -7.58534 -7.58947 0.000669921
106 -7.58385 -7.58942 0.0006657
107 -7.58701 -7.5894 0.000659859
108 -7.59698 -7.58947 0.00065748
109 -7.58297 -7.58941 0.000654142
110 -7.59112 -7.58942 0.000648382
111 -7.6055 -7.58957 0.000658517
112 -7.58223 -7.5895 0.000655892
113 -7.58595 -7.58947 0.000650841
114 -7.59532 -7.58952 0.000647154
115 -7.57951 -7.58943 0.000647356
116 -7.59588 -7.58949 0.000644157
117 -7.59448 -7.58953 0.000640063
118 -7.58514 -7.5895 0.000635718
119 -7.5886 -7.58949 0.00063042
120 -7.58426 -7.58944 0.000626672
121 -7.59039 -7.58945 0.000621542
122 -7.57947 -7.58937 0.00062181
123 -7.58604 -7.58934 0.000617343
124 -7.58841 -7.58934 0.00061241
125 -7.59295 -7.58936 0.000608194
126 -7.57845 -7.58928 0.000609501
127 -7.58962 -7.58928 0.000604708
128 -7.59687 -7.58934 0.000602885
129 -7.58511 -7.58931 0.000599102
130 -7.59236 -7.58933 0.000594953
131 -7.58502 -7.5893 0.000591321
132 -7.58589 -7.58927 0.000587404
133 -7.6005 -7.58936 0.000589027
134 -7.58709 -7.58934 0.000584874
135 -7.5929 -7.58937 0.000581136
136 -7.59486 -7.58941 0.000578268
137 -7.58371 -7.58936 0.000575541
138 -7.58378 -7.58932 0.000572789
139 -7.58564 -7.5893 0.00056928
140 -7.59474 -7.58934 0.000566538
141 -7.58897 -7.58933 0.000562526
142 -7.59508 -7.58937 0.000560016
143 -7.5872 -7.58936 0.000556306
144 -7.5838 -7.58932 0.00055378
145 -7.59196 -7.58934 0.000550261
146 -7.59672 -7.58939 0.00054881
147 -7.59763 -7.58945 0.000547934
148 -7.59533 -7.58949 0.000545674
149 -7.5953 -7.58952 0.000543406
150 -7.58265 -7.58948 0.000541712
151 -7.59827 -7.58954 0.000541242
152 -7.59518 -7.58957 0.000538955
153 -7.59239 -7.58959 0.000535746
154 -7.58584 -7.58957 0.000532819
155 -7.58281 -7.58952 0.00053116
156 -7.59419 -7.58955 0.000528598
157 -7.58615 -7.58953 0.000525675
158 -7.58888 -7.58953 0.000522364
159 -7.59085 -7.58954 0.000519145
160 -7.59052 -7.58954 0.000515937
161 -7.58686 -7.58953 0.000513002
162 -7.59028 -7.58953 0.000509856
163 -7.59602 -7.58957 0.00050828
164 -7.57886 -7.58951 0.000509358
165 -7.59603 -7.58955 0.000507803
166 -7.58229 -7.5895 0.00050662
167 -7.60349 -7.58959 0.000510466
168 -7.57178 -7.58948 0.000518312
169 -7.59875 -7.58953 0.000518139
170 -7.58178 -7.58949 0.000517092
171 -7.5889 -7.58949 0.000514079
172 -7.5918 -7.5895 0.000511266
173 -7.59344 -7.58952 0.000508819
174 -7.58116 -7.58947 0.000508158
175 -7.59694 -7.58952 0.000507043
176 -7.5886 -7.58951 0.000504189
177 -7.58532 -7.58949 0.000501896
178 -7.58589 -7.58947 0.000499483
179 -7.58438 -7.58944 0.0004975
180 -7.60426 -7.58952 0.000501505
181 -7.59537 -7.58955 0.000499775
182 -7.58724 -7.58954 0.000497191
183 -7.59624 -7.58958 0.000495821
184 -7.58029 -7.58953 0.000495689
185 -7.5877 -7.58952 0.000493108
186 -7.59684 -7.58956 0.000492027
187 -7.58307 -7.58952 0.000490616
188 -7.58397 -7.58949 0.000488895
189 -7.59552 -7.58952 0.000487347
190 -7.5789 -7.58947 0.000487977
191 -7.58583 -7.58945 0.000485793
192 -7.59241 -7.58946 0.000483508
193 -7.5955 -7.5895 0.000482013
194 -7.58732 -7.58948 0.000479659
195 -7.58074 -7.58944 0.000479293
196 -7.5904 -7.58944 0.000476872
197 -7.59268 -7.58946 0.000474735
198 -7.58059 -7.58942 0.000474445
199 -7.58467 -7.58939 0.00047266
200 -7.58231 -7.58936 0.000471622
