0 0 0
0.0230664 0 0
0.0461329 0 0
0.0691993 0 0
0.0922657 0 0
0.115332 0 0
0.138399 0 0
0.161465 0 0
0.184531 0 0
0.207598 0 0
0.230664 0 0
0.253731 0 0
0.276797 0 0
0.299864 0 0
0.32293 0 0
0.345996 0 0
0.369063 0 0
0.392129 0 0
0.415196 0 0
0.438262 0 0
0.461329 0 0
0.484395 0 0
0.507461 0 0
0.530528 0 0
0.553594 0 0
0.576661 0 0
0.599727 0 0
0.622794 0 0
0.64586 0 0
0.668926 0 0
0.691993 0 0
0.715059 0 0
0.738126 0 0
0.761192 0 0
0.784259 0 0
0.807325 0 0
0.830391 0 0
0.853458 0 0
0.876524 4.6148e-05 2.31617e-05
0.899591 0.0028632 0.000192407
0.922657 0.0491443 0.000938958
0.945724 0.340013 0.00215296
0.96879 1.24947 0.00359546
0.991856 2.9234 0.00638275
1.01492 4.8416 0.00842317
1.03799 6.23569 0.00898695
1.06106 6.64049 0.00936901
1.08412 6.07123 0.00894662
1.10719 4.92241 0.00859697
1.13026 3.61329 0.00749583
1.15332 2.41888 0.00544962
1.17639 1.48531 0.00433789
1.19945 0.845189 0.0031272
1.22252 0.444818 0.00271118
1.24559 0.219324 0.002139
1.26865 0.103554 0.0014393
1.29172 0.05566 0.0010622
1.31479 0.0487029 0.00110446
1.33785 0.07557 0.00124882
1.36092 0.135595 0.00161586
1.38399 0.239286 0.00210959
1.40705 0.397175 0.00239761
1.43012 0.600988 0.00259667
1.45319 0.84052 0.00253178
1.47625 1.0743 0.00304596
1.49932 1.23338 0.00370852
1.52238 1.30689 0.004555
1.54545 1.24995 0.00432296
1.56852 1.08322 0.00319685
1.59158 0.858615 0.00251699
1.61465 0.621757 0.00208291
1.63772 0.415214 0.0021245
1.66078 0.279855 0.00211872
1.68385 0.239346 0.00229596
1.70692 0.319598 0.0026065
1.72998 0.551216 0.00308299
1.75305 0.973326 0.00362104
1.77612 1.58209 0.0039408
1.79918 2.30816 0.00334064
1.82225 3.00344 0.00420699
1.84531 3.49968 0.0058751
1.86838 3.66212 0.00651504
1.89145 3.44488 0.00607005
1.91451 2.93785 0.0048097
1.93758 2.26412 0.00328995
1.96065 1.58993 0.00301889
1.98371 1.04828 0.0030194
2.00678 0.69577 0.00300778
2.02985 0.551565 0.00295995
2.05291 0.593414 0.00277633
2.07598 0.775703 0.00236202
2.09905 1.01235 0.00207483
2.12211 1.2341 0.00223341
2.14518 1.35826 0.00278672
2.16824 1.36049 0.00326564
2.19131 1.2441 0.00264117
2.21438 1.05971 0.00213458
2.23744 0.869938 0.00221255
2.26051 0.749247 0.00301658
2.28358 0.748251 0.0037832
