                   1           -0.682452           -0.682452                   0
                   2           -0.682313           -0.682382            6.96e-05
                   3           -0.681635           -0.682133         0.000252287
                   4           -0.682269           -0.682167          0.00018158
                   5           -0.683066           -0.682347         0.000228184
                   6           -0.683309           -0.682507         0.000245793
                   7           -0.683832           -0.682696         0.000281018
                   8           -0.681297           -0.682522         0.000299731
                   9           -0.681428             -0.6824         0.000290924
                  10           -0.681607           -0.682321          0.00027202
                  11            -0.68175           -0.682269         0.000251469
                  12           -0.682906           -0.682322         0.000235613
                  13            -0.68095           -0.682216         0.000241072
                  14           -0.681547           -0.682169         0.000228249
                  15            -0.68325           -0.682241         0.000224378
                  16           -0.681965           -0.682223         0.000210593
                  17           -0.682028           -0.682212         0.000198151
                  18           -0.681489           -0.682172         0.000191089
                  19           -0.681894           -0.682157         0.000181344
                  20           -0.682216            -0.68216         0.000172063
                  21           -0.680742           -0.682092         0.000177054
                  22           -0.681507           -0.682066         0.000170897
                  23           -0.683238           -0.682117         0.000171071
                  24           -0.681999           -0.682112         0.000163861
                  25           -0.681319            -0.68208         0.000160337
                  26           -0.682102           -0.682081         0.000154049
                  27           -0.682046            -0.68208         0.000148239
                  28           -0.682817           -0.682106         0.000145252
                  29           -0.682253           -0.682111         0.000140245
                  30           -0.683108           -0.682144         0.000139505
                  31           -0.681438           -0.682122         0.000136838
                  32           -0.682358           -0.682129         0.000132698
                  33           -0.681185             -0.6821         0.000131758
                  34           -0.682681           -0.682117         0.000128959
                  35           -0.682477           -0.682128          0.00012564
                  36           -0.681649           -0.682114         0.000122823
                  37           -0.682359           -0.682121          0.00011964
                  38            -0.68148           -0.682104         0.000117665
                  39            -0.68141           -0.682086         0.000115984
                  40           -0.682271           -0.682091         0.000113141
                  41           -0.683256           -0.682119         0.000113947
                  42           -0.682503           -0.682129         0.000111576
                  43           -0.682325           -0.682133         0.000109046
                  44           -0.682399           -0.682139          0.00010671
                  45           -0.682628            -0.68215         0.000104876
                  46           -0.682315           -0.682154         0.000102634
                  47           -0.682904            -0.68217         0.000101688
                  48           -0.682828           -0.682183         0.000100487
                  49           -0.682079           -0.682181         9.84381e-05
                  50           -0.683077           -0.682199         9.80986e-05
