                   1            0.377351            0.377351                   0
                   2            0.376184            0.376768         0.000583423
                   3            0.375125             0.37622           0.0006428
                   4            0.380627            0.377322          0.00119174
                   5            0.378716            0.377601         0.000964305
                   6            0.375133            0.377189         0.000888271
                   7                0.38            0.377591          0.00085136
                   8            0.382716            0.378232         0.000976757
                   9            0.377529            0.378153         0.000864951
                  10            0.378704            0.378209         0.000775595
                  11            0.382136            0.378566         0.000787184
                  12            0.377956            0.378515          0.00072039
                  13            0.376879            0.378389           0.0006745
                  14            0.380155            0.378515         0.000637071
                  15            0.377644            0.378457         0.000595918
                  16            0.376808            0.378354         0.000566884
                  17            0.381696            0.378551         0.000567629
                  18            0.378045            0.378522         0.000535903
                  19            0.380056            0.378603         0.000513297
                  20            0.380903            0.378718         0.000500348
                  21            0.382917            0.378918         0.000516225
                  22            0.381608             0.37904         0.000507163
                  23            0.385947            0.379341         0.000570106
                  24            0.378929            0.379324         0.000546105
                  25            0.380181            0.379358         0.000524926
                  26            0.384505            0.379556         0.000541793
                  27            0.378647            0.379522         0.000522426
                  28            0.377248            0.379441         0.000509934
                  29             0.37456            0.379273         0.000520023
                  30            0.380236            0.379305         0.000503415
                  31             0.37721            0.379237         0.000491573
                  32            0.378309            0.379208         0.000476846
                  33            0.374439            0.379064         0.000484243
                  34            0.375791            0.378967         0.000479542
                  35            0.382207             0.37906         0.000474752
                  36             0.37588            0.378972         0.000469755
                  37            0.376959            0.378917          0.00046011
                  38            0.380862            0.378968         0.000450754
                  39            0.382157             0.37905         0.000446594
                  40            0.380629             0.37909         0.000437073
                  41            0.379014            0.379088         0.000426283
                  42            0.379604              0.3791         0.000416191
                  43            0.381873            0.379165         0.000411482
                  44            0.380269             0.37919         0.000402804
                  45             0.37594            0.379117         0.000400318
                  46            0.377106            0.379074         0.000393953
                  47            0.379168            0.379076         0.000385485
                  48            0.380653            0.379109         0.000378797
                  49            0.381249            0.379152         0.000373549
                  50            0.381209            0.379193         0.000368305
