                   1             4.34441             4.34441                   0
                   2             4.34821             4.34631            0.001899
                   3             4.46049             4.38437           0.0380748
                   4             4.45564             4.40219           0.0322849
                   5             4.39287             4.40032           0.0250771
                   6             4.42825             4.40498           0.0209978
                   7              4.4694             4.41418           0.0199906
                   8              4.3491             4.40605           0.0191285
                   9             4.36856             4.40188           0.0173764
                  10             4.42563             4.40426           0.0157224
                  11             4.46895             4.41014           0.0153895
                  12             4.46356             4.41459           0.0147371
                  13             4.36948             4.41112           0.0139932
                  14             4.28383             4.40203           0.0158274
                  15             4.37164                 4.4           0.0148731
                  16             4.48357             4.40522           0.0148607
                  17             4.39023             4.40434            0.013987
                  18              4.4532             4.40706           0.0134636
                  19             4.50367             4.41214           0.0137129
                  20             4.33835             4.40845           0.0135223
                  21             4.36061             4.40617           0.0130625
                  22             4.44281             4.40784           0.0125654
                  23             4.52494             4.41293           0.0130416
                  24             4.42669              4.4135           0.0124995
                  25             4.43038             4.41418           0.0120081
                  26             4.50336             4.41761           0.0120361
                  27             4.38503              4.4164           0.0116444
                  28             4.45154             4.41766           0.0112908
                  29             4.34883             4.41528           0.0111501
                  30             4.40995             4.41511           0.0107735
                  31              4.4798             4.41719            0.010627
                  32             4.42063              4.4173           0.0102901
                  33             4.30512              4.4139           0.0105369
                  34             4.28942             4.41024           0.0108581
                  35             4.48818             4.41247            0.010776
                  36                4.43             4.41295           0.0104837
                  37             4.39967             4.41259           0.0102027
                  38               4.357             4.41113           0.0100378
                  39             4.39467             4.41071          0.00978611
                  40             4.32135             4.40848          0.00979643
                  41             4.48547             4.41035          0.00973729
                  42             4.42294             4.41065          0.00950735
                  43             4.44391             4.41143          0.00931578
                  44             4.43414             4.41194          0.00911622
                  45             4.38781             4.41141          0.00892745
                  46             4.41888             4.41157          0.00873273
                  47             4.52124              4.4139          0.00885779
                  48             4.40178             4.41365          0.00867496
                  49             4.40655              4.4135          0.00849731
                  50             4.50622             4.41536          0.00852965
