                   1           -0.685738           -0.685738                   0
                   2           -0.685237           -0.685487         0.000250232
                   3           -0.684076           -0.685017         0.000491984
                   4           -0.685282           -0.685083         0.000354154
                   5           -0.686566            -0.68538          0.00040399
                   6           -0.685725           -0.685437          0.00033482
                   7           -0.686149           -0.685539         0.000300693
                   8           -0.684209           -0.685373         0.000308968
                   9            -0.68416           -0.685238         0.000303996
                  10           -0.685223           -0.685236         0.000271907
                  11           -0.684211           -0.685143         0.000263022
                  12           -0.686515           -0.685258         0.000265924
                  13           -0.683805           -0.685146         0.000268932
                  14           -0.685271           -0.685155         0.000249144
                  15           -0.686627           -0.685253          0.00025184
                  16           -0.685372            -0.68526         0.000235692
                  17           -0.684888           -0.685238         0.000222475
                  18           -0.684167           -0.685179         0.000218029
                  19           -0.684526           -0.685145         0.000209079
                  20           -0.685319           -0.685153         0.000198542
                  21           -0.684329           -0.685114          0.00019289
                  22           -0.685036            -0.68511         0.000183947
                  23           -0.686683           -0.685179         0.000188603
                  24           -0.685146           -0.685177         0.000180579
                  25            -0.68473            -0.68516         0.000174129
                  26           -0.685391           -0.685168         0.000167535
                  27            -0.68454           -0.685145         0.000162882
                  28           -0.685695           -0.685165          0.00015818
                  29           -0.685424           -0.685174         0.000152891
                  30           -0.685389           -0.685181         0.000147881
                  31           -0.684704           -0.685166         0.000143858
                  32           -0.685255           -0.685168         0.000139318
                  33           -0.684029           -0.685134         0.000139373
                  34           -0.686416           -0.685172          0.00014037
                  35           -0.685453            -0.68518         0.000136537
                  36           -0.685527           -0.685189          0.00013304
                  37           -0.685934           -0.685209         0.000130953
                  38           -0.683985           -0.685177         0.000131466
                  39           -0.685727           -0.685191         0.000128824
                  40           -0.685824           -0.685207         0.000126554
                  41           -0.686233           -0.685232         0.000125938
                  42           -0.686207           -0.685255         0.000125075
                  43           -0.685895            -0.68527         0.000123035
                  44           -0.686558           -0.685299          0.00012372
                  45           -0.686129           -0.685318         0.000122338
                  46           -0.684644           -0.685303         0.000120542
                  47           -0.686294           -0.685324         0.000119818
                  48           -0.685526           -0.685329          0.00011737
                  49           -0.685143           -0.685325         0.000115012
                  50            -0.68648           -0.685348         0.000115035
