                   1            0.371949            0.371949                   0
                   2             0.36683            0.369389           0.0025596
                   3            0.366743            0.368507           0.0017211
                   4            0.373097            0.369655          0.00167262
                   5            0.368149            0.369354          0.00133012
                   6            0.367789            0.369093          0.00111692
                   7            0.375139            0.369956          0.00127951
                   8             0.37297            0.370333          0.00117039
                   9            0.370643            0.370368          0.00103275
                  10            0.369575            0.370288          0.00092712
                  11            0.373603             0.37059         0.000891095
                  12            0.370102            0.370549         0.000814467
                  13            0.373469            0.370774          0.00078214
                  14            0.372695            0.370911         0.000737008
                  15             0.36914            0.370793         0.000696199
                  16            0.373804            0.370981         0.000677879
                  17            0.372144            0.371049          0.00064042
                  18            0.373005            0.371158         0.000613494
                  19             0.37222            0.371214         0.000582992
                  20            0.372656            0.371286         0.000557756
                  21            0.371548            0.371298         0.000530678
                  22            0.371459            0.371306         0.000506034
                  23            0.374303            0.371436          0.00050078
                  24            0.371775             0.37145         0.000479667
                  25            0.369417            0.371369         0.000467211
                  26            0.375311             0.37152         0.000473798
                  27            0.372032            0.371539         0.000456307
                  28            0.367793            0.371406         0.000459611
                  29            0.367708            0.371278         0.000461443
                  30            0.372676            0.371325         0.000448224
                  31            0.370528            0.371299         0.000434285
                  32            0.368849            0.371222         0.000427406
                  33            0.368487             0.37114         0.000422466
                  34             0.36753            0.371033         0.000423375
                  35            0.372858            0.371086         0.000414393
                  36            0.369761            0.371049         0.000404395
                  37            0.370396            0.371031         0.000393709
                  38            0.372257            0.371063         0.000384565
                  39            0.372504              0.3711         0.000376392
                  40            0.371765            0.371117         0.000367238
                  41            0.372067             0.37114         0.000358918
                  42            0.372096            0.371163         0.000351007
                  43            0.371977            0.371182         0.000343269
                  44            0.370487            0.371166         0.000335748
                  45             0.37014            0.371143         0.000328993
                  46            0.368534            0.371087         0.000326724
                  47            0.369872            0.371061          0.00032074
                  48            0.372236            0.371085         0.000314939
                  49            0.373585            0.371136         0.000312637
                  50            0.371356            0.371141         0.000306352
