                   1             4.65159             4.65159                   0
                   2              4.6684             4.65999            0.008404
                   3             4.62497             4.64832            0.012643
                   4             4.69508             4.66001           0.0147157
                   5             4.69471             4.66695           0.0133452
                   6             4.62765              4.6604           0.0127135
                   7             4.66874             4.66159           0.0108108
                   8             4.59038             4.65269           0.0129187
                   9             4.59276             4.64603           0.0131965
                  10             4.70119             4.65155           0.0130287
                  11               4.649             4.65131           0.0117872
                  12             4.75757             4.66017           0.0139352
                  13             4.57336             4.65349           0.0144537
                  14               4.572             4.64767           0.0145926
                  15               4.595             4.64416           0.0140314
                  16             4.77492             4.65233           0.0154615
                  17             4.65353              4.6524           0.0145237
                  18              4.6921             4.65461           0.0138695
                  19             4.77024             4.66069           0.0144622
                  20             4.61379             4.65835            0.013919
                  21             4.63549             4.65726           0.0132843
                  22             4.75341             4.66163            0.013399
                  23             4.82542             4.66875           0.0146504
                  24              4.6363              4.6674           0.0140917
                  25             4.72095             4.66954           0.0136849
                  26             4.73713             4.67214           0.0134026
                  27             4.59467             4.66927            0.013212
                  28             4.64456             4.66839            0.012762
                  29             4.64965             4.66774            0.012331
                  30             4.61349             4.66593           0.0120493
                  31             4.66771             4.66599           0.0116543
                  32             4.65451             4.66563           0.0112899
                  33             4.53363             4.66163           0.0116506
                  34             4.58657             4.65943           0.0115164
                  35             4.77342             4.66268           0.0116472
                  36             4.72191             4.66433           0.0114379
                  37             4.68137             4.66479            0.011134
                  38             4.55949             4.66202           0.0111858
                  39             4.77406             4.66489           0.0112676
                  40             4.61656             4.66368           0.0110485
                  41             4.65619              4.6635           0.0107772
                  42             4.74586             4.66546           0.0106987
                  43             4.72237             4.66678           0.0105305
                  44             4.79551             4.66971           0.0106963
                  45             4.68181             4.66998           0.0104593
                  46             4.60871             4.66865           0.0103157
                  47              4.7988             4.67142           0.0104668
                  48             4.62009             4.67035           0.0103021
                  49             4.63275             4.66958           0.0101188
                  50             4.84793             4.67315           0.0105365
