                   1            0.000596            0.000596                   0
                   2          -0.0003396           0.0001282           0.0004678
                   3          -0.0025984        -0.000780667         0.000948148
                   4            0.002246            -2.4e-05          0.00101096
                   5             4.6e-05              -1e-05          0.00078321
                   6           -0.001138           -0.000198          0.00066655
                   7          -0.0135896         -0.00211109           0.0019943
                   8           -0.006546         -0.00266545          0.00181391
                   9          -0.0020472         -0.00259676          0.00160119
                  10           0.0013816         -0.00219892          0.00148638
                  11          -0.0053576         -0.00248607           0.0013748
                  12           0.0031056          -0.0020201          0.00133873
                  13          -0.0124648         -0.00282354          0.00147037
                  14           0.0059012         -0.00220034          0.00149717
                  15           0.0035768          -0.0018152          0.00144602
                  16          -0.0046952          -0.0019952          0.00136455
                  17             4.4e-05         -0.00187525          0.00128737
                  18          -0.0014676          -0.0018526          0.00121396
                  19            0.001538         -0.00167415          0.00116207
                  20           0.0064524         -0.00126782          0.00117494
                  21           0.0044928        -0.000993505          0.00115076
                  22           0.0020828        -0.000853673          0.00110608
                  23           0.0039572        -0.000644504           0.0010774
                  24          -0.0003712        -0.000633117          0.00103159
                  25          -0.0002888        -0.000619344         0.000989564
                  26             0.00647        -0.000346677          0.00098907
                  27          -0.0099792        -0.000703437           0.0010164
                  28          -0.0059184        -0.000889686         0.000996981
                  29           0.0015936        -0.000804055         0.000965792
                  30          -0.0032236        -0.000884707         0.000936523
                  31          -0.0112284         -0.00121837          0.00096531
                  32           0.0016152         -0.00112983         0.000938842
                  33          -0.0032552         -0.00119423         0.000912224
                  34           0.0022876         -0.00109182         0.000890893
                  35          -0.0032484         -0.00115344         0.000867256
                  36          -0.0114532         -0.00143954         0.000890058
                  37            1.72e-05         -0.00140017         0.000866563
                  38          -0.0037832         -0.00146288         0.000845779
                  39           0.0047128         -0.00130453         0.000838888
                  40           0.0002828         -0.00126485         0.000818609
                  41          -0.0013252         -0.00126632         0.000798395
                  42           0.0085928         -0.00103158         0.000813747
                  43             0.00254        -0.000948521         0.000798926
                  44           0.0100952        -0.000697527          0.00081992
                  45          -0.0002472         -0.00068752         0.000801555
                  46          -0.0043036         -0.00076613         0.000787867
                  47           0.0012488         -0.00072326         0.000772113
                  48           -0.005214        -0.000816817         0.000761624
                  49           0.0014532         -0.00077049         0.000747356
                  50           0.0104204        -0.000546672         0.000765699
