                   1           0.0875552           0.0875552                   0
                   2            0.090052           0.0888036           0.0012484
                   3           0.0815396           0.0863823          0.00252633
                   4           0.0901572            0.087326          0.00202035
                   5            0.093108           0.0884824          0.00194585
                   6            0.085026           0.0879063             0.00169
                   7           0.0759392           0.0861967          0.00222773
                   8           0.0809192           0.0855371          0.00203894
                   9           0.0851048            0.085489          0.00179881
                  10           0.0869988             0.08564          0.00161598
                  11            0.087314           0.0857922          0.00146961
                  12           0.0900244           0.0861449          0.00138715
                  13           0.0772392           0.0854598          0.00144825
                  14           0.0904288           0.0858147            0.001387
                  15            0.091686           0.0862062          0.00134925
                  16           0.0836304           0.0860452          0.00127234
                  17            0.089992           0.0862773          0.00121749
                  18           0.0833256           0.0861134          0.00115952
                  19           0.0846508           0.0860364          0.00109949
                  20           0.0925004           0.0863596            0.001092
                  21           0.0939108           0.0867192          0.00109917
                  22           0.0949972           0.0870954          0.00111352
                  23           0.0904464           0.0872411          0.00107394
                  24           0.0848316           0.0871407          0.00103311
                  25           0.0862816           0.0871064         0.000991516
                  26           0.0960484           0.0874503           0.0010128
                  27           0.0756032           0.0870115          0.00106879
                  28            0.082466           0.0868492          0.00104263
                  29           0.0902244           0.0869656          0.00101274
                  30           0.0814584            0.086782         0.000995474
                  31           0.0791772           0.0865367         0.000993587
                  32            0.082912           0.0864234         0.000968682
                  33           0.0836976           0.0863408         0.000942496
                  34           0.0970644           0.0866562         0.000967224
                  35           0.0891608           0.0867278         0.000941905
                  36           0.0805336           0.0865557         0.000931398
                  37           0.0881236           0.0865981         0.000906866
                  38            0.082634           0.0864938         0.000888821
                  39           0.0937832           0.0866807         0.000885678
                  40           0.0905924           0.0867785         0.000868773
                  41           0.0854324           0.0867456         0.000847955
                  42           0.0963356            0.086974         0.000858442
                  43           0.0897948           0.0870396         0.000840804
                  44           0.0985992           0.0873023         0.000862461
                  45           0.0883948           0.0873266         0.000843427
                  46            0.085652           0.0872902          0.00082569
                  47           0.0864176           0.0872716         0.000808145
                  48           0.0824464           0.0871711          0.00079749
                  49            0.087246           0.0871726         0.000781047
                  50           0.0956632           0.0873424         0.000783881
