                   1            0.484233            0.484233                   0
                   2            0.466791            0.475512           0.0087208
                   3             0.42881            0.459945           0.0163614
                   4            0.457367              0.4593           0.0115872
                   5            0.425092            0.452458           0.0112857
                   6            0.472148             0.45574          0.00978163
                   7            0.420822            0.450752           0.0096554
                   8            0.417354            0.446577          0.00934605
                   9            0.407409            0.442225          0.00932083
                  10            0.432257            0.441228          0.00839619
                  11            0.426594            0.439898          0.00771028
                  12             0.43553            0.439534           0.0070479
                  13            0.377684            0.434776          0.00804154
                  14            0.446581            0.435619          0.00749262
                  15            0.441232            0.435993          0.00698528
                  16            0.472417             0.43827          0.00691933
                  17            0.428099            0.437672          0.00652706
                  18            0.423248             0.43687          0.00620573
                  19            0.465394            0.438372          0.00605896
                  20            0.431054            0.438006          0.00575967
                  21            0.486436            0.440312          0.00594416
                  22            0.439824             0.44029          0.00566758
                  23            0.464413            0.441339          0.00551619
                  24            0.480592            0.442974          0.00552881
                  25            0.432932            0.442573          0.00531824
                  26             0.46787            0.443546          0.00520142
                  27            0.442022            0.443489          0.00500538
                  28            0.450741            0.443748          0.00483026
                  29            0.440759            0.443645          0.00466186
                  30             0.47263            0.444611          0.00460626
                  31            0.475982            0.445623          0.00456868
                  32            0.425091            0.444982          0.00446989
                  33            0.443186            0.444927          0.00433267
                  34            0.440832            0.444807          0.00420503
                  35            0.436473            0.444569          0.00409005
                  36            0.431052            0.444193          0.00399251
                  37             0.41502            0.443405          0.00396234
                  38            0.441518            0.443355          0.00385698
                  39            0.443008            0.443346          0.00375679
                  40             0.45491            0.443635          0.00367307
                  41            0.470476             0.44429          0.00364168
                  42            0.500626            0.445631          0.00379862
                  43            0.452826            0.445799            0.003713
                  44            0.457212            0.446058           0.0036369
                  45             0.43636            0.445842          0.00356168
                  46            0.438777            0.445689          0.00348678
                  47            0.449814            0.445777          0.00341292
                  48            0.459047            0.446053          0.00335248
                  49            0.426914            0.445662           0.0033065
                  50            0.487288            0.446495          0.00334495
