                   1              0.0417              0.0417                   0
                   2          -0.0131136           0.0142932           0.0274068
                   3          -0.0235376          0.00168293           0.0202335
                   4           0.0303548           0.0088509           0.0160024
                   5          -0.0336996           0.0003408           0.0150356
                   6           0.0123084           0.0023354           0.0124375
                   7           -0.027588         -0.00193937           0.0113476
                   8          -0.0439812          -0.0071946           0.0111442
                   9           0.0087364         -0.00542449          0.00998637
                  10           0.0029244          -0.0045896          0.00897102
                  11           0.0143372         -0.00286898          0.00829501
                  12          -0.0429276          -0.0062072          0.00827544
                  13           -0.076994          -0.0116523          0.00935931
                  14           0.0523492          -0.0070808          0.00979703
                  15           0.0165764         -0.00550365           0.0092559
                  16          -0.0167464         -0.00620632          0.00868657
                  17           -0.008668         -0.00635113          0.00816089
                  18          -0.0310264         -0.00772198          0.00781533
                  19            0.024392         -0.00603177          0.00758332
                  20           0.0306884         -0.00419576          0.00742476
                  21           0.0357524         -0.00229347          0.00731407
                  22          -0.0171812         -0.00297018          0.00700644
                  23           0.0522216        -0.000570539          0.00711195
                  24             0.07561          0.00260365          0.00751268
                  25          -0.0331832          0.00117218          0.00734671
                  26           0.0253892           0.0021036          0.00711968
                  27           0.0034696          0.00215419          0.00685111
                  28           0.0399368          0.00350357          0.00673838
                  29          -0.0067128          0.00315128          0.00651141
                  30           0.0037808          0.00317227          0.00629065
                  31            0.016178          0.00359181          0.00609879
                  32           0.0425076          0.00480793          0.00602906
                  33           0.0315232          0.00561748          0.00589931
                  34          -0.0115224          0.00511336          0.00574533
                  35          -0.0391748          0.00384799          0.00572047
                  36          -0.0019776          0.00368617          0.00556166
                  37           0.0017564          0.00363401           0.0054095
                  38           0.0019332          0.00358925          0.00526542
                  39            0.030464          0.00427835          0.00517472
                  40             0.01661          0.00458664           0.0050531
                  41           0.0680204           0.0061338          0.00516546
                  42           0.0109704          0.00624896          0.00504229
                  43           0.0277184          0.00674825          0.00494888
                  44           0.0313836          0.00730815          0.00486741
                  45           -0.013742          0.00684036          0.00478095
                  46           0.0110504          0.00693189          0.00467676
                  47           -0.042562          0.00587883          0.00469578
                  48           0.0173584          0.00611798          0.00460312
                  49           0.0064832          0.00612544          0.00450821
                  50          -0.0005256          0.00599242          0.00441913
