                   1             33.1823             33.1823                   0
                   2             31.1133             32.1478             1.03452
                   3             32.8917             32.3958            0.646713
                   4             32.2279             32.3538            0.459217
                   5             30.9551             32.0741            0.452535
                   6             32.9391             32.2182            0.396624
                   7             30.8548             32.0235             0.38769
                   8              32.019             32.0229             0.33575
                   9             32.2102             32.0437            0.296834
                  10             31.3286             31.9722            0.274959
                  11             30.9733             31.8814             0.26477
                  12             31.5799             31.8563            0.243003
                  13             30.4325             31.7467            0.248919
                  14             32.3273             31.7882            0.234156
                  15             32.6142             31.8433            0.224835
                  16             32.4758             31.8828            0.213998
                  17             33.0474             31.9513            0.212369
                  18              31.887             31.9477            0.200255
                  19             32.7232             31.9886            0.193769
                  20             31.5484             31.9666            0.185138
                  21             33.3742             32.0336            0.188428
                  22             31.3261             32.0014            0.182514
                  23             34.0112             32.0888            0.195064
                  24             33.6516             32.1539            0.197787
                  25             32.1816              32.155            0.189714
                  26             33.0085             32.1879            0.185204
                  27             31.5169              32.163            0.179937
                  28             32.2891             32.1675             0.17345
                  29             31.9352             32.1595            0.167553
                  30             33.6902             32.2105            0.169723
                  31             32.4697             32.2189             0.16437
                  32              31.837             32.2069            0.159597
                  33             32.4566             32.2145             0.15487
                  34              31.475             32.1928            0.151812
                  35             32.1725             32.1922            0.147412
                  36             31.7641             32.1803            0.143752
                  37             30.2334             32.1277            0.149386
                  38             32.5453             32.1387            0.145816
                  39             31.6939             32.1273            0.142485
                  40             31.8254             32.1197            0.139082
                  41             32.3208             32.1246            0.135736
                  42             33.3281             32.1533            0.135529
                  43             33.2501             32.1788            0.134775
                  44             32.3534             32.1828            0.131736
                  45             31.4135             32.1657            0.129905
                  46             31.7983             32.1577              0.1273
                  47             31.9751             32.1538            0.124623
                  48             31.3353             32.1367            0.123185
                  49              31.732             32.1285            0.120927
                  50              33.003              32.146            0.119768
