                   1           -0.916469           -0.916469                   0
                   2           -0.912769           -0.914619          0.00184962
                   3           -0.914487           -0.914575          0.00106879
                   4           -0.913043           -0.914192         0.000847296
                   5           -0.909244           -0.913202          0.00118739
                   6           -0.913732           -0.913291         0.000973504
                   7            -0.91177           -0.913073         0.000850951
                   8           -0.912841           -0.913044         0.000737519
                   9           -0.911637           -0.912888         0.000668961
                  10           -0.912091           -0.912808         0.000603624
                  11           -0.911578           -0.912696         0.000557329
                  12           -0.911127           -0.912566           0.0005253
                  13           -0.909834           -0.912355         0.000526925
                  14           -0.914105            -0.91248         0.000503594
                  15           -0.913093           -0.912521         0.000470598
                  16           -0.914555           -0.912648         0.000458183
                  17           -0.913787           -0.912715         0.000435566
                  18           -0.912959           -0.912729         0.000410878
                  19           -0.913924           -0.912792         0.000393708
                  20           -0.911531           -0.912729         0.000378782
                  21            -0.91526           -0.912849         0.000379921
                  22           -0.911706           -0.912797         0.000365948
                  23           -0.916211           -0.912946         0.000379879
                  24           -0.916203           -0.913081         0.000388204
                  25           -0.912019           -0.913039         0.000374771
                  26           -0.914457           -0.913093         0.000364173
                  27           -0.912223           -0.913061         0.000351906
                  28            -0.91353           -0.913078         0.000339519
                  29           -0.913045           -0.913077         0.000327604
                  30           -0.916475            -0.91319         0.000336155
                  31           -0.914013           -0.913217         0.000326213
                  32           -0.911145           -0.913152          0.00032242
                  33           -0.912549           -0.913134         0.000313032
                  34           -0.911007           -0.913071          0.00031006
                  35           -0.913118           -0.913072         0.000301074
                  36           -0.911988           -0.913042         0.000294137
                  37           -0.909076           -0.912935         0.000305498
                  38           -0.912065           -0.912912         0.000298231
                  39           -0.913472           -0.912927         0.000290838
                  40           -0.912482           -0.912915         0.000283691
                  41           -0.914258           -0.912948         0.000278617
                  42           -0.915044           -0.912998         0.000276442
                  43           -0.914526           -0.913034         0.000272265
                  44           -0.913358           -0.913041         0.000266108
                  45           -0.911458           -0.913006         0.000262496
                  46           -0.911508           -0.912973         0.000258784
                  47           -0.911633           -0.912945         0.000254819
                  48           -0.912572           -0.912937         0.000249574
                  49           -0.913275           -0.912944         0.000244525
                  50           -0.915057           -0.912986         0.000243284
