                   1             0.42594             0.42594                   0
                   2             0.41668             0.42131          0.00462991
                   3            0.432174            0.424932          0.00450098
                   4            0.423142            0.424484          0.00321397
                   5            0.432769            0.426141          0.00299059
                   6            0.436963            0.427945          0.00303566
                   7             0.42742             0.42787           0.0025667
                   8            0.439962            0.429381          0.00268806
                   9            0.449344            0.431599          0.00324652
                  10            0.418483            0.430288          0.00318628
                  11            0.431628             0.43041          0.00288468
                  12            0.435516            0.430835           0.0026675
                  13            0.435591            0.431201          0.00248087
                  14            0.423291            0.430636          0.00236532
                  15            0.438323            0.431148          0.00226083
                  16            0.430746            0.431123          0.00211496
                  17            0.440015            0.431646          0.00205436
                  18            0.434127            0.431784          0.00194177
                  19            0.444648            0.432461          0.00195754
                  20            0.437319            0.432704           0.0018729
                  21            0.432636            0.432701          0.00178149
                  22            0.433854            0.432753          0.00169939
                  23            0.438367            0.432997          0.00164207
                  24            0.448337            0.433636          0.00169711
                  25            0.436402            0.433747          0.00163157
                  26             0.42929            0.433576          0.00157691
                  27            0.440026            0.433814          0.00153607
                  28            0.426228            0.433544          0.00150479
                  29            0.437596            0.433683          0.00145868
                  30             0.43273            0.433651          0.00140957
                  31            0.431552            0.433584          0.00136503
                  32            0.434334            0.433607          0.00132189
                  33            0.442534            0.433878          0.00130945
                  34            0.430953            0.433792          0.00127326
                  35               0.435            0.433826          0.00123683
                  36            0.420406            0.433453          0.00125847
                  37            0.432771            0.433435          0.00122412
                  38            0.440744            0.433627           0.0012069
                  39            0.419907            0.433275          0.00122706
                  40             0.44728            0.433626          0.00124618
                  41             0.43373            0.433628          0.00121541
                  42            0.439239            0.433762          0.00119362
                  43            0.431728            0.433714          0.00116649
                  44            0.429081            0.433609          0.00114452
                  45            0.422167            0.433355          0.00114733
                  46             0.43909             0.43348          0.00112902
                  47            0.419604            0.433184           0.0011435
                  48            0.450772            0.433551          0.00117786
                  49            0.444004            0.433764          0.00117314
                  50            0.436118            0.433811           0.0011504
