                   1            0.510973            0.510973                   0
                   2            0.531985            0.521479           0.0105057
                   3            0.516174            0.519711          0.00631799
                   4            0.514984            0.518529          0.00462113
                   5            0.534665            0.521756          0.00481947
                   6            0.534772            0.523925          0.00449343
                   7            0.515423            0.522711          0.00398717
                   8            0.507523            0.520812          0.00394046
                   9            0.538832            0.522814          0.00401069
                  10            0.527166             0.52325          0.00361356
                  11            0.510115            0.522056          0.00347984
                  12            0.525438            0.522337          0.00318913
                  13             0.51283            0.521606          0.00302336
                  14            0.522448            0.521666          0.00279973
                  15            0.529326            0.522177          0.00265596
                  16            0.526617            0.522454          0.00249987
                  17            0.533158            0.523084          0.00243116
                  18             0.52192            0.523019          0.00229303
                  19            0.535311            0.523666          0.00226342
                  20            0.530426            0.524004           0.0021737
                  21            0.532472            0.524407          0.00210656
                  22            0.549228            0.525536           0.0023037
                  23             0.53188            0.525812          0.00221848
                  24            0.535839            0.526229          0.00216473
                  25            0.538012            0.526701          0.00212916
                  26            0.537903            0.527132          0.00209051
                  27            0.502313            0.526212          0.00221166
                  28             0.52945            0.526328          0.00213435
                  29             0.53193            0.526521          0.00206847
                  30            0.529333            0.526615          0.00200053
                  31            0.515905            0.526269          0.00196552
                  32             0.54645              0.5269          0.00200488
                  33            0.543448            0.527401          0.00200684
                  34            0.513811            0.527002          0.00198753
                  35             0.51668            0.526707          0.00195231
                  36            0.519752            0.526514          0.00190711
                  37            0.524913             0.52647          0.00185536
                  38            0.535532            0.526709          0.00182155
                  39            0.522586            0.526603          0.00177737
                  40               0.534            0.526788          0.00174221
                  41            0.533961            0.526963          0.00170817
                  42             0.54202            0.527322          0.00170511
                  43            0.546599             0.52777          0.00172429
                  44            0.525776            0.527725          0.00168526
                  45            0.527021            0.527709          0.00164745
                  46            0.522271            0.527591          0.00161557
                  47            0.522099            0.527474          0.00158514
                  48            0.522478             0.52737          0.00155525
                  49            0.523576            0.527292          0.00152514
                  50            0.523118            0.527209          0.00149666
