                   1              25.299              25.299                   0
                   2             23.0974             24.1982              1.1008
                   3             25.3936             24.5967            0.750133
                   4             24.0613             24.4628            0.547052
                   5             23.7452             24.3193            0.447388
                   6             25.8133             24.5683            0.442082
                   7             23.6738             24.4405            0.394877
                   8             25.6601              24.593            0.374417
                   9             25.0819             24.6473            0.334643
                  10             24.2811             24.6107            0.301546
                  11             24.5149              24.602            0.272897
                  12             23.9225             24.5453            0.255473
                  13             24.7041             24.5576            0.235318
                  14             24.1337             24.5273            0.219956
                  15             26.0702             24.6301             0.22915
                  16             24.9879             24.6525            0.215513
                  17             24.2725             24.6302             0.20367
                  18             24.8002             24.6396            0.192254
                  19             26.6899             24.7475            0.211462
                  20             25.3437             24.7773            0.202813
                  21              24.393              24.759             0.19378
                  22             23.9386             24.7217            0.188487
                  23             26.0421             24.7791            0.189034
                  24             26.7391             24.8608            0.198558
                  25             25.4046             24.8826            0.191689
                  26             24.7381              24.877            0.184252
                  27             25.4823             24.8994            0.178708
                  28             24.6517             24.8906            0.172435
                  29             25.5881             24.9146            0.168112
                  30             25.6217             24.9382            0.164113
                  31             24.7871             24.9333            0.158806
                  32             24.2214             24.9111            0.155364
                  33             25.6538             24.9336            0.152255
                  34             24.3406             24.9161            0.148735
                  35             24.9585             24.9173            0.144428
                  36             23.0621             24.8658            0.149521
                  37             25.6538             24.8871            0.146974
                  38             24.6129             24.8799            0.143236
                  39             24.8046              24.878            0.139529
                  40             25.7966             24.9009            0.137921
                  41             23.9062             24.8767            0.136686
                  42             25.3485             24.8879            0.133864
                  43             25.8113             24.9094            0.132466
                  44             24.4583             24.8991            0.129826
                  45             23.5852             24.8699            0.130224
                  46             25.3592             24.8806            0.127805
                  47             24.3716             24.8697            0.125524
                  48             25.3075             24.8789            0.123219
                  49             25.9908             24.9015            0.122793
                  50             25.7015             24.9175            0.121372
