                   1           -0.893796           -0.893796                   0
                   2           -0.889198           -0.891497           0.0022992
                   3           -0.893504           -0.892166          0.00148653
                   4             -0.8909           -0.891849          0.00109774
                   5           -0.889567           -0.891393         0.000965068
                   6           -0.892755            -0.89162         0.000820031
                   7           -0.890514           -0.891462         0.000710822
                   8           -0.893914           -0.891768         0.000687647
                   9            -0.89265           -0.891866         0.000614299
                  10           -0.894017           -0.892081         0.000590028
                  11           -0.892172            -0.89209         0.000533764
                  12           -0.891176           -0.892014          0.00049317
                  13           -0.893449           -0.892124         0.000466892
                  14           -0.892968           -0.892184         0.000436442
                  15           -0.894062           -0.892309         0.000425161
                  16           -0.892905           -0.892347         0.000399439
                  17           -0.891506           -0.892297         0.000378449
                  18           -0.892543           -0.892311         0.000357067
                  19           -0.893974           -0.892398         0.000348915
                  20           -0.892668           -0.892412         0.000331284
                  21           -0.890854           -0.892338         0.000323733
                  22           -0.890793           -0.892267         0.000316555
                  23           -0.894402            -0.89236         0.000316401
                  24           -0.895138           -0.892476         0.000324281
                  25           -0.892745           -0.892487         0.000311225
                  26           -0.891814           -0.892461         0.000300132
                  27           -0.891771           -0.892435         0.000289929
                  28           -0.892854            -0.89245         0.000279783
                  29           -0.893951           -0.892502         0.000274879
                  30           -0.894109           -0.892556         0.000270905
                  31           -0.890889           -0.892502         0.000267481
                  32           -0.890328           -0.892434         0.000267749
                  33           -0.891798           -0.892415         0.000260222
                  34           -0.891472           -0.892387          0.00025397
                  35           -0.892782           -0.892398         0.000246865
                  36           -0.889571            -0.89232         0.000252435
                  37           -0.894642           -0.892382         0.000253416
                  38           -0.890027           -0.892321         0.000254325
                  39           -0.893438           -0.892349         0.000249371
                  40           -0.893534           -0.892379         0.000244856
                  41           -0.891013           -0.892345         0.000241123
                  42           -0.891859           -0.892334         0.000235596
                  43           -0.893174           -0.892353         0.000230879
                  44           -0.891117           -0.892325         0.000227315
                  45           -0.890702           -0.892289         0.000225114
                  46             -0.8915           -0.892272         0.000220833
                  47           -0.892006           -0.892266         0.000216158
                  48           -0.892531           -0.892272         0.000211679
                  49           -0.895292           -0.892334         0.000216282
                  50           -0.892903           -0.892345         0.000212218
