0 0 0
0.0256496 0 0
0.0512993 0 0
0.0769489 0 0
0.102599 0 0
0.128248 0 0
0.153898 0 0
0.179547 0 0
0.205197 0 0
0.230847 0 0
0.256496 0 0
0.282146 0 0
0.307796 0 0
0.333445 0 0
0.359095 0 0
0.384745 0 0
0.410394 0 0
0.436044 0 0
0.461694 0 0
0.487343 0 0
0.512993 0 0
0.538642 0 0
0.564292 0 0
0.589942 0 0
0.615591 0 0
0.641241 0 0
0.666891 0 0
0.69254 0 0
0.71819 0 0
0.74384 0 0
0.769489 0 0
0.795139 0 0
0.820788 0 0
0.846438 1.68587e-05 5.04844e-06
0.872088 0.00171305 5.82309e-05
0.897737 0.0324916 0.000253383
0.923387 0.218417 0.000793816
0.949037 0.749536 0.00157694
0.974686 1.59895 0.00239339
1.00034 2.48052 0.00274078
1.02599 3.11565 0.0023188
1.05164 3.40149 0.00217523
1.07728 3.40192 0.00202182
1.10293 3.21017 0.00207373
1.12858 2.93359 0.00181497
1.15423 2.6341 0.00194984
1.17988 2.34224 0.00207972
1.20553 2.07977 0.00198089
1.23118 1.85574 0.00164937
1.25683 1.66185 0.00167957
1.28248 1.50003 0.00143476
1.30813 1.36481 0.00140696
1.33378 1.25468 0.00118693
1.35943 1.16426 0.00107062
1.38508 1.08981 0.00112715
1.41073 1.02844 0.00109752
1.43638 0.98281 0.00103365
1.46203 0.948248 0.000933897
1.48768 0.920341 0.000982109
1.51333 0.90382 0.000949294
1.53898 0.894062 0.000959476
1.56463 0.893383 0.000981476
1.59028 0.900452 0.000991958
1.61593 0.915047 0.000970658
1.64158 0.935707 0.00100167
1.66723 0.963028 0.000988747
1.69288 0.99845 0.000971294
1.71853 1.03991 0.000918259
1.74418 1.0881 0.000974337
1.76983 1.13809 0.000981
1.79547 1.19212 0.000932476
1.82112 1.2483 0.00104704
1.84677 1.30358 0.00100441
1.87242 1.35821 0.000949652
1.89807 1.41094 0.00101227
1.92372 1.45997 0.00103945
1.94937 1.50626 0.00100544
1.97502 1.54791 0.000935844
2.00067 1.58104 0.000900438
2.02632 1.60551 0.000810512
2.05197 1.61908 0.000904899
2.07762 1.62121 0.000874748
2.10327 1.61124 0.000957066
2.12892 1.59366 0.000989366
2.15457 1.5681 0.000966429
2.18022 1.53537 0.00102113
2.20587 1.49892 0.00094411
2.23152 1.46211 0.000982576
2.25717 1.42311 0.000966332
2.28282 1.38642 0.000865625
2.30847 1.35075 0.000753829
2.33412 1.31742 0.000798475
2.35977 1.28815 0.000759012
2.38542 1.2633 0.000787976
2.41107 1.24209 0.000710455
2.43672 1.22424 0.000758456
2.46237 1.21116 0.000750716
2.48802 1.19299 0.000761922
2.51366 1.18073 0.000794112
2.53931 1.17958 0.000762805
