1 1.34876 1.34876 0
2 1.4387 1.39373 0.0317986
3 1.38187 1.38978 0.0214435
4 1.36943 1.38469 0.0166752
5 1.38207 1.38417 0.0133484
6 1.33579 1.37611 0.013338
7 1.46902 1.38938 0.0167848
8 1.48422 1.40124 0.018403
9 1.32985 1.3933 0.0179863
10 1.3716 1.39113 0.0163181
11 1.22083 1.37565 0.0209278
12 1.41576 1.37899 0.0194489
13 1.45911 1.38516 0.0189041
14 1.27211 1.37708 0.0192011
15 1.30275 1.37213 0.0185495
16 1.28588 1.36674 0.0181564
17 1.32649 1.36437 0.017242
18 1.38092 1.36529 0.0163086
19 1.36616 1.36533 0.0154504
20 1.40486 1.36731 0.0148037
21 1.4162 1.36964 0.0142806
22 1.42341 1.37208 0.0138391
23 1.28828 1.36844 0.0137086
24 1.33975 1.36724 0.0131894
25 1.45156 1.37062 0.013086
26 1.26534 1.36657 0.0131942
27 1.45722 1.36993 0.0131258
28 1.44499 1.37261 0.0129279
29 1.37716 1.37276 0.0124831
30 1.3458 1.37186 0.0120993
31 1.44555 1.37424 0.0119402
32 1.25629 1.37056 0.0121227
33 1.48086 1.3739 0.0122074
34 1.43385 1.37566 0.011975
35 1.29152 1.37326 0.0118717
36 1.51098 1.37708 0.0121427
37 1.41013 1.37798 0.0118473
38 1.43875 1.37957 0.011643
39 1.20497 1.3751 0.0121749
40 1.36637 1.37488 0.0118725
41 1.39575 1.37539 0.0115938
42 1.42867 1.37666 0.0113869
43 1.49027 1.3793 0.0114246
44 1.3667 1.37901 0.0111685
45 1.21338 1.37533 0.0115109
46 1.401 1.37589 0.0112742
47 1.37515 1.37587 0.0110343
48 1.54391 1.37938 0.0113461
49 1.49181 1.38167 0.0113442
50 1.51808 1.3844 0.0114407
51 1.28572 1.38246 0.0113788
52 1.57918 1.38625 0.0117721
53 1.35851 1.38572 0.0115616
54 1.29673 1.38407 0.0114643
55 1.36023 1.38364 0.0112641
56 1.43928 1.38463 0.0111067
57 1.39855 1.38488 0.0109145
58 1.41315 1.38537 0.0107372
59 1.5281 1.38779 0.0108243
60 1.42354 1.38838 0.0106603
61 1.23913 1.38593 0.0107627
62 1.26383 1.38397 0.0107678
63 1.52538 1.38621 0.0108283
64 1.34735 1.3856 0.0106761
65 1.5106 1.38753 0.0106837
66 1.25985 1.38559 0.0106955
67 1.32263 1.38465 0.0105771
68 1.44685 1.38557 0.010461
69 1.16749 1.38241 0.0107762
70 1.49426 1.384 0.0107401
71 1.3845 1.38401 0.0105888
72 1.38276 1.38399 0.0104418
73 1.34159 1.38341 0.0103149
74 1.36531 1.38317 0.0101784
75 1.35993 1.38286 0.0100474
76 1.4761 1.38409 0.00998984
77 1.37048 1.38391 0.00986167
78 1.47461 1.38507 0.00980356
79 1.28529 1.38381 0.00976048
80 1.36945 1.38363 0.00964013
81 1.78727 1.38861 0.0107321
82 1.33612 1.38797 0.0106203
83 1.31895 1.38714 0.0105248
84 1.44762 1.38786 0.0104241
85 1.25566 1.38631 0.0104169
86 1.34171 1.38579 0.0103087
87 1.30582 1.38487 0.0102311
88 1.43667 1.38546 0.0101317
89 1.26232 1.38407 0.0101119
90 1.35363 1.38373 0.0100052
91 1.32578 1.3831 0.00991553
92 1.31903 1.3824 0.00983217
93 1.33502 1.38189 0.00973964
94 1.38121 1.38188 0.00963603
95 1.36186 1.38167 0.0095369
96 1.41797 1.38205 0.00944505
97 1.23601 1.38055 0.00946691
98 1.48331 1.38159 0.00942821
99 1.38473 1.38163 0.00933303
100 1.29548 1.38076 0.00927937
101 1.34676 1.38043 0.0091936
102 1.45286 1.38114 0.00913085
103 1.22904 1.37966 0.00916083
104 1.32142 1.3791 0.00908984
105 1.44843 1.37976 0.00902722
106 1.44478 1.38038 0.00896287
107 1.4516 1.38104 0.00890379
108 1.46632 1.38183 0.00885629
109 1.45809 1.38253 0.00880263
110 1.43701 1.38303 0.00873653
111 1.32079 1.38246 0.0086758
112 1.4174 1.38278 0.00860394
113 1.41738 1.38308 0.00853325
114 1.35637 1.38285 0.00846161
115 1.32591 1.38235 0.00840251
116 1.39451 1.38246 0.00833072
117 1.47108 1.38322 0.00829389
118 1.32052 1.38268 0.0082406
119 1.33565 1.38229 0.00818082
120 1.26327 1.3813 0.00817255
121 1.42439 1.38165 0.00811276
122 1.34861 1.38138 0.00805079
123 1.40276 1.38156 0.00798721
124 1.3581 1.38137 0.00792504
125 1.27118 1.38049 0.00791051
126 1.26112 1.37954 0.00790425
127 1.44294 1.38004 0.00785776
128 1.31379 1.37952 0.00781339
129 1.49194 1.38039 0.00780127
130 1.26668 1.37952 0.00779014
131 1.31262 1.37901 0.00774739
132 1.49781 1.37991 0.00774081
133 1.47963 1.38066 0.00771883
134 1.41088 1.38088 0.00766453
135 1.38881 1.38094 0.00760798
136 1.38523 1.38097 0.0075521
137 1.32101 1.38053 0.00750965
138 1.2401 1.37952 0.00752386
139 1.2495 1.37858 0.00752765
140 1.29176 1.37796 0.00749938
141 1.28124 1.37727 0.0074775
142 1.33093 1.37695 0.00743196
143 1.26842 1.37619 0.00741864
144 1.51414 1.37715 0.00742872
145 1.3539 1.37699 0.00737922
146 1.4423 1.37743 0.00734222
147 1.37763 1.37744 0.00729227
148 1.36104 1.37733 0.00724384
149 1.49511 1.37812 0.00723823
150 1.22108 1.37707 0.00726529
151 1.57041 1.37835 0.00732913
152 1.27892 1.3777 0.00731005
153 1.53133 1.3787 0.00733091
154 1.3768 1.37869 0.00728332
155 1.40138 1.37883 0.0072378
156 1.46432 1.37938 0.00721212
157 1.3239 1.37903 0.00717484
158 1.39008 1.3791 0.00712977
159 1.34203 1.37886 0.00708874
160 1.44318 1.37927 0.00705582
161 1.38159 1.37928 0.00701201
162 1.42167 1.37954 0.00697361
163 1.44035 1.37992 0.0069408
164 1.49502 1.38062 0.00693387
165 1.45168 1.38105 0.00690521
166 1.47617 1.38162 0.00688734
167 1.37555 1.38159 0.0068462
168 1.34221 1.38135 0.00680946
169 1.41383 1.38154 0.00677187
170 1.4715 1.38207 0.00675268
171 1.40898 1.38223 0.00671503
172 1.3424 1.382 0.00667998
173 1.28696 1.38145 0.00666392
174 1.63274 1.38289 0.00678031
175 1.46299 1.38335 0.006757
176 1.39171 1.3834 0.00671877
177 1.27231 1.38277 0.00671006
178 1.42827 1.38303 0.00667723
179 1.56309 1.38403 0.00671528
180 1.3736 1.38397 0.00667822
181 1.3237 1.38364 0.00664962
182 1.34538 1.38343 0.00661641
183 1.36121 1.38331 0.00658137
184 1.40217 1.38341 0.0065464
185 1.42553 1.38364 0.00651497
186 1.57482 1.38467 0.00656053
187 1.46653 1.38511 0.00654003
188 1.20169 1.38413 0.00657761
189 1.24988 1.38342 0.00658105
190 1.51807 1.38413 0.00658446
191 1.54747 1.38498 0.00660529
192 1.3772 1.38494 0.00657101
193 1.36263 1.38483 0.00653798
194 1.45311 1.38518 0.00651375
195 1.52404 1.38589 0.00651916
196 1.40019 1.38596 0.0064863
197 1.37186 1.38589 0.00645377
198 1.40996 1.38601 0.00642232
199 1.46969 1.38643 0.0064038
200 1.44469 1.38673 0.0063784
