1 -5.47389 -5.47389 0
2 -5.45192 -5.4629 0.00776432
3 -5.47422 -5.46668 0.00602352
4 -5.47456 -5.46865 0.00482885
5 -5.46847 -5.46861 0.00386321
6 -5.46726 -5.46839 0.00322589
7 -5.44696 -5.46533 0.00395941
8 -5.44965 -5.46337 0.00391921
9 -5.46978 -5.46408 0.00354791
10 -5.47338 -5.46501 0.00331289
11 -5.49426 -5.46767 0.00393707
12 -5.45703 -5.46678 0.00370749
13 -5.44629 -5.46521 0.00374234
14 -5.48977 -5.46696 0.00386454
15 -5.47889 -5.46776 0.00368788
16 -5.49363 -5.46937 0.00379533
17 -5.47381 -5.46963 0.00358102
18 -5.46959 -5.46963 0.00338208
19 -5.46248 -5.46926 0.00322498
20 -5.47663 -5.46962 0.00308476
21 -5.45914 -5.46913 0.00297797
22 -5.4657 -5.46897 0.00284668
23 -5.47868 -5.46939 0.00275405
24 -5.4776 -5.46973 0.00266042
25 -5.45972 -5.46933 0.00258395
26 -5.48791 -5.47005 0.00258142
27 -5.45092 -5.46934 0.00258116
28 -5.45566 -5.46885 0.00253479
29 -5.47541 -5.46908 0.00245744
30 -5.48691 -5.46967 0.0024464
31 -5.4531 -5.46914 0.00242518
32 -5.48723 -5.4697 0.00241441
33 -5.44114 -5.46884 0.00249152
34 -5.45749 -5.4685 0.00244048
35 -5.4851 -5.46898 0.00241637
36 -5.43526 -5.46804 0.00252426
37 -5.45475 -5.46768 0.00248146
38 -5.45798 -5.46743 0.00242926
39 -5.50992 -5.46852 0.00259985
40 -5.46222 -5.46836 0.00253961
41 -5.4614 -5.46819 0.00248333
42 -5.45735 -5.46793 0.00243757
43 -5.44407 -5.46738 0.00244324
44 -5.464 -5.4673 0.00238892
45 -5.50107 -5.46805 0.00245085
46 -5.46579 -5.468 0.00239806
47 -5.46522 -5.46794 0.00234777
48 -5.44886 -5.46754 0.00233228
49 -5.44802 -5.46714 0.00231845
50 -5.4367 -5.46654 0.00235068
51 -5.48657 -5.46693 0.00233717
52 -5.42343 -5.46609 0.00243733
53 -5.46953 -5.46616 0.0023922
54 -5.47127 -5.46625 0.00234977
55 -5.47434 -5.4664 0.00231165
56 -5.45735 -5.46624 0.00227601
57 -5.46959 -5.4663 0.00223684
58 -5.45659 -5.46613 0.00220453
59 -5.43199 -5.46555 0.00224183
60 -5.46011 -5.46546 0.0022063
61 -5.49557 -5.46595 0.00222468
62 -5.4873 -5.4663 0.00221528
63 -5.44057 -5.46589 0.00221745
64 -5.47137 -5.46597 0.00218445
65 -5.45325 -5.46578 0.0021596
66 -5.48939 -5.46614 0.0021563
67 -5.48692 -5.46645 0.00214632
68 -5.45335 -5.46625 0.00212338
69 -5.50056 -5.46675 0.00215001
70 -5.44508 -5.46644 0.00214148
71 -5.46711 -5.46645 0.00211134
72 -5.46774 -5.46647 0.00208209
73 -5.47241 -5.46655 0.00205516
74 -5.46542 -5.46653 0.00202744
75 -5.47364 -5.46663 0.00200262
76 -5.45309 -5.46645 0.00198418
77 -5.47089 -5.46651 0.00195925
78 -5.45409 -5.46635 0.00194058
79 -5.49182 -5.46667 0.00194261
80 -5.47245 -5.46674 0.00191967
81 -5.39598 -5.46587 0.00208531
82 -5.49184 -5.46619 0.00208379
83 -5.47686 -5.46632 0.00206265
84 -5.45532 -5.46619 0.00204224
85 -5.48892 -5.46645 0.00203565
86 -5.47486 -5.46655 0.00201433
87 -5.47901 -5.46669 0.00199626
88 -5.44996 -5.4665 0.00198261
89 -5.48731 -5.46674 0.00197407
90 -5.47089 -5.46678 0.00195268
91 -5.47408 -5.46686 0.00193287
92 -5.4736 -5.46694 0.00191324
93 -5.48036 -5.46708 0.00189811
94 -5.46376 -5.46705 0.00187824
95 -5.47413 -5.46712 0.00185995
96 -5.46565 -5.46711 0.00184064
97 -5.49156 -5.46736 0.00183884
98 -5.45398 -5.46722 0.00182514
99 -5.46034 -5.46715 0.00180802
100 -5.48306 -5.46731 0.00179693
101 -5.47206 -5.46736 0.00177975
102 -5.45358 -5.46722 0.00176742
103 -5.50085 -5.46755 0.00178015
104 -5.48706 -5.46774 0.0017729
105 -5.45214 -5.46759 0.00176223
106 -5.44941 -5.46742 0.00175392
107 -5.45739 -5.46732 0.00174003
108 -5.45103 -5.46717 0.00173044
109 -5.46512 -5.46715 0.00171467
110 -5.45284 -5.46702 0.00170401
111 -5.48478 -5.46718 0.00169615
112 -5.45747 -5.4671 0.00168322
113 -5.46374 -5.46707 0.00166859
114 -5.47594 -5.46714 0.00165577
115 -5.47677 -5.46723 0.00164348
116 -5.46707 -5.46723 0.00162932
117 -5.45319 -5.46711 0.0016198
118 -5.4791 -5.46721 0.00160926
119 -5.4688 -5.46722 0.00159579
120 -5.4949 -5.46745 0.00159907
121 -5.4559 -5.46736 0.00158871
122 -5.47588 -5.46743 0.00157722
123 -5.46836 -5.46743 0.00156441
124 -5.46384 -5.46741 0.00155207
125 -5.48596 -5.46755 0.00154673
126 -5.49567 -5.46778 0.00155047
127 -5.4577 -5.4677 0.00154029
128 -5.48012 -5.46779 0.00153131
129 -5.44712 -5.46763 0.0015278
130 -5.48897 -5.4678 0.00152484
131 -5.48475 -5.46793 0.00151868
132 -5.44625 -5.46776 0.00151603
133 -5.45764 -5.46769 0.00150654
134 -5.45546 -5.4676 0.00149806
135 -5.46789 -5.4676 0.00148696
136 -5.46641 -5.46759 0.00147605
137 -5.48586 -5.46772 0.00147129
138 -5.50496 -5.46799 0.00148516
139 -5.49292 -5.46817 0.00148527
140 -5.481 -5.46826 0.00147748
141 -5.48623 -5.46839 0.00147249
142 -5.47475 -5.46844 0.0014628
143 -5.48141 -5.46853 0.00145538
144 -5.43084 -5.46827 0.00146861
145 -5.47874 -5.46834 0.00146026
146 -5.45914 -5.46827 0.00145162
147 -5.47563 -5.46832 0.00144261
148 -5.47158 -5.46835 0.00143303
149 -5.44272 -5.46817 0.00143369
150 -5.49143 -5.46833 0.00143249
151 -5.43442 -5.46811 0.0014405
152 -5.48778 -5.46823 0.00143683
153 -5.44187 -5.46806 0.00143774
154 -5.46655 -5.46805 0.00142843
155 -5.4677 -5.46805 0.00141922
156 -5.45146 -5.46794 0.0014141
157 -5.47397 -5.46798 0.00140562
158 -5.47138 -5.468 0.00139688
159 -5.4773 -5.46806 0.00138932
160 -5.45658 -5.46799 0.00138249
161 -5.47143 -5.46801 0.00137407
162 -5.46433 -5.46799 0.00136577
163 -5.45202 -5.46789 0.00136091
164 -5.45003 -5.46778 0.00135696
165 -5.45011 -5.46768 0.00135295
166 -5.44545 -5.46754 0.00135141
167 -5.4608 -5.4675 0.00134392
168 -5.47207 -5.46753 0.0013362
169 -5.46667 -5.46752 0.0013283
170 -5.44554 -5.46739 0.00132676
171 -5.46559 -5.46738 0.00131905
172 -5.47256 -5.46741 0.00131172
173 -5.48037 -5.46749 0.00130627
174 -5.42138 -5.46722 0.00132537
175 -5.44897 -5.46712 0.0013219
176 -5.45783 -5.46707 0.00131544
177 -5.48235 -5.46715 0.00131084
178 -5.45888 -5.46711 0.0013043
179 -5.4282 -5.46689 0.00131499
180 -5.46473 -5.46688 0.00130774
181 -5.47372 -5.46691 0.00130107
182 -5.47154 -5.46694 0.00129416
183 -5.47575 -5.46699 0.00128799
184 -5.4595 -5.46695 0.00128163
185 -5.45383 -5.46688 0.00127666
186 -5.43423 -5.4667 0.0012818
187 -5.44676 -5.46659 0.00127938
188 -5.49877 -5.46677 0.00128397
189 -5.49488 -5.46691 0.00128576
190 -5.43711 -5.46676 0.00128853
191 -5.43738 -5.4666 0.00129093
192 -5.47053 -5.46662 0.00128437
193 -5.47433 -5.46666 0.00127834
194 -5.45052 -5.46658 0.00127446
195 -5.43343 -5.46641 0.00127921
196 -5.47173 -5.46644 0.00127297
197 -5.47389 -5.46648 0.00126707
198 -5.45623 -5.46642 0.00126173
199 -5.44939 -5.46634 0.00125829
200 -5.45296 -5.46627 0.00125377
