0.5   0.5   -0.0775789
0.5   0.525   -0.121954
0.5   0.55   -0.156895
0.5   0.575   -0.192023
0.5   0.6   -0.221818
0.5   0.625   -0.24548
0.5   0.65   -0.264686
0.5   0.675   -0.281165
0.5   0.7   -0.289413
0.5   0.725   -0.297214
0.5   0.75   -0.298943
0.5   0.775   -0.294968
0.5   0.8   -0.289374
0.5   0.825   -0.282609
0.5   0.85   -0.275408
0.5   0.875   -0.25828
0.5   0.9   -0.241151
0.5   0.925   -0.221602
0.5   0.95   -0.200416
0.5   0.975   -0.176648
0.5   1   -0.148189
0.525   0.5   -0.108749
0.525   0.525   -0.152684
0.525   0.55   -0.190876
0.525   0.575   -0.224347
0.525   0.6   -0.257787
0.525   0.625   -0.284871
0.525   0.65   -0.307268
0.525   0.675   -0.328441
0.525   0.7   -0.342698
0.525   0.725   -0.354078
0.525   0.75   -0.357701
0.525   0.775   -0.363362
0.525   0.8   -0.357051
0.525   0.825   -0.353742
0.525   0.85   -0.341566
0.525   0.875   -0.328459
0.525   0.9   -0.31128
0.525   0.925   -0.291452
0.525   0.95   -0.267816
0.525   0.975   -0.239532
0.525   1   -0.206573
0.55   0.5   -0.1333
0.55   0.525   -0.175947
0.55   0.55   -0.212972
0.55   0.575   -0.251604
0.55   0.6   -0.283127
0.55   0.625   -0.312305
0.55   0.65   -0.33783
0.55   0.675   -0.359398
0.55   0.7   -0.377871
0.55   0.725   -0.388303
0.55   0.75   -0.397748
0.55   0.775   -0.402727
0.55   0.8   -0.402702
0.55   0.825   -0.396525
0.55   0.85   -0.389516
0.55   0.875   -0.377305
0.55   0.9   -0.360016
0.55   0.925   -0.33791
0.55   0.95   -0.31398
0.55   0.975   -0.282294
0.55   1   -0.247225
0.575   0.5   -0.153498
0.575   0.525   -0.193375
0.575   0.55   -0.230747
0.575   0.575   -0.267038
0.575   0.6   -0.299512
0.575   0.625   -0.32761
0.575   0.65   -0.356693
0.575   0.675   -0.377124
0.575   0.7   -0.397671
0.575   0.725   -0.411663
0.575   0.75   -0.421794
0.575   0.775   -0.429266
0.575   0.8   -0.429391
0.575   0.825   -0.426082
0.575   0.85   -0.419211
0.575   0.875   -0.40597
0.575   0.9   -0.390916
0.575   0.925   -0.367527
0.575   0.95   -0.341456
0.575   0.975   -0.309029
0.575   1   -0.270435
0.6   0.5   -0.176739
0.6   0.525   -0.209351
0.6   0.55   -0.245593
0.6   0.575   -0.280439
0.6   0.6   -0.311134
0.6   0.625   -0.340198
0.6   0.65   -0.366107
0.6   0.675   -0.388863
0.6   0.7   -0.407267
0.6   0.725   -0.4222
0.6   0.75   -0.433522
0.6   0.775   -0.440766
0.6   0.8   -0.442522
0.6   0.825   -0.4403
0.6   0.85   -0.433013
0.6   0.875   -0.419687
0.6   0.9   -0.403322
0.6   0.925   -0.382202
0.6   0.95   -0.352377
0.6   0.975   -0.317979
0.6   1   -0.279174
0.625   0.5   -0.193763
0.625   0.525   -0.226755
0.625   0.55   -0.259209
0.625   0.575   -0.291343
0.625   0.6   -0.319097
0.625   0.625   -0.347196
0.625   0.65   -0.37065
0.625   0.675   -0.39196
0.625   0.7   -0.41106
0.625   0.725   -0.425413
0.625   0.75   -0.436997
0.625   0.775   -0.44142
0.625   0.8   -0.444797
0.625   0.825   -0.440066
0.625   0.85   -0.432683
0.625   0.875   -0.420463
0.625   0.9   -0.403189
0.625   0.925   -0.378302
0.625   0.95   -0.350537
0.625   0.975   -0.316532
0.625   1   -0.272307
0.65   0.5   -0.210456
0.65   0.525   -0.241789
0.65   0.55   -0.270105
0.65   0.575   -0.298862
0.65   0.6   -0.325688
0.65   0.625   -0.349804
0.65   0.65   -0.371186
0.65   0.675   -0.391251
0.65   0.7   -0.407835
0.65   0.725   -0.421069
0.65   0.75   -0.431216
0.65   0.775   -0.434561
0.65   0.8   -0.437968
0.65   0.825   -0.4331
0.65   0.85   -0.424795
0.65   0.875   -0.409674
0.65   0.9   -0.390686
0.65   0.925   -0.364197
0.65   0.95   -0.335803
0.65   0.975   -0.297495
0.65   1   -0.256728
0.675   0.5   -0.225316
0.675   0.525   -0.252484
0.675   0.55   -0.278876
0.675   0.575   -0.30417
0.675   0.6   -0.327171
0.675   0.625   -0.3507
0.675   0.65   -0.370297
0.675   0.675   -0.387096
0.675   0.7   -0.400803
0.675   0.725   -0.412823
0.675   0.75   -0.419511
0.675   0.775   -0.424043
0.675   0.8   -0.423459
0.675   0.825   -0.417703
0.675   0.85   -0.409553
0.675   0.875   -0.39343
0.675   0.9   -0.368286
0.675   0.925   -0.342792
0.675   0.95   -0.310458
0.675   0.975   -0.269655
0.675   1   -0.22605
0.7   0.5   -0.240583
0.7   0.525   -0.263799
0.7   0.55   -0.28482
0.7   0.575   -0.307459
0.7   0.6   -0.329001
0.7   0.625   -0.348731
0.7   0.65   -0.36307
0.7   0.675   -0.377703
0.7   0.7   -0.390876
0.7   0.725   -0.400479
0.7   0.75   -0.404191
0.7   0.775   -0.405064
0.7   0.8   -0.404141
0.7   0.825   -0.395025
0.7   0.85   -0.383519
0.7   0.875   -0.367899
0.7   0.9   -0.343076
0.7   0.925   -0.31059
0.7   0.95   -0.280327
0.7   0.975   -0.23861
0.7   1   -0.186397
0.725   0.5   -0.251774
0.725   0.525   -0.271207
0.725   0.55   -0.292029
0.725   0.575   -0.312016
0.725   0.6   -0.326803
0.725   0.625   -0.342094
0.725   0.65   -0.358392
0.725   0.675   -0.368966
0.725   0.7   -0.376383
0.725   0.725   -0.383478
0.725   0.75   -0.383801
0.725   0.775   -0.382972
0.725   0.8   -0.378337
0.725   0.825   -0.369191
0.725   0.85   -0.354103
0.725   0.875   -0.332783
0.725   0.9   -0.305507
0.725   0.925   -0.27779
0.725   0.95   -0.234969
0.725   0.975   -0.191803
0.725   1   -0.14031
0.75   0.5   -0.263512
0.75   0.525   -0.277484
0.75   0.55   -0.295824
0.75   0.575   -0.311232
0.75   0.6   -0.325147
0.75   0.625   -0.335925
0.75   0.65   -0.345751
0.75   0.675   -0.355172
0.75   0.7   -0.361039
0.75   0.725   -0.363775
0.75   0.75   -0.362206
0.75   0.775   -0.359065
0.75   0.8   -0.349631
0.75   0.825   -0.340275
0.75   0.85   -0.320682
0.75   0.875   -0.295266
0.75   0.9   -0.265936
0.75   0.925   -0.230647
0.75   0.95   -0.193635
0.75   0.975   -0.142723
0.75   1   -0.0837961
0.775   0.5   -0.270148
0.775   0.525   -0.283229
0.775   0.55   -0.297384
0.775   0.575   -0.310084
0.775   0.6   -0.318521
0.775   0.625   -0.328236
0.775   0.65   -0.337934
0.775   0.675   -0.340451
0.775   0.7   -0.342172
0.775   0.725   -0.34067
0.775   0.75   -0.339767
0.775   0.775   -0.329686
0.775   0.8   -0.315998
0.775   0.825   -0.302089
0.775   0.85   -0.285777
0.775   0.875   -0.255337
0.775   0.9   -0.228213
0.775   0.925   -0.177827
0.775   0.95   -0.139522
0.775   0.975   -0.0936973
0.775   1   -0.0273651
0.8   0.5   -0.275275
0.8   0.525   -0.287589
0.8   0.55   -0.295043
0.8   0.575   -0.306485
0.8   0.6   -0.313169
0.8   0.625   -0.317946
0.8   0.65   -0.322941
0.8   0.675   -0.324432
0.8   0.7   -0.322214
0.8   0.725   -0.314536
0.8   0.75   -0.308158
0.8   0.775   -0.299062
0.8   0.8   -0.283578
0.8   0.825   -0.271503
0.8   0.85   -0.238708
0.8   0.875   -0.206715
0.8   0.9   -0.17626
0.8   0.925   -0.136392
0.8   0.95   -0.0829628
0.8   0.975   -0.0299567
0.8   1   0.036524
0.825   0.5   -0.278311
0.825   0.525   -0.284073
0.825   0.55   -0.292297
0.825   0.575   -0.299791
0.825   0.6   -0.302492
0.825   0.625   -0.304392
0.825   0.65   -0.302874
0.825   0.675   -0.301453
0.825   0.7   -0.298233
0.825   0.725   -0.289171
0.825   0.75   -0.280308
0.825   0.775   -0.265521
0.825   0.8   -0.250349
0.825   0.825   -0.223367
0.825   0.85   -0.195814
0.825   0.875   -0.153511
0.825   0.9   -0.127828
0.825   0.925   -0.0796077
0.825   0.95   -0.0256439
0.825   0.975   0.0364046
0.825   1   0.100772
0.85   0.5   -0.277378
0.85   0.525   -0.280895
0.85   0.55   -0.285761
0.85   0.575   -0.289163
0.85   0.6   -0.292041
0.85   0.625   -0.287107
0.85   0.65   -0.288441
0.85   0.675   -0.278667
0.85   0.7   -0.267678
0.85   0.725   -0.260163
0.85   0.75   -0.246977
0.85   0.775   -0.226822
0.85   0.8   -0.206357
0.85   0.825   -0.175961
0.85   0.85   -0.144016
0.85   0.875   -0.104314
0.85   0.9   -0.0650241
0.85   0.925   -0.0218734
0.85   0.95   0.0461515
0.85   0.975   0.103379
0.85   1   0.182715
0.875   0.5   -0.276039
0.875   0.525   -0.273211
0.875   0.55   -0.275431
0.875   0.575   -0.276228
0.875   0.6   -0.272184
0.875   0.625   -0.272799
0.875   0.65   -0.263082
0.875   0.675   -0.255575
0.875   0.7   -0.24528
0.875   0.725   -0.230984
0.875   0.75   -0.208224
0.875   0.775   -0.183911
0.875   0.8   -0.161534
0.875   0.825   -0.12358
0.875   0.85   -0.0942157
0.875   0.875   -0.0452213
0.875   0.9   0.00190189
0.875   0.925   0.0551242
0.875   0.95   0.11492
0.875   0.975   0.180467
0.875   1   0.262978
0.9   0.5   -0.265861
0.9   0.525   -0.265372
0.9   0.55   -0.263741
0.9   0.575   -0.260311
0.9   0.6   -0.254997
0.9   0.625   -0.242869
0.9   0.65   -0.237429
0.9   0.675   -0.223557
0.9   0.7   -0.210392
0.9   0.725   -0.189243
0.9   0.75   -0.167156
0.9   0.775   -0.141831
0.9   0.8   -0.112494
0.9   0.825   -0.0807865
0.9   0.85   -0.0323909
0.9   0.875   0.0154716
0.9   0.9   0.0609912
0.9   0.925   0.119112
0.9   0.95   0.184513
0.9   0.975   0.259206
0.9   1   0.331154
0.925   0.5   -0.256703
0.925   0.525   -0.254496
0.925   0.55   -0.250067
0.925   0.575   -0.2366
0.925   0.6   -0.227807
0.925   0.625   -0.220189
0.925   0.65   -0.208961
0.925   0.675   -0.199272
0.925   0.7   -0.170911
0.925   0.725   -0.155474
0.925   0.75   -0.125307
0.925   0.775   -0.0957638
0.925   0.8   -0.0610275
0.925   0.825   -0.0237544
0.925   0.85   0.0312152
0.925   0.875   0.0824342
0.925   0.9   0.135418
0.925   0.925   0.191675
0.925   0.95   0.260753
0.925   0.975   0.346554
0.925   1   0.420659
0.95   0.5   -0.242679
0.95   0.525   -0.23608
0.95   0.55   -0.225939
0.95   0.575   -0.21974
0.95   0.6   -0.20703
0.95   0.625   -0.192237
0.95   0.65   -0.178074
0.95   0.675   -0.15386
0.95   0.7   -0.132076
0.95   0.725   -0.102382
0.95   0.75   -0.0746382
0.95   0.775   -0.0433392
0.95   0.8   0.000121519
0.95   0.825   0.0418204
0.95   0.85   0.0947156
0.95   0.875   0.142689
0.95   0.9   0.204112
0.95   0.925   0.270751
0.95   0.95   0.34064
0.95   0.975   0.438687
0.95   1   0.521594
0.975   0.5   -0.21725
0.975   0.525   -0.21105
0.975   0.55   -0.199552
0.975   0.575   -0.181417
0.975   0.6   -0.174458
0.975   0.625   -0.157899
0.975   0.65   -0.138958
0.975   0.675   -0.110666
0.975   0.7   -0.0897407
0.975   0.725   -0.0628997
0.975   0.75   -0.0234424
0.975   0.775   0.0051466
0.975   0.8   0.0550226
0.975   0.825   0.100534
0.975   0.85   0.160007
0.975   0.875   0.216447
0.975   0.9   0.279875
0.975   0.925   0.353625
0.975   0.95   0.434464
0.975   0.975   0.507133
0.975   1   0.610759
1   0.5   -0.196359
1   0.525   -0.1839
1   0.55   -0.173184
1   0.575   -0.153583
1   0.6   -0.138257
1   0.625   -0.117307
1   0.65   -0.0964606
1   0.675   -0.0697965
1   0.7   -0.0379513
1   0.725   -0.0122459
1   0.75   0.0336651
1   0.775   0.0625252
1   0.8   0.125462
1   0.825   0.171409
1   0.85   0.232247
1   0.875   0.288336
1   0.9   0.362927
1   0.925   0.445301
1   0.95   0.523523
1   0.975   0.612901
1   1   0.712294
