0.5   0.5   -0.0771287
0.5   0.525   -0.122115
0.5   0.55   -0.156475
0.5   0.575   -0.191496
0.5   0.6   -0.222344
0.5   0.625   -0.244229
0.5   0.65   -0.266734
0.5   0.675   -0.280304
0.5   0.7   -0.289294
0.5   0.725   -0.298217
0.5   0.75   -0.299385
0.5   0.775   -0.296056
0.5   0.8   -0.288689
0.5   0.825   -0.282071
0.5   0.85   -0.270204
0.5   0.875   -0.258545
0.5   0.9   -0.242022
0.5   0.925   -0.222336
0.5   0.95   -0.199894
0.5   0.975   -0.174716
0.5   1   -0.145639
0.525   0.5   -0.108784
0.525   0.525   -0.151242
0.525   0.55   -0.191279
0.525   0.575   -0.225389
0.525   0.6   -0.258659
0.525   0.625   -0.286969
0.525   0.65   -0.30707
0.525   0.675   -0.326565
0.525   0.7   -0.34322
0.525   0.725   -0.353253
0.525   0.75   -0.357431
0.525   0.775   -0.361127
0.525   0.8   -0.358508
0.525   0.825   -0.3536
0.525   0.85   -0.340886
0.525   0.875   -0.327517
0.525   0.9   -0.312347
0.525   0.925   -0.291393
0.525   0.95   -0.267822
0.525   0.975   -0.237754
0.525   1   -0.205415
0.55   0.5   -0.133425
0.55   0.525   -0.174781
0.55   0.55   -0.212664
0.55   0.575   -0.250467
0.55   0.6   -0.281847
0.55   0.625   -0.312487
0.55   0.65   -0.336365
0.55   0.675   -0.360496
0.55   0.7   -0.377758
0.55   0.725   -0.389373
0.55   0.75   -0.398762
0.55   0.775   -0.402938
0.55   0.8   -0.403311
0.55   0.825   -0.397368
0.55   0.85   -0.389118
0.55   0.875   -0.377044
0.55   0.9   -0.3606
0.55   0.925   -0.337996
0.55   0.95   -0.314914
0.55   0.975   -0.281867
0.55   1   -0.248128
0.575   0.5   -0.152855
0.575   0.525   -0.19404
0.575   0.55   -0.231262
0.575   0.575   -0.266532
0.575   0.6   -0.299284
0.575   0.625   -0.328345
0.575   0.65   -0.356443
0.575   0.675   -0.377393
0.575   0.7   -0.396783
0.575   0.725   -0.411516
0.575   0.75   -0.422036
0.575   0.775   -0.428805
0.575   0.8   -0.429203
0.575   0.825   -0.42651
0.575   0.85   -0.419312
0.575   0.875   -0.406382
0.575   0.9   -0.390058
0.575   0.925   -0.368116
0.575   0.95   -0.341111
0.575   0.975   -0.30711
0.575   1   -0.269118
0.6   0.5   -0.176184
0.6   0.525   -0.211578
0.6   0.55   -0.246796
0.6   0.575   -0.280438
0.6   0.6   -0.312643
0.6   0.625   -0.340353
0.6   0.65   -0.36592
0.6   0.675   -0.389371
0.6   0.7   -0.406961
0.6   0.725   -0.422215
0.6   0.75   -0.434356
0.6   0.775   -0.440069
0.6   0.8   -0.442721
0.6   0.825   -0.439608
0.6   0.85   -0.431533
0.6   0.875   -0.419526
0.6   0.9   -0.40275
0.6   0.925   -0.380146
0.6   0.95   -0.352517
0.6   0.975   -0.316988
0.6   1   -0.278952
0.625   0.5   -0.194102
0.625   0.525   -0.226749
0.625   0.55   -0.259752
0.625   0.575   -0.2919
0.625   0.6   -0.31954
0.625   0.625   -0.346211
0.625   0.65   -0.370055
0.625   0.675   -0.391739
0.625   0.7   -0.411095
0.625   0.725   -0.425769
0.625   0.75   -0.436165
0.625   0.775   -0.441833
0.625   0.8   -0.444217
0.625   0.825   -0.439728
0.625   0.85   -0.432241
0.625   0.875   -0.420244
0.625   0.9   -0.401739
0.625   0.925   -0.3773
0.625   0.95   -0.349889
0.625   0.975   -0.314749
0.625   1   -0.272054
0.65   0.5   -0.211751
0.65   0.525   -0.240221
0.65   0.55   -0.270129
0.65   0.575   -0.298218
0.65   0.6   -0.324967
0.65   0.625   -0.349339
0.65   0.65   -0.371586
0.65   0.675   -0.391198
0.65   0.7   -0.408133
0.65   0.725   -0.421261
0.65   0.75   -0.430772
0.65   0.775   -0.43422
0.65   0.8   -0.436892
0.65   0.825   -0.433336
0.65   0.85   -0.425708
0.65   0.875   -0.410126
0.65   0.9   -0.391199
0.65   0.925   -0.364384
0.65   0.95   -0.333879
0.65   0.975   -0.297414
0.65   1   -0.256242
0.675   0.5   -0.226473
0.675   0.525   -0.252147
0.675   0.55   -0.279542
0.675   0.575   -0.304338
0.675   0.6   -0.326665
0.675   0.625   -0.350767
0.675   0.65   -0.368261
0.675   0.675   -0.385903
0.675   0.7   -0.400631
0.675   0.725   -0.41247
0.675   0.75   -0.420525
0.675   0.775   -0.42507
0.675   0.8   -0.424089
0.675   0.825   -0.416674
0.675   0.85   -0.407297
0.675   0.875   -0.390927
0.675   0.9   -0.371061
0.675   0.925   -0.342046
0.675   0.95   -0.310431
0.675   0.975   -0.268815
0.675   1   -0.224352
0.7   0.5   -0.241687
0.7   0.525   -0.262699
0.7   0.55   -0.284641
0.7   0.575   -0.307375
0.7   0.6   -0.329104
0.7   0.625   -0.348492
0.7   0.65   -0.362376
0.7   0.675   -0.377886
0.7   0.7   -0.390037
0.7   0.725   -0.40156
0.7   0.75   -0.404106
0.7   0.775   -0.403831
0.7   0.8   -0.404119
0.7   0.825   -0.395389
0.7   0.85   -0.383471
0.7   0.875   -0.365168
0.7   0.9   -0.342134
0.7   0.925   -0.309501
0.7   0.95   -0.279711
0.7   0.975   -0.234568
0.7   1   -0.183857
0.725   0.5   -0.252069
0.725   0.525   -0.27109
0.725   0.55   -0.294394
0.725   0.575   -0.310873
0.725   0.6   -0.32596
0.725   0.625   -0.34327
0.725   0.65   -0.358583
0.725   0.675   -0.36823
0.725   0.7   -0.377269
0.725   0.725   -0.382301
0.725   0.75   -0.385638
0.725   0.775   -0.383864
0.725   0.8   -0.378334
0.725   0.825   -0.368574
0.725   0.85   -0.354422
0.725   0.875   -0.333868
0.725   0.9   -0.305874
0.725   0.925   -0.277891
0.725   0.95   -0.23954
0.725   0.975   -0.189125
0.725   1   -0.138972
0.75   0.5   -0.263255
0.75   0.525   -0.277686
0.75   0.55   -0.296756
0.75   0.575   -0.310203
0.75   0.6   -0.325218
0.75   0.625   -0.336222
0.75   0.65   -0.345067
0.75   0.675   -0.355201
0.75   0.7   -0.361394
0.75   0.725   -0.365199
0.75   0.75   -0.361738
0.75   0.775   -0.357307
0.75   0.8   -0.35079
0.75   0.825   -0.338311
0.75   0.85   -0.318831
0.75   0.875   -0.296189
0.75   0.9   -0.263013
0.75   0.925   -0.229615
0.75   0.95   -0.192823
0.75   0.975   -0.141424
0.75   1   -0.0845697
0.775   0.5   -0.270099
0.775   0.525   -0.284567
0.775   0.55   -0.297156
0.775   0.575   -0.309524
0.775   0.6   -0.319714
0.775   0.625   -0.328324
0.775   0.65   -0.33706
0.775   0.675   -0.34104
0.775   0.7   -0.342424
0.775   0.725   -0.337107
0.775   0.75   -0.338161
0.775   0.775   -0.330754
0.775   0.8   -0.314527
0.775   0.825   -0.302758
0.775   0.85   -0.28402
0.775   0.875   -0.256017
0.775   0.9   -0.229224
0.775   0.925   -0.179951
0.775   0.95   -0.140372
0.775   0.975   -0.0914986
0.775   1   -0.0291271
0.8   0.5   -0.276459
0.8   0.525   -0.286163
0.8   0.55   -0.293709
0.8   0.575   -0.306125
0.8   0.6   -0.313959
0.8   0.625   -0.320132
0.8   0.65   -0.32359
0.8   0.675   -0.323796
0.8   0.7   -0.320772
0.8   0.725   -0.315706
0.8   0.75   -0.308916
0.8   0.775   -0.297859
0.8   0.8   -0.281867
0.8   0.825   -0.269813
0.8   0.85   -0.236977
0.8   0.875   -0.205289
0.8   0.9   -0.176192
0.8   0.925   -0.140253
0.8   0.95   -0.080058
0.8   0.975   -0.0296361
0.8   1   0.0365013
0.825   0.5   -0.278409
0.825   0.525   -0.283947
0.825   0.55   -0.291351
0.825   0.575   -0.298447
0.825   0.6   -0.304794
0.825   0.625   -0.30354
0.825   0.65   -0.303852
0.825   0.675   -0.305024
0.825   0.7   -0.29618
0.825   0.725   -0.290548
0.825   0.75   -0.284539
0.825   0.775   -0.264264
0.825   0.8   -0.246686
0.825   0.825   -0.220084
0.825   0.85   -0.192753
0.825   0.875   -0.152806
0.825   0.9   -0.12619
0.825   0.925   -0.0757128
0.825   0.95   -0.0225433
0.825   0.975   0.0342508
0.825   1   0.0972002
0.85   0.5   -0.276681
0.85   0.525   -0.281354
0.85   0.55   -0.286826
0.85   0.575   -0.289306
0.85   0.6   -0.291898
0.85   0.625   -0.286924
0.85   0.65   -0.287311
0.85   0.675   -0.274766
0.85   0.7   -0.271351
0.85   0.725   -0.258707
0.85   0.75   -0.247239
0.85   0.775   -0.224995
0.85   0.8   -0.203279
0.85   0.825   -0.171446
0.85   0.85   -0.146601
0.85   0.875   -0.105801
0.85   0.9   -0.0550978
0.85   0.925   -0.0172553
0.85   0.95   0.0437774
0.85   0.975   0.105834
0.85   1   0.186185
0.875   0.5   -0.275169
0.875   0.525   -0.272745
0.875   0.55   -0.27646
0.875   0.575   -0.275703
0.875   0.6   -0.274633
0.875   0.625   -0.27263
0.875   0.65   -0.262143
0.875   0.675   -0.255164
0.875   0.7   -0.240643
0.875   0.725   -0.228793
0.875   0.75   -0.206049
0.875   0.775   -0.188878
0.875   0.8   -0.159908
0.875   0.825   -0.125506
0.875   0.85   -0.0940227
0.875   0.875   -0.0451698
0.875   0.9   -0.000463382
0.875   0.925   0.0550817
0.875   0.95   0.121316
0.875   0.975   0.182485
0.875   1   0.265243
0.9   0.5   -0.265962
0.9   0.525   -0.266268
0.9   0.55   -0.261037
0.9   0.575   -0.25873
0.9   0.6   -0.253626
0.9   0.625   -0.246515
0.9   0.65   -0.233635
0.9   0.675   -0.223266
0.9   0.7   -0.210745
0.9   0.725   -0.196736
0.9   0.75   -0.167708
0.9   0.775   -0.144579
0.9   0.8   -0.10986
0.9   0.825   -0.0783582
0.9   0.85   -0.0311133
0.9   0.875   0.0110968
0.9   0.9   0.0563767
0.9   0.925   0.115929
0.9   0.95   0.178379
0.9   0.975   0.25804
0.9   1   0.338063
0.925   0.5   -0.25673
0.925   0.525   -0.254527
0.925   0.55   -0.25229
0.925   0.575   -0.240021
0.925   0.6   -0.23209
0.925   0.625   -0.219224
0.925   0.65   -0.210015
0.925   0.675   -0.195122
0.925   0.7   -0.1708
0.925   0.725   -0.150779
0.925   0.75   -0.131189
0.925   0.775   -0.0978666
0.925   0.8   -0.0568888
0.925   0.825   -0.0202754
0.925   0.85   0.0292861
0.925   0.875   0.079285
0.925   0.9   0.13061
0.925   0.925   0.192648
0.925   0.95   0.269916
0.925   0.975   0.342253
0.925   1   0.429029
0.95   0.5   -0.243259
0.95   0.525   -0.232812
0.95   0.55   -0.226219
0.95   0.575   -0.219186
0.95   0.6   -0.205513
0.95   0.625   -0.19384
0.95   0.65   -0.17917
0.95   0.675   -0.152992
0.95   0.7   -0.132961
0.95   0.725   -0.105345
0.95   0.75   -0.0744559
0.95   0.775   -0.0446075
0.95   0.8   0.0010413
0.95   0.825   0.0376807
0.95   0.85   0.0907551
0.95   0.875   0.144654
0.95   0.9   0.202891
0.95   0.925   0.267256
0.95   0.95   0.338347
0.95   0.975   0.427832
0.95   1   0.525831
0.975   0.5   -0.218129
0.975   0.525   -0.210592
0.975   0.55   -0.201919
0.975   0.575   -0.186758
0.975   0.6   -0.169914
0.975   0.625   -0.157493
0.975   0.65   -0.142519
0.975   0.675   -0.109041
0.975   0.7   -0.0974752
0.975   0.725   -0.0667741
0.975   0.75   -0.0277913
0.975   0.775   0.00611763
0.975   0.8   0.0500289
0.975   0.825   0.0999564
0.975   0.85   0.156322
0.975   0.875   0.216789
0.975   0.9   0.280913
0.975   0.925   0.35083
0.975   0.95   0.43799
0.975   0.975   0.512894
0.975   1   0.62117
1   0.5   -0.197708
1   0.525   -0.192167
1   0.55   -0.174011
1   0.575   -0.152644
1   0.6   -0.140803
1   0.625   -0.11859
1   0.65   -0.0931261
1   0.675   -0.0656035
1   0.7   -0.0353478
1   0.725   -0.00978648
1   0.75   0.0282976
1   0.775   0.0706233
1   0.8   0.122614
1   0.825   0.174651
1   0.85   0.231381
1   0.875   0.290492
1   0.9   0.367906
1   0.925   0.441193
1   0.95   0.516434
1   0.975   0.634642
1   1   0.715095
0.625   0.8   -0.444217
