0   -0.443831   0
1   -0.440508   0.00332279
2   -0.441829   0.00232933
3   -0.440863   0.00190949
4   -0.442025   0.00188087
5   -0.444373   0.0028058
6   -0.442342   0.00312266
7   -0.443055   0.00279675
8   -0.442282   0.00258464
9   -0.442461   0.00231869
10   -0.444207   0.00272912
11   -0.443196   0.00268874
12   -0.443562   0.00250018
13   -0.443026   0.00237606
14   -0.442564   0.00225957
15   -0.443154   0.00219429
16   -0.442737   0.00210281
17   -0.443556   0.00214484
18   -0.443933   0.00206365
19   -0.443869   0.00195881
20   -0.443892   0.00186334
21   -0.444055   0.00178417
22   -0.444113   0.00170578
23   -0.444427   0.00166309
24   -0.444692   0.00161706
25   -0.445441   0.00172472
26   -0.445233   0.00167252
27   -0.444676   0.00170517
28   -0.445195   0.00172502
29   -0.44492   0.00168906
30   -0.444564   0.00167204
31   -0.444637   0.00162061
32   -0.444663   0.00157095
33   -0.444378   0.00155038
34   -0.444595   0.00152102
35   -0.44474   0.00148521
36   -0.444775   0.00144493
37   -0.444887   0.00141084
38   -0.444513   0.00142395
39   -0.444613   0.00139144
40   -0.444622   0.00135711
41   -0.444589   0.00132482
42   -0.444427   0.00130383
43   -0.44434   0.00127678
44   -0.444303   0.00124865
45   -0.444353   0.00122225
46   -0.44441   0.00119733
47   -0.444464   0.00117333
48   -0.444676   0.00116854
49   -0.444677   0.00114493
50   -0.444836   0.00113335
51   -0.444831   0.00111135
52   -0.444996   0.00110257
53   -0.445162   0.00109469
54   -0.445069   0.00107861
55   -0.445098   0.00105957
56   -0.444929   0.00105456
57   -0.445058   0.00104422
58   -0.444748   0.00107193
59   -0.445024   0.00108934
60   -0.445035   0.00107139
61   -0.445024   0.00105404
62   -0.445073   0.00103834
63   -0.444994   0.00102505
64   -0.445011   0.00100932
65   -0.44508   0.000996271
66   -0.445143   0.00098331
67   -0.445075   0.000971111
68   -0.445085   0.00095698
69   -0.445021   0.000945368
70   -0.44505   0.000932421
71   -0.44505   0.000919379
72   -0.445092   0.000907673
73   -0.445302   0.000919736
74   -0.445428   0.00091604
75   -0.445448   0.000904134
76   -0.445304   0.000903928
77   -0.445278   0.000892632
78   -0.445281   0.000881266
79   -0.445192   0.000874715
80   -0.445003   0.000884221
81   -0.445127   0.00088205
82   -0.445073   0.00087299
83   -0.445002   0.000865446
84   -0.444705   0.000905348
85   -0.444664   0.000895706
86   -0.444787   0.00089392
87   -0.444771   0.000883849
88   -0.444901   0.00088346
89   -0.444844   0.000875443
90   -0.444962   0.000873793
91   -0.44502   0.00086614
92   -0.445105   0.000860977
93   -0.445214   0.000858748
94   -0.445032   0.00086896
95   -0.444986   0.00086108
96   -0.444867   0.000860445
97   -0.444819   0.000852981
98   -0.44487   0.000845892
99   -0.444797   0.000840591
