0   -0.436602   0
1   -0.438778   0.00217593
2   -0.442273   0.00371411
3   -0.443212   0.00278907
4   -0.442739   0.00221159
5   -0.445401   0.00321707
6   -0.444856   0.00277317
7   -0.445262   0.00243572
8   -0.445357   0.00215022
9   -0.444954   0.00196509
10   -0.445703   0.00192918
11   -0.44488   0.00194399
12   -0.445179   0.00181294
13   -0.445385   0.00169111
14   -0.44434   0.0018897
15   -0.444397   0.00176857
16   -0.44382   0.00175871
17   -0.444711   0.00188229
18   -0.445087   0.00181975
19   -0.44503   0.0017273
20   -0.444996   0.00164335
21   -0.444708   0.001593
22   -0.445219   0.00160553
23   -0.445267   0.00153794
24   -0.445104   0.00148412
25   -0.44545   0.00146719
26   -0.445425   0.00141202
27   -0.445246   0.00137246
28   -0.44574   0.00141371
29   -0.445949   0.00138166
30   -0.445715   0.00135675
31   -0.445886   0.0013247
32   -0.44582   0.0012856
33   -0.445616   0.0012638
34   -0.445682   0.00122894
35   -0.445825   0.00120281
36   -0.445824   0.00116985
37   -0.445836   0.00113872
38   -0.445702   0.00111724
39   -0.44578   0.00109172
40   -0.445596   0.0010805
41   -0.445634   0.00105513
42   -0.445397   0.00105712
43   -0.445184   0.00105459
44   -0.445214   0.00103134
45   -0.445274   0.0010104
46   -0.44528   0.000988693
47   -0.445343   0.00096995
48   -0.445462   0.000957289
49   -0.44554   0.000941221
50   -0.445658   0.000930041
51   -0.445656   0.000911982
52   -0.445695   0.000895457
53   -0.445705   0.000878783
54   -0.44577   0.000865084
55   -0.445922   0.000862923
56   -0.445498   0.000947627
57   -0.445648   0.000943054
58   -0.445589   0.000928794
59   -0.445695   0.000919298
60   -0.445687   0.000904134
61   -0.445635   0.000890939
62   -0.445647   0.000876757
63   -0.445648   0.00086295
64   -0.445471   0.000867748
65   -0.445596   0.000863581
66   -0.445626   0.000851103
67   -0.445561   0.00084101
68   -0.445505   0.000830623
69   -0.445421   0.000822941
70   -0.445333   0.000816013
71   -0.445383   0.00080613
72   -0.445365   0.00079521
73   -0.445382   0.000784572
74   -0.445523   0.000786804
75   -0.445498   0.000776791
76   -0.445241   0.000808495
77   -0.445088   0.000812576
78   -0.445097   0.000802277
79   -0.445007   0.000797347
80   -0.444916   0.000792647
81   -0.44491   0.000782944
82   -0.444904   0.000773479
83   -0.444827   0.000768047
84   -0.444476   0.000836373
85   -0.444459   0.000826759
86   -0.444514   0.000819046
87   -0.444464   0.000811211
88   -0.444467   0.000802049
89   -0.444458   0.000793136
90   -0.444559   0.000790817
91   -0.444503   0.00078413
92   -0.444596   0.000781149
93   -0.444743   0.000786596
94   -0.444579   0.000795296
95   -0.444494   0.000791501
96   -0.444392   0.000789928
97   -0.444257   0.000793385
98   -0.444356   0.000791491
99   -0.444217   0.000795775
