                   1            0.320145            0.320145                   0
                   2            0.323583            0.321864          0.00171886
                   3            0.320913            0.321547          0.00104184
                   4            0.323269            0.321978         0.000853251
                   5             0.32168            0.321918         0.000663606
                   6            0.319741            0.321555         0.000652099
                   7             0.32133            0.321523         0.000552063
                   8            0.324227            0.321861         0.000585538
                   9            0.320913            0.321756         0.000527024
                  10            0.321214            0.321702         0.000474484
                  11            0.324801            0.321983         0.000513412
                  12            0.324003            0.322152         0.000497984
                  13            0.321239            0.322081         0.000463432
                  14            0.323378            0.322174         0.000438935
                  15            0.320089            0.322035         0.000431615
                  16            0.322231            0.322047         0.000403925
                  17            0.321557            0.322018         0.000380516
                  18            0.320282            0.321922         0.000371503
                  19             0.32544            0.322107         0.000397199
                  20            0.323329            0.322168         0.000381738
                  21            0.325361             0.32232         0.000393648
                  22            0.320715            0.322247         0.000382352
                  23             0.32244            0.322256         0.000365446
                  24            0.322827            0.322279         0.000350698
                  25            0.321111            0.322233          0.00033961
                  26              0.3236            0.322285         0.000330498
                  27             0.32425            0.322358         0.000326242
                  28            0.319436            0.322254         0.000331245
                  29            0.322203            0.322252         0.000319624
                  30            0.318548            0.322128         0.000332553
                  31            0.320566            0.322078         0.000325572
                  32            0.320038            0.322014         0.000321614
                  33            0.319393            0.321935         0.000321677
                  34            0.322019            0.321937         0.000312082
                  35            0.323649            0.321986         0.000306954
                  36            0.318932            0.321901         0.000310138
                  37            0.322958             0.32193         0.000302988
                  38            0.317647            0.321817         0.000315712
                  39            0.324123            0.321876          0.00031314
                  40            0.325136            0.321958         0.000315904
                  41            0.320817             0.32193         0.000309357
                  42            0.323526            0.321968         0.000304284
                  43            0.320529            0.321935         0.000299001
                  44            0.323427            0.321969         0.000294089
                  45            0.323724            0.322008         0.000290113
                  46            0.324122            0.322053         0.000287434
                  47            0.320844            0.322028         0.000282427
                  48            0.322644            0.322041         0.000276778
                  49            0.323366            0.322068         0.000272417
                  50            0.318857            0.322003         0.000274528
