                   1             3.05933             3.05933                   0
                   2             3.08793             3.07363           0.0142994
                   3             3.04888             3.06538           0.0116717
                   4             3.08018             3.06908          0.00904517
                   5             3.12755             3.08077           0.0136325
                   6             3.09645             3.08339           0.0114333
                   7             3.08831             3.08409          0.00968845
                   8             3.08406             3.08409          0.00839044
                   9             3.06375             3.08183          0.00773682
                  10             3.07145             3.08079          0.00699734
                  11             3.03038             3.07621          0.00781434
                  12             3.14446             3.08189          0.00912345
                  13              3.0497             3.07942          0.00875022
                  14             3.06459             3.07836          0.00817012
                  15             3.02216             3.07461          0.00847875
                  16             3.11328             3.07703          0.00829119
                  17             3.07867             3.07712          0.00778881
                  18             3.07208             3.07684          0.00734872
                  19             3.16376             3.08142          0.00832134
                  20             3.04625             3.07966          0.00808782
                  21             3.05013             3.07825          0.00782051
                  22              3.0674             3.07776          0.00747286
                  23             3.14723             3.08078          0.00775312
                  24             3.09195             3.08125          0.00743762
                  25              3.1249             3.08299          0.00734451
                  26             3.13016             3.08481          0.00728587
                  27             3.14688             3.08711          0.00737814
                  28             3.09499             3.08739          0.00711532
                  29             3.10001             3.08782          0.00687936
                  30              3.0638             3.08702          0.00669416
                  31             3.04835             3.08577          0.00659369
                  32             3.07647             3.08548          0.00639093
                  33             3.00904             3.08317          0.00661321
                  34             3.04379             3.08201          0.00651943
                  35             3.14574             3.08383          0.00658711
                  36             3.09994             3.08428          0.00641715
                  37             3.09821             3.08465          0.00625266
                  38             3.02168               3.083           0.0063075
                  39             3.12742             3.08414          0.00624836
                  40             3.08544             3.08417          0.00609023
                  41             3.06026             3.08359          0.00596839
                  42             3.12833             3.08465          0.00592119
                  43             3.09838             3.08497          0.00579065
                  44             3.12079             3.08578          0.00571578
                  45             3.06504             3.08532          0.00560631
                  46             3.04512             3.08445          0.00555231
                  47             3.11814             3.08517          0.00547997
                  48             3.08648             3.08519          0.00536466
                  49             3.03047             3.08408          0.00537144
                  50             3.03661             3.08313          0.00534787
