                   1           -0.615252           -0.615252                   0
                   2           -0.615693           -0.615473         0.000220144
                   3           -0.613931           -0.614959         0.000529194
                   4           -0.615212           -0.615022         0.000379531
                   5           -0.616591           -0.615336         0.000430012
                   6           -0.615866           -0.615424         0.000362027
                   7           -0.616135           -0.615526          0.00032239
                   8           -0.615648           -0.615541         0.000279617
                   9           -0.614828           -0.615462         0.000259013
                  10           -0.615449           -0.615461         0.000231672
                  11           -0.614044           -0.615332         0.000245965
                  12           -0.615943           -0.615383         0.000230243
                  13           -0.614134           -0.615287         0.000232576
                  14           -0.615199            -0.61528         0.000215416
                  15           -0.615215           -0.615276         0.000200588
                  16           -0.615501            -0.61529          0.00018816
                  17           -0.614714           -0.615256         0.000179967
                  18           -0.613633           -0.615166         0.000192142
                  19             -0.6158             -0.6152         0.000184786
                  20           -0.615566           -0.615218          0.00017626
                  21           -0.614626            -0.61519         0.000170012
                  22           -0.615463           -0.615202         0.000162574
                  23            -0.61625           -0.615248         0.000161889
                  24           -0.615009           -0.615238         0.000155316
                  25           -0.615542            -0.61525         0.000149469
                  26           -0.616087           -0.615282          0.00014717
                  27           -0.614904           -0.615268         0.000142305
                  28           -0.614947           -0.615257         0.000137606
                  29           -0.615455           -0.615263         0.000132952
                  30           -0.615349           -0.615266         0.000128476
                  31           -0.614583           -0.615244           0.0001262
                  32           -0.615196           -0.615243         0.000122202
                  33           -0.614513           -0.615221         0.000120486
                  34           -0.616422           -0.615256         0.000122114
                  35           -0.615687           -0.615268         0.000119213
                  36           -0.615145           -0.615265         0.000115905
                  37           -0.615247           -0.615264          0.00011273
                  38            -0.61403           -0.615232          0.00011443
                  39           -0.616527           -0.615265         0.000116303
                  40           -0.614385           -0.615243         0.000115472
                  41           -0.615128            -0.61524         0.000112655
                  42           -0.616556           -0.615272         0.000114316
                  43           -0.615179           -0.615269         0.000111647
                  44           -0.616161            -0.61529         0.000110944
                  45           -0.615803           -0.615301         0.000109049
                  46           -0.614432           -0.615282         0.000108313
                  47           -0.615773           -0.615293         0.000106498
                  48           -0.615481           -0.615297         0.000104329
                  49           -0.615106           -0.615293         0.000102252
                  50           -0.615095           -0.615289         0.000100265
