                   1            0.317354            0.317354                   0
                   2            0.318775            0.318065         0.000710645
                   3            0.315583            0.317238          0.00092321
                   4            0.318761            0.317618         0.000755742
                   5            0.317959            0.317687         0.000589357
                   6            0.317201            0.317606         0.000487976
                   7            0.318096            0.317676         0.000418318
                   8             0.31963             0.31792         0.000436951
                   9            0.319382            0.318082         0.000418213
                  10             0.31661            0.317935         0.000401988
                  11            0.317991             0.31794         0.000363647
                  12            0.319144            0.318041         0.000346785
                  13            0.316622            0.317931         0.000337152
                  14            0.319147            0.318018         0.000323985
                  15             0.31638            0.317909         0.000320775
                  16            0.318917            0.317972         0.000306606
                  17            0.316257            0.317871         0.000305156
                  18            0.316648            0.317803         0.000295615
                  19             0.32071            0.317956         0.000318737
                  20            0.317727            0.317945         0.000302598
                  21            0.321457            0.318112         0.000332886
                  22            0.317385            0.318079         0.000319109
                  23            0.317095            0.318036         0.000307909
                  24            0.319049            0.318078         0.000297806
                  25            0.317048            0.318037         0.000288601
                  26            0.317945            0.318034         0.000277302
                  27            0.320249            0.318116         0.000279169
                  28            0.315182            0.318011           0.0002887
                  29             0.31726            0.317985         0.000279767
                  30            0.314983            0.317885         0.000288211
                  31            0.319153            0.317926         0.000281744
                  32            0.315797            0.317859          0.00028079
                  33            0.314406            0.317755         0.000291579
                  34            0.316942            0.317731         0.000283882
                  35            0.318995            0.317767         0.000278006
                  36            0.315282            0.317698          0.00027885
                  37             0.31981            0.317755         0.000277152
                  38            0.314704            0.317675         0.000281458
                  39            0.319689            0.317726          0.00027897
                  40            0.322021            0.317834         0.000292339
                  41            0.316843            0.317809         0.000286142
                  42            0.318282            0.317821         0.000279472
                  43            0.316801            0.317797         0.000273925
                  44            0.318728            0.317818         0.000268462
                  45            0.319164            0.317848         0.000264127
                  46            0.317974            0.317851         0.000258335
                  47            0.316303            0.317818         0.000254917
                  48            0.317776            0.317817         0.000249551
                  49            0.319637            0.317854         0.000247211
                  50            0.315784            0.317813          0.00024573
