                   1             0.05894             0.05894                   0
                   2           0.0576744           0.0583072           0.0006328
                   3           0.0549316            0.057182          0.00118303
                   4            0.059864           0.0578525          0.00107208
                   5            0.065768           0.0594356          0.00178768
                   6            0.059802           0.0594967          0.00146091
                   7           0.0536496           0.0586614           0.0014907
                   8           0.0586168           0.0586558            0.001291
                   9           0.0554892            0.058304          0.00119168
                  10           0.0531816           0.0577917          0.00118257
                  11           0.0565248           0.0576765          0.00107586
                  12             0.06185           0.0580243          0.00104188
                  13           0.0536388            0.057687          0.00101603
                  14            0.062056           0.0579991         0.000991075
                  15            0.056598           0.0579057         0.000927356
                  16           0.0538996           0.0576553         0.000902873
                  17           0.0574544           0.0576435         0.000848184
                  18             0.05563           0.0575316         0.000807461
                  19           0.0610872           0.0577187         0.000786373
                  20           0.0609924           0.0578824         0.000763765
                  21            0.058798            0.057926         0.000727792
                  22           0.0638072           0.0581933         0.000743634
                  23           0.0640188           0.0584466         0.000754359
                  24           0.0562676           0.0583558         0.000727928
                  25           0.0594372           0.0583991         0.000699542
                  26            0.064102           0.0586184         0.000706985
                  27           0.0519112             0.05837         0.000724233
                  28           0.0543316           0.0582258         0.000712636
                  29            0.056474           0.0581654         0.000690272
                  30           0.0573064           0.0581367          0.00066748
                  31           0.0524444           0.0579531         0.000671196
                  32           0.0550356            0.057862         0.000656247
                  33           0.0589812           0.0578959         0.000636954
                  34           0.0689884           0.0582221         0.000698773
                  35           0.0572076           0.0581931         0.000679134
                  36           0.0556948           0.0581237         0.000663638
                  37           0.0636936           0.0582743         0.000662775
                  38           0.0506592           0.0580739         0.000675507
                  39           0.0630104           0.0582005         0.000670023
                  40            0.058748           0.0582141         0.000653201
                  41           0.0557244           0.0581534         0.000639958
                  42           0.0663196           0.0583478         0.000654101
                  43           0.0611884           0.0584139         0.000642115
                  44           0.0670352           0.0586098         0.000657238
                  45           0.0586284           0.0586103         0.000642467
                  46             0.05855           0.0586089         0.000628347
                  47           0.0615464           0.0586714         0.000618001
                  48           0.0563752           0.0586236         0.000606877
                  49           0.0596752           0.0586451          0.00059475
                  50            0.058212           0.0586364         0.000582798
