                   1           -0.613512           -0.613512                   0
                   2           -0.613743           -0.613628           0.0001156
                   3           -0.612214           -0.613157         0.000475771
                   4           -0.613094           -0.613141         0.000336779
                   5           -0.614528           -0.613418         0.000380793
                   6           -0.614123           -0.613536         0.000332366
                   7            -0.61491           -0.613732         0.000342663
                   8           -0.613667           -0.613724         0.000296866
                   9           -0.613029           -0.613647         0.000272969
                  10           -0.613544           -0.613636         0.000244367
                  11            -0.61296           -0.613575         0.000229434
                  12           -0.613433           -0.613563         0.000209778
                  13           -0.612353            -0.61347         0.000214254
                  14           -0.612722           -0.613417         0.000205438
                  15           -0.613579           -0.613427         0.000191559
                  16           -0.613706           -0.613445         0.000180029
                  17           -0.612612           -0.613396          0.00017606
                  18           -0.612095           -0.613324         0.000181036
                  19           -0.613715           -0.613344         0.000172479
                  20           -0.613544           -0.613354         0.000163933
                  21            -0.61245           -0.613311         0.000161771
                  22           -0.613386           -0.613314          0.00015428
                  23           -0.613369           -0.613317         0.000147439
                  24           -0.613217           -0.613313         0.000141223
                  25           -0.613086           -0.613304         0.000135759
                  26           -0.613633           -0.613316         0.000131046
                  27            -0.61319           -0.613312         0.000126186
                  28           -0.612667           -0.613289         0.000123755
                  29           -0.613612             -0.6133         0.000119931
                  30           -0.613271           -0.613299         0.000115868
                  31           -0.612367           -0.613269         0.000116027
                  32           -0.613134           -0.613265         0.000112422
                  33            -0.61221           -0.613233         0.000113548
                  34           -0.613815            -0.61325         0.000111482
                  35           -0.613581           -0.613259         0.000108663
                  36           -0.613424           -0.613264         0.000105701
                  37           -0.613267           -0.613264         0.000102804
                  38            -0.61254           -0.613245         0.000101859
                  39           -0.613961           -0.613263         0.000100897
                  40            -0.61244           -0.613243         0.000100473
                  41           -0.613429           -0.613247         9.80966e-05
                  42           -0.613743           -0.613259         9.64584e-05
                  43           -0.612709           -0.613246         9.50533e-05
                  44           -0.613967           -0.613263         9.43028e-05
                  45           -0.614206           -0.613283         9.45357e-05
                  46           -0.612621           -0.613269         9.35733e-05
                  47           -0.613867           -0.613282         9.24409e-05
                  48           -0.613375           -0.613284         9.05155e-05
                  49           -0.613402           -0.613286         8.86816e-05
                  50           -0.613394           -0.613288         8.69169e-05
