                   1          -0.0021644          -0.0021644                   0
                   2          -0.0029532          -0.0025588           0.0003944
                   3          -0.0045128         -0.00321013          0.00068999
                   4           0.0001688          -0.0023654         0.000975509
                   5            0.004736         -0.00094512          0.00160878
                   6          -0.0006352        -0.000893467          0.00131458
                   7          -0.0053352           -0.001528          0.00127945
                   8          -0.0009004         -0.00144955          0.00111081
                   9          -0.0030132         -0.00162329         0.000994931
                  10           -0.004506         -0.00191156          0.00093542
                  11          -0.0046124         -0.00215709         0.000881024
                  12           0.0030344         -0.00172447         0.000913236
                  13          -0.0062212         -0.00207037         0.000908483
                  14           0.0040712         -0.00163169         0.000948619
                  15           -0.002968         -0.00172077         0.000887598
                  16           -0.004016         -0.00186422         0.000842574
                  17          -0.0047352         -0.00203311         0.000809277
                  18          -0.0063744         -0.00227429         0.000800206
                  19           0.0035988         -0.00196518         0.000817603
                  20           0.0032856         -0.00170264         0.000818874
                  21           0.0008116         -0.00158291         0.000788052
                  22            0.003452         -0.00135405         0.000785459
                  23           0.0050524         -0.00107551         0.000800552
                  24          -0.0018608         -0.00110823         0.000767169
                  25          -0.0004288         -0.00108106         0.000736344
                  26           0.0071632        -0.000763969         0.000775267
                  27          -0.0083416         -0.00104462         0.000797047
                  28          -0.0042884         -0.00116047         0.000776741
                  29          -0.0033748         -0.00123683         0.000753358
                  30          -0.0010796         -0.00123159         0.000727832
                  31          -0.0067936         -0.00141101         0.000726467
                  32          -0.0027392         -0.00145251         0.000704622
                  33          -0.0006168         -0.00142719         0.000683405
                  34           0.0074216         -0.00116693         0.000712253
                  35          -0.0012308         -0.00116875         0.000691606
                  36          -0.0041392         -0.00125127         0.000677166
                  37           0.0040072         -0.00110915          0.00067377
                  38          -0.0077832         -0.00128478         0.000678911
                  39           0.0031924         -0.00116998         0.000671164
                  40          -0.0015064         -0.00117839         0.000654224
                  41          -0.0035164         -0.00123541         0.000640611
                  42            0.007236         -0.00103371         0.000656905
                  43            0.001524        -0.000974233         0.000644198
                  44           0.0089516        -0.000748645         0.000668593
                  45            5.44e-05          -0.0007308          0.00065381
                  46          -0.0010252          -0.0007372         0.000639471
                  47            0.002618        -0.000665813         0.000629777
                  48          -0.0008824        -0.000670325         0.000616533
                  49           0.0006996        -0.000642367         0.000604467
                  50           -0.000682         -0.00064316         0.000592255
