                   1             2.98128             2.98128                   0
                   2              2.9605             2.97089           0.0103874
                   3             2.97409             2.97196          0.00609141
                   4             2.96885             2.97118          0.00437674
                   5             3.02825              2.9826           0.0119077
                   6             2.97528             2.98138          0.00979885
                   7             3.00783             2.98515          0.00910323
                   8             2.97008             2.98327          0.00810578
                   9             2.99253              2.9843          0.00722236
                  10             2.98333              2.9842          0.00646061
                  11             2.98139             2.98395          0.00584941
                  12             3.01301             2.98637          0.00586319
                  13             2.96115             2.98443          0.00573169
                  14             2.93512             2.98091          0.00636892
                  15                2.94             2.97818          0.00652637
                  16             3.02538             2.98113          0.00678032
                  17              2.9664             2.98026           0.0064277
                  18             2.96331             2.97932          0.00613286
                  19              3.0547             2.98329          0.00702795
                  20             2.95237             2.98174           0.0068442
                  21             2.94891             2.98018          0.00669521
                  22             2.96771             2.97961          0.00640876
                  23             2.99758             2.98039          0.00617341
                  24             3.00295             2.98133          0.00598488
                  25             2.99451             2.98186          0.00576463
                  26             3.00136             2.98261          0.00558903
                  27             3.03452             2.98453           0.0057114
                  28             3.00762             2.98536          0.00556505
                  29             2.98506             2.98535          0.00536974
                  30             2.97962             2.98516          0.00519117
                  31             2.97927             2.98497           0.0050245
                  32             2.98201             2.98487          0.00486583
                  33             2.89557             2.98217          0.00543733
                  34             2.91989             2.98034          0.00558392
                  35             3.00187             2.98095          0.00545681
                  36             3.00428              2.9816          0.00534252
                  37             2.97824             2.98151          0.00519691
                  38             2.95052             2.98069          0.00512363
                  39             2.95634             2.98007          0.00502944
                  40              2.9891             2.98029          0.00490729
                  41             2.96876             2.98001          0.00479436
                  42             2.98647             2.98017          0.00468134
                  43             2.97144             2.97996          0.00457568
                  44             3.02128              2.9809          0.00456804
                  45             2.96848             2.98063          0.00447389
                  46             2.97156             2.98043          0.00437999
                  47             2.99575             2.98076          0.00429815
                  48             2.96348              2.9804          0.00422303
                  49             2.94034             2.97958          0.00421598
                  50             2.94739             2.97893          0.00418064
