-0.250687   -0.482634   0.482034
-0.0943225   -0.0966891   0.220249
0.350041   -0.0665223   0.260168
0.455084   0.303886   -0.227713
-0.183983   0.479224   -0.195597
0.442893   -0.212403   -0.342709
0.498361   -0.232402   0.118028
-0.195087   0.423503   0.120979
-0.181913   0.287549   0.284269
0.0136362   0.236732   0.171634
0.198788   -0.100622   -0.289677
0.161041   -0.46257   -0.3286
-0.259976   -0.0728561   0.30857
-0.155342   0.0630639   -0.218767
0.3557   0.365903   0.446166
-0.396434   -0.105953   0.160499
0.4132   0.237589   0.456754
-0.334024   0.4609   0.126261
0.0191856   0.0234989   -0.22832
0.464289   -0.157894   0.191982
0.0450757   0.196976   -0.139212
0.114978   -0.0591192   -0.329508
0.133784   -0.0279285   -0.199079
0.46975   -0.183656   0.339653
-0.364528   0.301402   -0.0963969
-0.247108   0.0922168   -0.402689
-0.489576   0.309441   0.491295
0.181493   0.457933   -0.186788
-0.0103312   -0.10823   0.198595
-0.0048259   0.491952   -0.343453
-0.142405   0.289661   -0.387881
0.27847   0.090528   -0.0727091
0.421762   0.132141   -0.411536
0.381002   -0.48412   0.455199
-0.401242   -0.285742   -0.432221
-0.290485   0.249464   -0.354399
-0.260758   -0.43886   -0.298484
0.467918   -0.408012   -0.323932
0.198702   0.143494   0.043958
0.422673   0.228131   0.249405
0.47378   0.201067   -0.130068
0.0586509   0.341731   0.0336099
0.0934683   0.49457   0.144445
-0.108262   0.336164   -0.323808
0.225831   0.388301   -0.292497
0.300945   0.311301   0.0273257
0.204219   -0.292953   -0.333057
0.236972   -0.125817   0.0461629
0.204647   -0.44759   0.14801
-0.00655207   0.0331148   0.00011739
-0.398952   0.0920785   -0.147007
0.292401   -0.166508   -0.423203
0.35483   0.484764   -0.344824
0.230169   -0.220552   -0.23788
0.499798   -0.254989   -0.407293
-0.329266   0.213983   -0.280156
-0.485324   -0.420766   0.0755674
0.068287   -0.310211   -0.269752
-0.15012   0.00678897   -0.165137
0.2345   0.0629956   0.380607
0.368568   0.130637   -0.0885209
-0.415197   0.262974   -0.247271
0.334609   0.336671   -0.0403393
0.0988369   0.202551   0.356593
0.165471   0.197121   -0.451006
0.0506815   -0.379649   0.346675
0.207988   -0.315595   0.195203
0.0805577   0.314911   0.270256
0.043032   0.109782   -0.380417
-0.429726   -0.294306   0.396487
0.41383   0.0330843   0.12407
0.0165753   0.405354   -0.11985
-0.262993   -0.459928   0.0746726
-0.136089   -0.235443   0.113408
0.483895   -0.149392   -0.0832195
-0.38888   0.144605   0.266719
-0.212975   0.0905827   0.157184
-0.276362   -0.253954   0.242415
-0.341658   -0.334973   -0.309242
0.0962026   0.378812   0.312304
0.262633   0.40688   0.264418
-0.491482   0.255774   -0.0126116
0.343429   -0.408507   0.419071
-0.388094   -0.41008   0.38172
0.2993   -0.397607   0.302657
-0.198161   0.171279   0.220285
-0.311025   -0.19214   -0.357498
-0.309493   0.00507333   0.0580733
-0.190885   -0.471755   -0.0757546
-0.0542536   0.25228   0.0299056
-0.465981   -0.244442   0.256943
0.0357509   -0.0254514   0.183703
0.25836   -0.141217   0.124032
-0.0940149   0.0178639   -0.374518
0.400451   -0.119975   -0.0163227
0.352572   -0.039018   -0.213582
-0.26252   0.336792   -0.113571
-0.312452   0.324854   0.385727
-0.106479   -0.239486   -0.393029
-0.44472   0.294489   0.173628
-0.158128   0.418417   -0.27817
0.49588   0.179473   0.175689
-0.471446   0.230191   -0.182164
0.120385   0.252134   -0.404431
0.497729   0.22893   0.106504
-0.408143   0.370032   -0.0747053
0.189537   0.136489   0.4117
0.325999   0.0257485   0.0450787
