0   15.3227   0
1   15.1359   0.186736
2   14.852   0.303745
3   14.9207   0.225526
4   14.9827   0.185338
5   15.1089   0.197051
6   15.1478   0.171037
7   15.0653   0.169568
8   14.9834   0.1705
9   14.9231   0.163974
10   14.8837   0.153482
11   14.8528   0.143464
12   14.7738   0.15382
13   14.7909   0.143429
14   14.8406   0.142497
15   14.9691   0.185109
16   14.9774   0.174078
17   14.9604   0.165001
18   14.9113   0.163605
19   14.93   0.156331
20   14.9135   0.149617
21   14.937   0.144573
22   14.9188   0.139326
23   14.9334   0.134183
24   14.8977   0.133559
25   14.8599   0.133781
26   14.8471   0.129362
27   14.9001   0.135471
28   14.9078   0.130939
29   14.8938   0.127266
30   14.9138   0.124709
31   14.9174   0.120801
32   14.9028   0.117981
33   14.912   0.114827
34   14.9014   0.112001
35   14.8869   0.109808
36   14.8865   0.106799
37   14.89   0.104012
38   14.8443   0.111143
39   14.8718   0.111752
40   14.8662   0.109133
41   14.8569   0.106906
42   14.8417   0.105497
43   14.8311   0.103613
44   14.8248   0.101482
45   14.8259   0.0992574
46   14.8362   0.0976706
47   14.8402   0.0956964
48   14.8559   0.095036
49   14.8555   0.0931171
50   14.8735   0.0930373
51   14.8725   0.0912359
52   14.8454   0.0935233
53   14.8537   0.0921495
54   14.8371   0.0919547
55   14.8654   0.0946075
56   14.8546   0.0935497
57   14.8604   0.0921052
58   14.8391   0.0930164
59   14.8405   0.0914638
60   14.8257   0.0911583
61   14.8313   0.0898514
62   14.837   0.0885943
63   14.8449   0.0875616
64   14.8359   0.0866729
65   14.8391   0.0854067
66   14.8318   0.0844355
67   14.8392   0.0835152
68   14.8336   0.0824873
69   14.8404   0.081581
70   14.842   0.0804412
71   14.8414   0.0793182
72   14.8466   0.078395
73   14.8417   0.0774862
74   14.836   0.0766598
75   14.842   0.075888
76   14.8584   0.0766536
77   14.858   0.0756654
78   14.8518   0.0749562
79   14.8452   0.0743031
80   14.8397   0.0735906
81   14.8397   0.0726876
82   14.845   0.0720012
83   14.8451   0.0711391
84   14.8409   0.0704265
85   14.844   0.0696737
86   14.8561   0.0699112
87   14.8555   0.0691146
88   14.8611   0.0685669
89   14.8558   0.0680114
90   14.8443   0.0682369
91   14.8322   0.0685553
92   14.8341   0.0678392
93   14.8286   0.067337
94   14.8353   0.0669599
95   14.8376   0.0662976
96   14.8296   0.0660894
97   14.8326   0.0654792
98   14.8223   0.0656233
99   14.8301   0.065424
