0   5.38538   0
1   5.42483   0.0394464
2   5.47273   0.053038
3   5.36767   0.111552
4   5.39436   0.0904368
5   5.35519   0.0835885
6   5.41028   0.0895884
7   5.38901   0.0804499
8   5.3676   0.074109
9   5.38046   0.0675202
10   5.40197   0.0647532
11   5.41037   0.0597054
12   5.41653   0.0552645
13   5.40505   0.0524352
14   5.39307   0.0502637
15   5.35515   0.0604066
16   5.36016   0.0569632
17   5.36176   0.0537293
18   5.37727   0.0531367
19   5.36095   0.0529872
20   5.37278   0.0517707
21   5.37304   0.0493621
22   5.36933   0.047313
23   5.34606   0.0509239
24   5.35211   0.049217
25   5.36626   0.0493587
26   5.35656   0.0484759
27   5.35187   0.046947
28   5.37186   0.0495136
29   5.37914   0.0483856
30   5.37001   0.0476812
31   5.36545   0.0463919
32   5.37385   0.0457417
33   5.38072   0.044904
34   5.38001   0.0436078
35   5.37641   0.0425319
36   5.37703   0.0413711
37   5.38448   0.0409509
38   5.40344   0.0441642
39   5.3981   0.0433765
40   5.40561   0.0429671
41   5.40125   0.0421575
42   5.40076   0.0411683
43   5.40587   0.0405449
44   5.41373   0.0404048
45   5.41519   0.0395438
46   5.41601   0.0387018
47   5.41957   0.0380543
48   5.4137   0.0377297
49   5.41166   0.0370233
50   5.40877   0.0364051
51   5.41044   0.0357371
52   5.42013   0.0363717
53   5.41515   0.0360382
54   5.42254   0.0361412
55   5.41817   0.0357581
56   5.42299   0.0354539
57   5.41944   0.0350177
58   5.42385   0.0347006
59   5.42188   0.0341741
60   5.42149   0.0336115
61   5.4193   0.0331373
62   5.42638   0.0333659
63   5.42015   0.0334252
64   5.42606   0.0334335
65   5.42126   0.0332716
66   5.42939   0.0337654
67   5.43004   0.0332715
68   5.42894   0.0328042
69   5.42503   0.0325675
70   5.42118   0.032336
71   5.42138   0.0318844
72   5.41936   0.0315092
73   5.42294   0.0312862
74   5.42466   0.0309141
75   5.42078   0.0307497
76   5.42121   0.0303507
77   5.42204   0.0299706
78   5.42162   0.0295918
79   5.42464   0.0293754
80   5.43372   0.0303978
81   5.43446   0.0300339
82   5.43073   0.0299039
83   5.42843   0.0296347
84   5.43224   0.0295312
85   5.43074   0.0292245
86   5.42313   0.0298722
87   5.42716   0.0298042
88   5.42989   0.029594
89   5.43215   0.0293503
90   5.43987   0.0300356
91   5.44589   0.0303104
92   5.44105   0.0303707
93   5.43886   0.0301257
94   5.43744   0.0298405
95   5.4366   0.0295401
96   5.4389   0.0293249
97   5.43581   0.0291879
98   5.4371   0.0289201
99   5.43458   0.0287399
