                   1             9.94407             9.94407                   0
                   2             10.3369             10.1405            0.196417
                   3             10.4299              10.237            0.148884
                   4             10.4717             10.2956             0.12053
                   5             10.5685             10.3502            0.108141
                   6             10.2488             10.3333           0.0898988
                   7             9.94444             10.2778           0.0941226
                   8             9.95909             10.2379           0.0907253
                   9             10.4557             10.2621           0.0835909
                  10             10.2044             10.2564           0.0749885
                  11             9.98998             10.2321           0.0720229
                  12             10.5084             10.2552           0.0696613
                  13             10.1843             10.2497           0.0643107
                  14             10.5199              10.269           0.0625897
                  15             10.1715             10.2625           0.0586296
                  16             9.96536             10.2439           0.0579022
                  17             10.2445              10.244           0.0543896
                  18             9.87327             10.2234             0.05526
                  19             10.3613             10.2306           0.0527727
                  20             9.73709              10.206           0.0558159
                  21             10.0904             10.2005           0.0533761
                  22              10.347             10.2071           0.0513261
                  23             10.5218             10.2208           0.0509161
                  24             10.8191             10.2457           0.0547531
                  25             10.4177             10.2526           0.0529659
                  26             10.5914             10.2656           0.0525295
                  27             10.3035              10.267            0.050566
                  28             10.2182             10.2653           0.0487578
                  29             10.1374             10.2609           0.0472527
                  30             9.93952             10.2502           0.0468904
                  31             10.3384              10.253           0.0454418
                  32             10.0303             10.2461           0.0445457
                  33             10.4424              10.252           0.0435828
                  34             10.2913             10.2532           0.0422973
                  35             10.7518             10.2674           0.0434716
                  36              10.205             10.2657           0.0422824
                  37             10.0776             10.2606           0.0414366
                  38             9.97522             10.2531           0.0410246
                  39             10.5385             10.2604           0.0406234
                  40             10.9632              10.278           0.0433183
                  41             9.81893             10.2668           0.0437069
                  42             10.4076             10.2701           0.0427852
                  43             10.2489             10.2696           0.0417813
                  44              10.106             10.2659           0.0409898
                  45             9.98254             10.2596           0.0405603
                  46             10.1463             10.2572           0.0397452
                  47             10.3924               10.26           0.0389966
                  48              10.207             10.2589           0.0381915
                  49              10.383             10.2615           0.0374895
                  50             10.6914             10.2701            0.037725
