                   1             12.1574             12.1574                   0
                   2             12.0084             12.0829           0.0744871
                   3             11.6766             11.9475            0.142102
                   4             11.8643             11.9267            0.102607
                   5             12.1966             11.9807           0.0960834
                   6             11.8404             11.9573           0.0818625
                   7             11.4745             11.8883           0.0976901
                   8             11.5845             11.8503           0.0927348
                   9             12.1411             11.8827            0.087935
                  10              12.315             11.9259           0.0897491
                  11             11.5341             11.8903           0.0886492
                  12             11.8139             11.8839           0.0811749
                  13             11.7505             11.8736           0.0753723
                  14             12.1128             11.8907           0.0718421
                  15             11.6907             11.8774           0.0681978
                  16             11.8028             11.8727           0.0639635
                  17             11.9418             11.8768           0.0602206
                  18             11.7455             11.8695            0.057243
                  19             12.1187             11.8826           0.0557121
                  20             11.7041             11.8737           0.0536016
                  21             11.8228             11.8713           0.0510428
                  22             11.7634             11.8664           0.0489138
                  23              12.267             11.8838           0.0498798
                  24             12.1121             11.8933           0.0486946
                  25             12.4719             11.9164           0.0521265
                  26             12.4155             11.9356           0.0536336
                  27             11.8772             11.9335           0.0516543
                  28              11.815             11.9292           0.0499548
                  29             11.5037             11.9146           0.0503859
                  30             11.7147             11.9079           0.0491312
                  31              11.936             11.9088           0.0475286
                  32             12.0753              11.914           0.0463124
                  33             12.0956             11.9195           0.0452231
                  34             12.1438             11.9261           0.0443661
                  35             12.5048             11.9426            0.046144
                  36             11.5535             11.9318           0.0461281
                  37             11.8656               11.93           0.0448998
                  38             11.6539             11.9228           0.0443022
                  39             12.2655             11.9316           0.0440368
                  40             12.0658             11.9349           0.0430528
                  41             11.6037             11.9268           0.0427597
                  42             12.7339             11.9461           0.0459411
                  43             11.9079             11.9452           0.0448688
                  44             12.1529             11.9499           0.0440907
                  45             12.1249             11.9538           0.0432748
                  46             11.4735             11.9433           0.0435926
                  47              12.145             11.9476           0.0428702
                  48             12.3509              11.956           0.0428001
                  49             12.0318             11.9576           0.0419461
                  50             12.4875             11.9682           0.0424432
