                   1            0.438109            0.438109                   0
                   2            0.430133            0.434121           0.0039879
                   3            0.437698            0.435314          0.00259285
                   4            0.430944            0.434221          0.00213421
                   5            0.438544            0.435086          0.00186553
                   6            0.434007            0.434906          0.00153377
                   7            0.441024             0.43578          0.00156342
                   8             0.43378             0.43553          0.00137685
                   9            0.435881            0.435569          0.00121489
                  10            0.434906            0.435503          0.00108865
                  11            0.436597            0.435602         0.000989735
                  12             0.44458             0.43635          0.00117307
                  13            0.437922            0.436471          0.00108582
                  14            0.440075            0.436729           0.0010377
                  15            0.430536            0.436316          0.00105056
                  16            0.429685            0.435901          0.00106651
                  17            0.434042            0.435792          0.00100777
                  18            0.429383            0.435436          0.00101465
                  19            0.437413             0.43554         0.000965386
                  20            0.427806            0.435153         0.000994149
                  21            0.432849            0.435044         0.000951967
                  22            0.438568            0.435204         0.000921697
                  23            0.428641            0.434919         0.000925779
                  24            0.431928            0.434794          0.00089508
                  25            0.439362            0.434977         0.000877757
                  26            0.435741            0.435006         0.000843834
                  27            0.438141            0.435122         0.000820239
                  28            0.438138             0.43523         0.000797709
                  29             0.44073             0.43542         0.000792734
                  30            0.438736             0.43553         0.000773794
                  31            0.439295            0.435652         0.000758205
                  32            0.429468            0.435458         0.000759133
                  33            0.435773            0.435468         0.000735831
                  34            0.441708            0.435651         0.000737076
                  35              0.4444            0.435901         0.000758101
                  36            0.437255            0.435939           0.0007377
                  37            0.434329            0.435895         0.000718804
                  38            0.440186            0.436008         0.000708683
                  39            0.437435            0.436045         0.000691241
                  40            0.447883            0.436341         0.000735879
                  41            0.440305            0.436438          0.00072419
                  42            0.432458            0.436343         0.000713059
                  43            0.435743            0.436329         0.000696418
                  44            0.432697            0.436246         0.000685394
                  45            0.436513            0.436252         0.000670016
                  46            0.430323            0.436123         0.000667845
                  47            0.431007            0.436014         0.000662487
                  48            0.440549            0.436109         0.000655383
                  49            0.436659             0.43612         0.000641967
                  50            0.439507            0.436188         0.000632632
