                   1           0.0084832           0.0084832                   0
                   2           0.0078428            0.008163           0.0003202
                   3          -0.0088616          0.00248813          0.00567788
                   4          -0.0028876           0.0011442          0.00423383
                   5           0.0031124          0.00153784          0.00330305
                   6           0.0197628          0.00457533          0.00406199
                   7          -0.0273428            1.56e-05           0.0057076
                   8          -0.0178032         -0.00221175          0.00542159
                   9          -0.0146636         -0.00359529          0.00497754
                  10           0.0076696          -0.0024688          0.00459235
                  11          -0.0103452         -0.00318484           0.0042152
                  12           -0.011442         -0.00387293          0.00390897
                  13          -0.0134676         -0.00461098           0.0036707
                  14            0.023746         -0.00258549          0.00395624
                  15           0.0161424         -0.00133696          0.00388892
                  16           -0.002164         -0.00138865          0.00363812
                  17           0.0019648         -0.00119139          0.00342311
                  18           0.0039632        -0.000905022          0.00324002
                  19           0.0112104        -0.000267368          0.00313038
                  20           0.0117412          0.00033306          0.00302983
                  21           0.0115984         0.000869505          0.00293145
                  22          -0.0087412         0.000432655          0.00282896
                  23            0.026292          0.00155697          0.00292766
                  24           0.0095076          0.00188825          0.00282253
                  25           0.0074844           0.0021121          0.00271651
                  26          -0.0052732          0.00182805          0.00262535
                  27          -0.0302332         0.000640593          0.00279141
                  28          -0.0057904         0.000410914          0.00269966
                  29          -0.0064968         0.000172717          0.00261577
                  30          -0.0103184        -0.000176987          0.00255116
                  31          -0.0131052        -0.000594026          0.00250248
                  32           0.0031324        -0.000477575          0.00242581
                  33           0.0106724        -0.000139697          0.00237531
                  34           0.0124812         0.000231506           0.0023341
                  35            -0.00659         3.66057e-05          0.00227479
                  36           -0.010296        -0.000250411          0.00222925
                  37           -0.003462        -0.000337211           0.0021699
                  38           -0.010484        -0.000604232          0.00212884
                  39           0.0206668        -5.88205e-05          0.00214407
                  40          -0.0039736         -0.00015669          0.00209207
                  41           0.0143932         0.000198185          0.00207104
                  42           0.0232904            0.000748          0.00209457
                  43           0.0064952         0.000881656          0.00204965
                  44           0.0166104          0.00123913          0.00203418
                  45           0.0023848          0.00126459          0.00198862
                  46           0.0066588          0.00138185          0.00194844
                  47           0.0054556          0.00146853          0.00190851
                  48           0.0024048          0.00148803          0.00186842
                  49          -0.0028024          0.00140047          0.00183199
                  50            0.014022           0.0016529          0.00181264
