                   1           -0.813519           -0.813519                   0
                   2           -0.814618           -0.814069         0.000549392
                   3           -0.812142           -0.813426         0.000716319
                   4            -0.81277           -0.813262         0.000532413
                   5           -0.812795           -0.813169         0.000422856
                   6           -0.814335           -0.813363         0.000396236
                   7            -0.81141           -0.813084         0.000435918
                   8           -0.811372            -0.81287         0.000433989
                   9           -0.812414            -0.81282         0.000386081
                  10           -0.814433           -0.812981          0.00038115
                  11           -0.810285           -0.812736         0.000422998
                  12           -0.812875           -0.812747         0.000386317
                  13           -0.812596           -0.812736         0.000355551
                  14           -0.814853           -0.812887         0.000362245
                  15           -0.812844           -0.812884         0.000337244
                  16           -0.813052           -0.812895         0.000315638
                  17           -0.812818            -0.81289         0.000296524
                  18           -0.811921           -0.812836         0.000284701
                  19           -0.813872           -0.812891         0.000274763
                  20           -0.812306           -0.812862           0.0002623
                  21           -0.812278           -0.812834         0.000251039
                  22           -0.811545           -0.812775         0.000246423
                  23           -0.815584           -0.812897         0.000265245
                  24           -0.813753           -0.812933         0.000256442
                  25           -0.814456           -0.812994         0.000253402
                  26           -0.813384           -0.813009         0.000243922
                  27           -0.812481           -0.812989         0.000235528
                  28           -0.813883           -0.813021         0.000229196
                  29           -0.812816           -0.813014         0.000221264
                  30            -0.81318            -0.81302         0.000213833
                  31           -0.813592           -0.813038         0.000207643
                  32           -0.813358           -0.813048         0.000201298
                  33           -0.811742           -0.813009         0.000199078
                  34           -0.813015           -0.813009         0.000193135
                  35           -0.813384           -0.813019         0.000187841
                  36           -0.811733           -0.812984         0.000186015
                  37           -0.812527           -0.812971         0.000181337
                  38           -0.810563           -0.812908         0.000187533
                  39           -0.814388           -0.812946          0.00018656
                  40           -0.813781           -0.812967         0.000183031
                  41           -0.812087           -0.812945         0.000179795
                  42           -0.814942           -0.812993         0.000181785
                  43           -0.812087           -0.812972         0.000178753
                  44           -0.814237           -0.813001         0.000176993
                  45           -0.814253           -0.813028         0.000175238
                  46           -0.812026           -0.813007         0.000172767
                  47           -0.813566           -0.813019         0.000169469
                  48           -0.814538            -0.81305         0.000168895
                  49            -0.81288           -0.813047         0.000165448
                  50           -0.815372           -0.813093         0.000168644
