                   1            0.225404            0.225404                   0
                   2            0.215023            0.220214           0.0051904
                   3            0.188894            0.209774           0.0108614
                   4            0.209274            0.209649          0.00768121
                   5            0.207041            0.209127          0.00597266
                   6            0.210132            0.209295          0.00487953
                   7            0.174934            0.204386           0.0064111
                   8            0.191184            0.202736          0.00579222
                   9            0.190592            0.201387          0.00528348
                  10            0.213484            0.202596          0.00487806
                  11            0.186408            0.201125          0.00465132
                  12             0.18587            0.199853          0.00443226
                  13            0.192964            0.199323          0.00411139
                  14            0.214076            0.200377          0.00394956
                  15            0.212061            0.201156          0.00375844
                  16            0.206974             0.20152          0.00353445
                  17            0.211598            0.202113          0.00337256
                  18            0.200098            0.202001          0.00318165
                  19            0.208529            0.202344          0.00302909
                  20             0.19933            0.202194           0.0028776
                  21            0.205588            0.202355          0.00274191
                  22            0.189879            0.201788          0.00267511
                  23            0.213747            0.202308           0.0026085
                  24            0.197318              0.2021          0.00250609
                  25            0.213997            0.202576          0.00245041
                  26             0.20583            0.202701           0.0023576
                  27             0.17839            0.201801          0.00244076
                  28            0.195884            0.201589          0.00236145
                  29            0.194203            0.201335          0.00229276
                  30            0.198259            0.201232          0.00221738
                  31            0.197438             0.20111          0.00214815
                  32            0.201004            0.201106          0.00207994
                  33            0.208852            0.201341          0.00202954
                  34            0.217063            0.201804          0.00202252
                  35             0.20612            0.201927          0.00196775
                  36            0.188524            0.201555          0.00194821
                  37            0.189125            0.201219          0.00192437
                  38            0.191442            0.200961          0.00189063
                  39            0.217543            0.201387          0.00188996
                  40            0.201094            0.201379          0.00184212
                  41             0.19897            0.201321          0.00179759
                  42            0.222318             0.20182          0.00182411
                  43            0.204706            0.201888          0.00178245
                  44             0.21048            0.202083          0.00175238
                  45            0.222548            0.202538          0.00177234
                  46             0.20328            0.202554          0.00173346
                  47            0.209005            0.202691          0.00170172
                  48            0.210265            0.202849          0.00167335
                  49            0.195381            0.202696          0.00164591
                  50            0.220997            0.203062          0.00165367
