                   1             0.48079             0.48079                   0
                   2            0.462279            0.471534          0.00925573
                   3            0.459647            0.467572          0.00665253
                   4             0.46285            0.466391          0.00484994
                   5            0.475483             0.46821          0.00417363
                   6            0.468718            0.468294          0.00340881
                   7              0.4649             0.46781          0.00292149
                   8            0.468279            0.467868          0.00253077
                   9            0.474762            0.468634          0.00235969
                  10            0.474241            0.469195          0.00218376
                  11            0.472815            0.469524          0.00200252
                  12             0.46885            0.469468          0.00182891
                  13             0.47276            0.469721           0.0017013
                  14            0.466751            0.469509          0.00158932
                  15            0.462902            0.469068          0.00154375
                  16            0.467575            0.468975          0.00144706
                  17            0.472044            0.469156          0.00137121
                  18            0.467269            0.469051          0.00129703
                  19             0.46381            0.468775          0.00125748
                  20            0.461994            0.468436           0.0012402
                  21            0.464378            0.468243          0.00119539
                  22            0.469857            0.468316          0.00114212
                  23            0.457664            0.467853          0.00118553
                  24            0.465742            0.467765          0.00113846
                  25            0.475787            0.468086          0.00113814
                  26            0.476824            0.468422          0.00114397
                  27            0.471833            0.468548          0.00110801
                  28            0.473322            0.468719          0.00108124
                  29            0.473079            0.468869          0.00105406
                  30            0.471017            0.468941          0.00102084
                  31            0.472325             0.46905         0.000993375
                  32             0.46553             0.46894         0.000968101
                  33            0.467436            0.468894         0.000939412
                  34            0.478675            0.469182         0.000955684
                  35            0.472067            0.469264          0.00093163
                  36            0.463634            0.469108         0.000918791
                  37            0.469494            0.469118         0.000893675
                  38             0.47325            0.469227         0.000876608
                  39            0.473828            0.469345         0.000861948
                  40            0.472309            0.469419         0.000843384
                  41            0.475704            0.469572          0.00083672
                  42            0.471844            0.469627         0.000818344
                  43            0.462472             0.46946         0.000816224
                  44            0.467676             0.46942         0.000798488
                  45            0.471186            0.469459         0.000781528
                  46            0.461127            0.469278          0.00078552
                  47            0.468953            0.469271         0.000768656
                  48              0.4743            0.469376         0.000759731
                  49            0.473004             0.46945          0.00074774
                  50            0.478606            0.469633         0.000755173
