                   1           -0.802624           -0.802624                   0
                   2           -0.805487           -0.804056           0.0014316
                   3           -0.804364           -0.804158         0.000832903
                   4           -0.804577           -0.804263         0.000598168
                   5           -0.803783           -0.804167         0.000473171
                   6           -0.805965           -0.804467         0.000488914
                   7            -0.80435            -0.80445         0.000413541
                   8           -0.804304           -0.804432         0.000358602
                   9           -0.804245           -0.804411         0.000316939
                  10            -0.80437           -0.804407          0.00028351
                  11           -0.803435           -0.804319         0.000271232
                  12           -0.805364           -0.804406          0.00026248
                  13           -0.805227           -0.804469         0.000249579
                  14           -0.806156           -0.804589         0.000260603
                  15           -0.804777           -0.804602          0.00024293
                  16           -0.803886           -0.804557         0.000231608
                  17           -0.803462           -0.804493         0.000226901
                  18           -0.803039           -0.804412         0.000228656
                  19           -0.804233           -0.804402         0.000216492
                  20           -0.803257           -0.804345         0.000213222
                  21           -0.802982            -0.80428         0.000212944
                  22           -0.803273           -0.804235         0.000208135
                  23           -0.806041           -0.804313         0.000213824
                  24           -0.805646           -0.804369         0.000212125
                  25           -0.804682           -0.804381          0.00020385
                  26           -0.804714           -0.804394          0.00019627
                  27           -0.804837            -0.80441         0.000189572
                  28           -0.805814            -0.80446         0.000189433
                  29           -0.805136           -0.804484         0.000184263
                  30           -0.804344           -0.804479         0.000178076
                  31           -0.804716           -0.804487         0.000172405
                  32           -0.803656           -0.804461         0.000168937
                  33           -0.802982           -0.804416         0.000169756
                  34           -0.803775           -0.804397         0.000165763
                  35           -0.805686           -0.804434         0.000165118
                  36           -0.804031           -0.804423         0.000160855
                  37           -0.803841           -0.804407         0.000157236
                  38           -0.802024           -0.804344         0.000165393
                  39           -0.805804           -0.804382         0.000165387
                  40           -0.805733           -0.804416           0.0001647
                  41           -0.803698           -0.804398         0.000161582
                  42           -0.804187           -0.804393         0.000157768
                  43           -0.803756           -0.804378         0.000154766
                  44            -0.80485           -0.804389         0.000151586
                  45           -0.803817           -0.804376         0.000148724
                  46           -0.803635            -0.80436         0.000146344
                  47           -0.805094           -0.804376         0.000144045
                  48           -0.805085           -0.804391         0.000141783
                  49           -0.805126           -0.804406          0.00013967
                  50            -0.80539           -0.804425         0.000138256
