                   1           0.0011596           0.0011596                   0
                   2          -0.0014372          -0.0001388           0.0012984
                   3          -0.0027428          -0.0010068           0.0011469
                   4          -0.0008212          -0.0009604         0.000812305
                   5             0.00398           2.768e-05          0.00117141
                   6           -0.000844          -0.0001176         0.000967424
                   7          -0.0031448        -0.000550057         0.000924947
                   8           0.0019556         -0.00023685         0.000860083
                   9          -0.0026288        -0.000502622         0.000803736
                  10          -0.0031488         -0.00076724         0.000766039
                  11           0.0002912        -0.000671018         0.000699557
                  12           0.0006484        -0.000561067         0.000648002
                  13          -0.0047864        -0.000886092         0.000678931
                  14           0.0028332        -0.000620429         0.000682404
                  15          -0.0012516        -0.000662507         0.000636675
                  16           0.0009376          -0.0005625         0.000603893
                  17          -0.0005352        -0.000560894         0.000567261
                  18          -0.0004436        -0.000554378         0.000534859
                  19           0.0005012        -0.000498821         0.000508967
                  20           0.0002424         -0.00046176         0.000484269
                  21           0.0008532        -0.000399143         0.000464868
                  22          -0.0018676        -0.000465891         0.000448232
                  23           0.0028816        -0.000320348         0.000452354
                  24          -0.0012564         -0.00035935         0.000434848
                  25            0.001932        -0.000267696         0.000427044
                  26           0.0015548          -0.0001976         0.000416235
                  27          -0.0033504         -0.00031437         0.000417197
                  28           -4.52e-05        -0.000304757         0.000402136
                  29           0.0005836        -0.000274124         0.000389229
                  30          -0.0003364          -0.0002762         0.000376037
                  31          -0.0020944        -0.000334852         0.000368403
                  32           0.0011696        -0.000287837         0.000359789
                  33           0.0007692        -0.000255806         0.000350184
                  34            0.006018        -7.12824e-05         0.000386607
                  35            5.96e-05        -6.75429e-05         0.000375417
                  36          -0.0009868        -9.30778e-05         0.000365732
                  37           0.0039844         1.71243e-05          0.00037239
                  38          -0.0044208        -9.96632e-05         0.000380808
                  39           0.0022616        -3.91179e-05         0.000375824
                  40          -0.0004768          -5.006e-05         0.000366472
                  41          -0.0008028        -6.84195e-05         0.000357893
                  42           0.0027792        -6.19048e-07         0.000355788
                  43           0.0022988         5.28558e-05         0.000351506
                  44            0.004144         0.000145836         0.000355789
                  45          -0.0009176         0.000122204         0.000348595
                  46           -3.44e-05           0.0001188         0.000340949
                  47          -0.0018796         7.62809e-05         0.000336315
                  48          -0.0017552          3.8125e-05         0.000331437
                  49          -0.0006936         2.31918e-05         0.000324946
                  50           0.0028104          7.8936e-05         0.000323224
