                   1             1.54191             1.54191                   0
                   2             1.53528              1.5386          0.00331537
                   3             1.55028             1.54249          0.00433968
                   4             1.52616             1.53841          0.00510762
                   5             1.55387              1.5415           0.0050212
                   6             1.53846               1.541          0.00413102
                   7             1.53293             1.53984          0.00367638
                   8             1.51344             1.53654          0.00458591
                   9             1.55795             1.53892          0.00469173
                  10             1.53153             1.53818          0.00426093
                  11             1.52543             1.53702          0.00402475
                  12             1.57292             1.54001          0.00473766
                  13             1.51523             1.53811          0.00475677
                  14              1.5077             1.53594          0.00491032
                  15              1.5329             1.53573          0.00457575
                  16             1.54876             1.53655          0.00435696
                  17             1.53175             1.53627          0.00410238
                  18              1.5178             1.53524          0.00400145
                  19             1.52836             1.53488          0.00380227
                  20             1.52527              1.5344          0.00363898
                  21             1.53852             1.53459          0.00346694
                  22             1.52197             1.53402          0.00335499
                  23             1.54306             1.53441          0.00322982
                  24             1.51509             1.53361          0.00319544
                  25             1.54421             1.53403          0.00309418
                  26             1.53529             1.53408          0.00297319
                  27             1.53993              1.5343          0.00286914
                  28             1.55071             1.53488           0.0028262
                  29             1.53198             1.53478          0.00272884
                  30              1.5141             1.53409          0.00272496
                  31               1.549             1.53457          0.00267908
                  32             1.53613             1.53462          0.00259447
                  33             1.50394             1.53369          0.00268101
                  34              1.5313             1.53362          0.00260192
                  35             1.53019             1.53352          0.00252839
                  36             1.52933             1.53341          0.00245991
                  37             1.52244             1.53311          0.00241079
                  38             1.48871             1.53194          0.00262129
                  39             1.54768             1.53235          0.00258488
                  40             1.52432             1.53215          0.00252741
                  41              1.5238             1.53194          0.00247338
                  42             1.52421             1.53176          0.00242078
                  43             1.53178             1.53176          0.00236381
                  44             1.53992             1.53194          0.00231689
                  45             1.52828             1.53186          0.00226629
                  46             1.52325             1.53168          0.00222436
                  47             1.54026             1.53186          0.00218417
                  48             1.52786             1.53178           0.0021398
                  49             1.52066             1.53155          0.00210791
                  50             1.52218             1.53136          0.00207382
