                   1           -0.482912           -0.482912                   0
                   2           -0.483788            -0.48335         0.000438048
                   3            -0.48326            -0.48332         0.000254651
                   4           -0.483561            -0.48338         0.000189872
                   5           -0.484032           -0.483511         0.000196586
                   6           -0.483892           -0.483574         0.000172661
                   7           -0.483203           -0.483521         0.000155261
                   8           -0.483732           -0.483548         0.000137025
                   9           -0.485183           -0.483729         0.000218256
                  10            -0.48329           -0.483685         0.000200101
                  11           -0.483328           -0.483653         0.000183895
                  12           -0.483073           -0.483605         0.000174691
                  13           -0.482809           -0.483543         0.000171948
                  14            -0.48318           -0.483517         0.000161292
                  15           -0.484389           -0.483576         0.000161001
                  16           -0.484279            -0.48362         0.000156896
                  17           -0.483347           -0.483603          0.00014825
                  18           -0.482707           -0.483554         0.000148378
                  19           -0.483327           -0.483542         0.000140858
                  20           -0.484505            -0.48359         0.000142049
                  21           -0.482615           -0.483543         0.000142876
                  22           -0.483477            -0.48354          0.00013626
                  23           -0.484555           -0.483585         0.000137467
                  24           -0.482544           -0.483541          0.00013857
                  25           -0.484743           -0.483589         0.000141339
                  26           -0.484463           -0.483623         0.000139891
                  27           -0.482729            -0.48359         0.000138619
                  28           -0.483491           -0.483586         0.000133623
                  29           -0.484603           -0.483621         0.000133611
                  30           -0.483131           -0.483605         0.000130111
                  31           -0.483412           -0.483599         0.000125997
                  32           -0.482811           -0.483574         0.000124458
                  33           -0.482756           -0.483549         0.000123148
                  34           -0.484251            -0.48357         0.000121242
                  35           -0.482655           -0.483544         0.000120593
                  36           -0.483744           -0.483549         0.000117328
                  37           -0.483547           -0.483549         0.000114113
                  38           -0.482134           -0.483512         0.000117146
                  39             -0.4837           -0.483517         0.000114204
                  40           -0.482698           -0.483496          0.00011318
                  41           -0.483774           -0.483503         0.000110592
                  42           -0.483999           -0.483515          0.00010857
                  43           -0.483227           -0.483508         0.000106227
                  44           -0.484333           -0.483527         0.000105462
                  45           -0.483761           -0.483532         0.000103223
                  46           -0.483433            -0.48353         0.000100978
                  47           -0.483981            -0.48354         9.92697e-05
                  48           -0.483459           -0.483538         9.71942e-05
                  49           -0.482863           -0.483524         9.61809e-05
                  50            -0.48322           -0.483518         9.44332e-05
