                   1           0.0304224           0.0304224                   0
                   2           0.0286272           0.0295248           0.0008976
                   3           0.0280224            0.029024         0.000720668
                   4           0.0297236           0.0291989         0.000538768
                   5           0.0339796            0.030155          0.00104325
                   6           0.0289376           0.0299521         0.000875642
                   7           0.0263128           0.0294322         0.000904422
                   8           0.0312168           0.0296553         0.000814398
                   9           0.0282068           0.0294944         0.000736044
                  10            0.026052           0.0291501         0.000742904
                  11           0.0301484           0.0292409         0.000678082
                  12           0.0306864           0.0293613         0.000630614
                  13           0.0253344           0.0290516         0.000657607
                  14           0.0324524           0.0292945         0.000655498
                  15            0.027482           0.0291737         0.000622083
                  16           0.0304076           0.0292508         0.000586994
                  17           0.0290472           0.0292388         0.000551515
                  18           0.0299528           0.0292785         0.000521484
                  19           0.0307528           0.0293561          0.00049934
                  20           0.0301452           0.0293955         0.000475356
                  21           0.0313272           0.0294875         0.000461416
                  22           0.0289108           0.0294613         0.000440723
                  23           0.0330992           0.0296195         0.000449849
                  24           0.0278068           0.0295439          0.00043727
                  25            0.031632           0.0296275          0.00042765
                  26           0.0320736           0.0297215         0.000421507
                  27           0.0267852           0.0296128         0.000419922
                  28           0.0301676           0.0296326         0.000405132
                  29           0.0314896           0.0296966         0.000396122
                  30           0.0301968           0.0297133         0.000383054
                  31           0.0282516           0.0296662          0.00037348
                  32           0.0303692           0.0296881         0.000362287
                  33           0.0310424           0.0297292         0.000353527
                  34           0.0363624           0.0299243         0.000394578
                  35            0.030442           0.0299391         0.000383424
                  36           0.0293444           0.0299225         0.000372987
                  37             0.03441           0.0300438         0.000382503
                  38             0.02615           0.0299413         0.000386145
                  39           0.0326596            0.030011         0.000382517
                  40           0.0309376           0.0300342         0.000373551
                  41           0.0288632           0.0300056         0.000365443
                  42            0.033138           0.0300802         0.000364351
                  43           0.0325312           0.0301372         0.000360314
                  44           0.0342728           0.0302312         0.000364361
                  45           0.0292224           0.0302088         0.000356877
                  46           0.0298268           0.0302005         0.000349131
                  47           0.0275128           0.0301433         0.000346375
                  48           0.0287832            0.030115         0.000340264
                  49           0.0292416           0.0300972         0.000333724
                  50           0.0340232           0.0301757         0.000336277
