                   1           -0.482012           -0.482012                   0
                   2           -0.483154           -0.482583           0.0005708
                   3           -0.482298           -0.482488          0.00034299
                   4           -0.482717           -0.482545           0.0002492
                   5           -0.483119            -0.48266         0.000224607
                   6           -0.482951           -0.482708         0.000189711
                   7           -0.482318           -0.482653         0.000169777
                   8           -0.482634            -0.48265         0.000147049
                   9           -0.484404           -0.482845         0.000234066
                  10           -0.482399           -0.482801         0.000214052
                  11           -0.482792             -0.4828         0.000193619
                  12           -0.482196           -0.482749         0.000183771
                  13            -0.48231           -0.482716         0.000172398
                  14           -0.481988           -0.482664         0.000167858
                  15           -0.483553           -0.482723         0.000167132
                  16           -0.483221           -0.482754         0.000159405
                  17           -0.482578           -0.482744         0.000150091
                  18           -0.481934           -0.482699         0.000148492
                  19           -0.482293           -0.482677         0.000142074
                  20           -0.483653           -0.482726         0.000143337
                  21           -0.481269           -0.482657         0.000152985
                  22           -0.482465           -0.482648         0.000146126
                  23           -0.483564           -0.482688         0.000145197
                  24           -0.482062           -0.482662         0.000141437
                  25             -0.4841           -0.482719         0.000147356
                  26            -0.48329           -0.482741         0.000143264
                  27           -0.481718           -0.482703         0.000142974
                  28             -0.4822           -0.482685         0.000138941
                  29           -0.483422           -0.482711         0.000136452
                  30           -0.482265           -0.482696         0.000132661
                  31           -0.482634           -0.482694         0.000128326
                  32           -0.481894           -0.482669         0.000126743
                  33           -0.481509           -0.482634         0.000127773
                  34           -0.483062           -0.482646         0.000124595
                  35           -0.481866           -0.482624         0.000123018
                  36           -0.482899           -0.482632         0.000119796
                  37           -0.482312           -0.482623         0.000116834
                  38           -0.481565           -0.482595         0.000117078
                  39           -0.482526           -0.482593          0.00011405
                  40           -0.482066            -0.48258          0.00011194
                  41           -0.482762           -0.482585         0.000109266
                  42           -0.482966           -0.482594         0.000107018
                  43            -0.48227           -0.482586         0.000104771
                  44           -0.483044           -0.482597          0.00010289
                  45           -0.483135           -0.482609         0.000101287
                  46           -0.482378           -0.482604         9.91878e-05
                  47           -0.483242           -0.482617         9.80016e-05
                  48           -0.482854           -0.482622         9.60646e-05
                  49           -0.482227           -0.482614         9.44282e-05
                  50           -0.482237           -0.482606         9.28274e-05
