                   1            0.211553            0.211553                   0
                   2            0.213101            0.212327         0.000773788
                   3            0.210607            0.211754         0.000726788
                   4            0.212523            0.211946         0.000548714
                   5            0.212035            0.211964         0.000425402
                   6             0.21259            0.212068         0.000362662
                   7            0.213147            0.212222          0.00034304
                   8            0.212728            0.212286         0.000303726
                   9            0.212247            0.212281         0.000267895
                  10             0.21214            0.212267         0.000240031
                  11            0.211805            0.212225         0.000221147
                  12            0.210343            0.212068         0.000255668
                  13            0.210628            0.211957         0.000259968
                  14            0.213186            0.212045         0.000256179
                  15            0.213913             0.21217         0.000269047
                  16            0.212702            0.212203         0.000253856
                  17            0.208755               0.212         0.000313031
                  18            0.210661            0.211926         0.000304365
                  19            0.211583            0.211908         0.000288466
                  20            0.212543            0.211939         0.000275502
                  21            0.215002            0.212085         0.000299896
                  22            0.213367            0.212144         0.000291818
                  23            0.212575            0.212162         0.000279473
                  24            0.211689            0.212143         0.000268301
                  25            0.212304            0.212149         0.000257426
                  26            0.213069            0.212184         0.000249847
                  27            0.212838            0.212209         0.000241631
                  28             0.21092            0.212163         0.000237345
                  29            0.210297            0.212098         0.000237881
                  30            0.211024            0.212062         0.000232587
                  31            0.212492            0.212076         0.000225385
                  32             0.21215            0.212079          0.00021824
                  33            0.210773            0.212039         0.000215192
                  34            0.214174            0.212102         0.000218009
                  35             0.21224            0.212106         0.000211725
                  36            0.212536            0.212118         0.000206106
                  37            0.212289            0.212122         0.000200511
                  38            0.213125            0.212149         0.000196939
                  39              0.2127            0.212163         0.000192343
                  40            0.212272            0.212166         0.000187493
                  41            0.212642            0.212177         0.000183231
                  42            0.212738            0.212191         0.000179312
                  43            0.212444            0.212197         0.000175192
                  44            0.212515            0.212204         0.000171317
                  45            0.213388             0.21223         0.000169522
                  46            0.212551            0.212237         0.000165942
                  47            0.212678            0.212246         0.000162644
                  48            0.212819            0.212258         0.000159666
                  49            0.211654            0.212246         0.000156859
                  50            0.213315            0.212267         0.000155169
