                   1            0.212016            0.212016                   0
                   2            0.214293            0.213154          0.00113873
                   3            0.212399            0.212903         0.000703989
                   4            0.213925            0.213158         0.000559585
                   5            0.212716             0.21307         0.000442396
                   6            0.213683            0.213172         0.000375386
                   7            0.215137            0.213453         0.000423657
                   8            0.213153            0.213415         0.000368798
                   9            0.213037            0.213373         0.000327948
                  10            0.214065            0.213442         0.000301381
                  11            0.213443            0.213442         0.000272609
                  12            0.212273            0.213345         0.000267268
                  13             0.21133             0.21319         0.000290617
                  14            0.214122            0.213257         0.000277176
                  15            0.214306            0.213327         0.000267353
                  16            0.213561            0.213341         0.000250514
                  17            0.209124            0.213093         0.000341917
                  18            0.212361            0.213052         0.000324917
                  19            0.212664            0.213032          0.00030802
                  20            0.213209            0.213041         0.000292348
                  21            0.216428            0.213202          0.00032147
                  22            0.214484             0.21326         0.000311996
                  23            0.214192            0.213301         0.000300863
                  24            0.213086            0.213292         0.000288194
                  25            0.214235             0.21333         0.000278986
                  26            0.214494            0.213374         0.000271754
                  27            0.213603            0.213383         0.000261633
                  28            0.212018            0.213334         0.000256786
                  29            0.212491            0.213305         0.000249472
                  30            0.212439            0.213276         0.000242737
                  31            0.213355            0.213279          0.00023479
                  32            0.213157            0.213275         0.000227366
                  33            0.211613            0.213225         0.000226048
                  34            0.215331            0.213287          0.00022788
                  35            0.213578            0.213295         0.000221431
                  36            0.213892            0.213311         0.000215829
                  37            0.213033            0.213304         0.000210049
                  38            0.213592            0.213312         0.000204587
                  39            0.214344            0.213338         0.000201023
                  40            0.214097            0.213357         0.000196849
                  41            0.213518            0.213361         0.000192028
                  42            0.214177             0.21338         0.000188405
                  43             0.21409            0.213397         0.000184709
                  44            0.213705            0.213404         0.000180598
                  45            0.214485            0.213428         0.000178166
                  46            0.214161            0.213444         0.000174977
                  47            0.213948            0.213455         0.000171549
                  48            0.214085            0.213468         0.000168449
                  49            0.213123            0.213461         0.000165126
                  50            0.214477            0.213481         0.000163062
