                   1             1.52455             1.52455                   0
                   2             1.51066             1.51761          0.00694695
                   3             1.53103             1.52208          0.00600837
                   4             1.50978             1.51901           0.0052447
                   5             1.52935             1.52108          0.00455901
                   6             1.51889             1.52071          0.00374023
                   7             1.51263             1.51956          0.00336509
                   8             1.49826             1.51689          0.00394724
                   9             1.54286             1.51978          0.00452151
                  10             1.51625             1.51943          0.00405957
                  11             1.49903             1.51757          0.00411345
                  12             1.54287             1.51968          0.00430639
                  13             1.50651             1.51867           0.0040889
                  14             1.48584             1.51632           0.0044529
                  15             1.51428             1.51619          0.00414766
                  16             1.51984             1.51641          0.00388649
                  17             1.51662             1.51643          0.00365074
                  18             1.49424             1.51519          0.00365594
                  19             1.50139             1.51447          0.00353369
                  20             1.49511              1.5135          0.00348924
                  21             1.51548             1.51359          0.00332026
                  22             1.50807             1.51334           0.0031757
                  23             1.51634             1.51347          0.00303728
                  24             1.49609             1.51275          0.00299678
                  25             1.52123             1.51309          0.00289438
                  26             1.50801             1.51289          0.00278766
                  27             1.51971             1.51315          0.00269429
                  28             1.52449             1.51355          0.00262773
                  29             1.49701             1.51298          0.00259888
                  30              1.4966             1.51243          0.00256947
                  31             1.53171             1.51306          0.00256184
                  32             1.50458             1.51279           0.0024946
                  33             1.47998              1.5118          0.00261427
                  34             1.50439             1.51158          0.00254556
                  35             1.51173             1.51158          0.00247177
                  36             1.51194             1.51159          0.00240215
                  37             1.49458             1.51113          0.00238116
                  38             1.47528             1.51019          0.00250232
                  39             1.52162             1.51048          0.00245487
                  40             1.51305             1.51055          0.00239357
                  41             1.49646              1.5102          0.00235961
                  42             1.50125             1.50999          0.00231258
                  43             1.50315             1.50983          0.00226376
                  44              1.5125             1.50989          0.00221255
                  45             1.50795             1.50985          0.00216325
                  46             1.50713             1.50979          0.00211652
                  47             1.52551             1.51012          0.00209785
                  48             1.51424             1.51021          0.00205547
                  49             1.49706             1.50994          0.00203088
                  50             1.49498             1.50964          0.00201221
