1.8
1.8
1.8
1.8
1.8
1.8
1.8
1.8
1.8
1.8
1.8
1.8
1.8
1.80001
1.80001
1.80001
1.80001
1.80001
1.80001
1.80001
1.80001
1.80001
1.80002
1.80002
1.80002
1.80002
1.80002
1.80002
1.80002
1.80003
1.80003
1.80003
1.80003
1.80003
1.80004
1.80004
1.80004
1.80004
1.80005
1.80005
1.80005
1.80005
1.80006
1.80006
1.80006
1.80006
1.80007
1.80007
1.80007
1.80008
1.80008
1.80008
1.80009
1.80009
1.80009
1.8001
1.8001
1.8001
1.80011
1.80011
1.80011
1.80012
1.80012
1.80013
1.80013
1.80013
1.80014
1.80014
1.80015
1.80015
1.80016
1.80016
1.80016
1.80017
1.80017
1.80018
1.80018
1.80019
1.80019
1.8002
1.8002
1.80021
1.80021
1.80022
1.80022
1.80023
1.80023
1.80024
1.80025
1.80025
1.80026
1.80026
1.80027
1.80027
1.80028
1.80029
1.80029
1.8003
1.8003
1.80031
1.80032
1.80032
1.80033
1.80034
1.80034
1.80035
1.80036
1.80036
1.80037
1.80038
1.80038
1.80039
1.8004
1.8004
1.80041
1.80042
1.80043
1.80043
1.80044
1.80045
1.80046
1.80046
1.80047
1.80048
1.80049
1.80049
1.8005
1.80051
1.80052
1.80053
1.80054
1.80054
1.80055
1.80056
1.80057
1.80058
1.80059
1.80059
1.8006
1.80061
1.80062
1.80063
1.80064
1.80065
1.80066
1.80067
1.80068
1.80069
1.80069
1.8007
1.80071
1.80072
1.80073
1.80074
1.80075
1.80076
1.80077
1.80078
1.80079
1.8008
1.80081
1.80082
1.80083
1.80084
1.80085
1.80087
1.80088
1.80089
1.8009
1.80091
1.80092
1.80093
1.80094
1.80095
1.80096
1.80098
1.80099
1.801
1.80101
1.80102
1.80103
1.80104
1.80106
1.80107
1.80108
1.80109
1.8011
1.80112
1.80113
1.80114
1.80115
1.80117
1.80118
1.80119
1.8012
1.80122
1.80123
1.80124
1.80126
1.80127
1.80128
1.80129
1.80131
1.80132
1.80133
1.80135
1.80136
1.80138
1.80139
1.8014
1.80142
1.80143
1.80144
1.80146
1.80147
1.80149
1.8015
1.80152
1.80153
1.80154
1.80156
1.80157
1.80159
1.8016
1.80162
1.80163
1.80165
1.80166
1.80168
1.80169
1.80171
1.80173
1.80174
1.80176
1.80177
1.80179
1.8018
1.80182
1.80184
1.80185
1.80187
1.80188
1.8019
1.80192
1.80193
1.80195
1.80197
1.80198
1.802
1.80202
1.80203
1.80205
1.80207
1.80209
1.8021
1.80212
1.80214
1.80215
1.80217
1.80219
1.80221
1.80223
1.80224
1.80226
1.80228
1.8023
1.80232
1.80233
1.80235
1.80237
1.80239
1.80241
1.80243
1.80245
1.80247
1.80248
1.8025
1.80252
1.80254
1.80256
1.80258
1.8026
1.80262
1.80264
1.80266
1.80268
1.8027
1.80272
1.80274
1.80276
1.80278
1.8028
1.80282
1.80284
1.80286
1.80288
1.8029
1.80292
1.80294
1.80297
1.80299
1.80301
1.80303
1.80305
1.80307
1.80309
1.80312
1.80314
1.80316
1.80318
1.8032
1.80323
1.80325
1.80327
1.80329
1.80331
1.80334
1.80336
1.80338
1.80341
1.80343
1.80345
1.80347
1.8035
1.80352
1.80354
1.80357
1.80359
1.80361
1.80364
1.80366
1.80369
1.80371
1.80373
1.80376
1.80378
1.80381
1.80383
1.80386
1.80388
1.80391
1.80393
1.80396
1.80398
1.80401
1.80403
1.80406
1.80408
1.80411
1.80413
1.80416
1.80418
1.80421
1.80424
1.80426
1.80429
1.80432
1.80434
1.80437
1.8044
1.80442
1.80445
1.80448
1.8045
1.80453
1.80456
1.80458
1.80461
1.80464
1.80467
1.8047
1.80472
1.80475
1.80478
1.80481
1.80484
1.80486
1.80489
1.80492
1.80495
1.80498
1.80501
1.80504
1.80507
1.80509
1.80512
1.80515
1.80518
1.80521
1.80524
1.80527
1.8053
1.80533
1.80536
1.80539
1.80542
1.80545
1.80548
1.80552
1.80555
1.80558
1.80561
1.80564
1.80567
1.8057
1.80573
1.80577
1.8058
1.80583
1.80586
1.80589
1.80593
1.80596
1.80599
1.80602
1.80606
1.80609
1.80612
1.80615
1.80619
1.80622
1.80625
1.80629
1.80632
1.80636
1.80639
1.80642
1.80646
1.80649
1.80653
1.80656
1.8066
1.80663
1.80666
1.8067
1.80674
1.80677
1.80681
1.80684
1.80688
1.80691
1.80695
1.80698
1.80702
1.80706
1.80709
1.80713
1.80717
1.8072
1.80724
1.80728
1.80731
1.80735
1.80739
1.80743
1.80746
1.8075
1.80754
1.80758
1.80762
1.80766
1.80769
1.80773
1.80777
1.80781
1.80785
1.80789
1.80793
1.80797
1.80801
1.80805
1.80809
1.80813
1.80817
1.80821
1.80825
1.80829
1.80833
1.80837
1.80841
1.80845
1.80849
1.80853
1.80858
1.80862
1.80866
1.8087
1.80874
1.80879
1.80883
1.80887
1.80891
1.80896
1.809
1.80904
1.80909
1.80913
1.80917
1.80922
1.80926
1.80931
1.80935
1.8094
1.80944
1.80948
1.80953
1.80958
1.80962
1.80967
1.80971
1.80976
1.8098
1.80985
1.8099
1.80994
1.80999
1.81004
1.81008
1.81013
1.81018
1.81022
1.81027
1.81032
1.81037
1.81042
1.81046
1.81051
1.81056
1.81061
1.81066
1.81071
1.81076
1.81081
1.81086
1.81091
1.81096
1.81101
1.81106
1.81111
1.81116
1.81121
1.81126
1.81131
1.81136
1.81142
1.81147
1.81152
1.81157
1.81162
1.81168
1.81173
1.81178
1.81184
1.81189
1.81194
1.812
1.81205
1.8121
1.81216
1.81221
1.81227
1.81232
1.81238
1.81243
1.81249
1.81255
1.8126
1.81266
1.81271
1.81277
1.81283
1.81288
1.81294
1.813
1.81306
1.81311
1.81317
1.81323
1.81329
1.81335
1.81341
1.81347
1.81353
1.81359
1.81364
1.8137
1.81377
1.81383
1.81389
1.81395
1.81401
1.81407
1.81413
1.81419
1.81426
1.81432
1.81438
1.81444
1.81451
1.81457
1.81463
1.8147
1.81476
1.81482
1.81489
1.81495
1.81502
1.81508
1.81515
1.81521
1.81528
1.81535
1.81541
1.81548
1.81555
1.81561
1.81568
1.81575
1.81582
1.81588
1.81595
1.81602
1.81609
1.81616
1.81623
1.8163
1.81637
1.81644
1.81651
1.81658
1.81665
1.81672
1.81679
1.81686
1.81694
1.81701
1.81708
1.81715
1.81723
1.8173
1.81737
1.81745
1.81752
1.8176
1.81767
1.81775
1.81782
1.8179
1.81798
1.81805
1.81813
1.81821
1.81828
1.81836
1.81844
1.81852
1.81859
1.81867
1.81875
1.81883
1.81891
1.81899
1.81907
1.81915
1.81923
1.81932
1.8194
1.81948
1.81956
1.81964
1.81973
1.81981
1.81989
1.81998
1.82006
1.82015
1.82023
1.82032
1.8204
1.82049
1.82057
1.82066
1.82075
1.82084
1.82092
1.82101
1.8211
1.82119
1.82128
1.82137
1.82146
1.82155
1.82164
1.82173
1.82182
1.82191
1.822
1.8221
1.82219
1.82228
1.82238
1.82247
1.82256
1.82266
1.82275
1.82285
1.82294
1.82304
1.82314
1.82324
1.82333
1.82343
1.82353
1.82363
1.82373
1.82383
1.82393
1.82403
1.82413
1.82423
1.82433
1.82443
1.82454
1.82464
1.82474
1.82485
1.82495
1.82505
1.82516
1.82526
1.82537
1.82548
1.82558
1.82569
1.8258
1.82591
1.82602
1.82613
1.82624
1.82635
1.82646
1.82657
1.82668
1.82679
1.8269
1.82702
1.82713
1.82724
1.82736
1.82747
1.82759
1.82771
1.82782
1.82794
1.82806
1.82817
1.82829
1.82841
1.82853
1.82865
1.82877
1.82889
1.82902
1.82914
1.82926
1.82938
1.82951
1.82963
1.82976
1.82988
1.83001
1.83014
1.83026
1.83039
1.83052
1.83065
1.83078
1.83091
1.83104
1.83117
1.8313
1.83143
1.83157
1.8317
1.83184
1.83197
1.83211
1.83224
1.83238
1.83252
1.83265
1.83279
1.83293
1.83307
1.83321
1.83335
1.8335
1.83364
1.83378
1.83392
1.83407
1.83421
1.83436
1.83451
1.83465
1.8348
1.83495
1.8351
1.83525
1.8354
1.83555
1.8357
1.83585
1.83601
1.83616
1.83632
1.83647
1.83663
1.83678
1.83694
1.8371
1.83726
1.83742
1.83758
1.83774
1.8379
1.83807
1.83823
1.83839
1.83856
1.83873
1.83889
1.83906
1.83923
1.8394
1.83957
1.83974
1.83991
1.84008
1.84026
1.84043
1.8406
1.84078
1.84096
1.84113
1.84131
1.84149
1.84167
1.84185
1.84203
1.84222
1.8424
1.84258
1.84277
1.84295
1.84314
1.84333
1.84352
1.84371
1.8439
1.84409
1.84428
1.84447
1.84467
1.84486
1.84506
1.84526
1.84545
1.84565
1.84585
1.84605
1.84626
1.84646
1.84666
1.84687
1.84707
1.84728
1.84749
1.84769
1.8479
1.84811
1.84833
1.84854
1.84875
1.84897
1.84918
1.8494
1.84962
1.84983
1.85005
1.85028
1.8505
1.85072
1.85094
1.85117
1.85139
1.85162
1.85185
1.85208
1.85231
1.85254
1.85277
1.85301
1.85324
1.85348
1.85371
1.85395
1.85419
1.85443
1.85467
1.85492
1.85516
1.8554
1.85565
1.8559
1.85614
1.85639
1.85664
1.8569
1.85715
1.8574
1.85766
1.85791
1.85817
1.85843
1.85869
1.85895
1.85921
1.85947
1.85974
1.86
1.86027
1.86054
1.8608
1.86107
1.86135
1.86162
1.86189
1.86216
1.86244
1.86272
1.863
1.86327
1.86355
1.86384
1.86412
1.8644
1.86469
1.86497
1.86526
1.86555
1.86584
1.86613
1.86642
1.86671
1.867
1.8673
1.86759
1.86789
1.86819
1.86849
1.86879
1.86909
1.86939
1.86969
1.87
1.8703
1.87061
1.87091
1.87122
1.87153
1.87184
1.87215
1.87246
1.87277
1.87309
1.8734
1.87372
1.87403
1.87435
1.87466
1.87498
1.8753
1.87562
1.87594
1.87626
1.87658
1.8769
1.87723
1.87755
1.87787
1.87819
1.87852
1.87884
1.87917
1.87949
1.87982
1.88015
1.88047
1.8808
1.8
1.80032
1.80064
1.80096
1.80128
1.8016
1.80192
1.80224
1.80255
1.80287
1.80319
1.80351
1.80382
1.80414
1.80445
1.80477
1.80508
1.80539
1.80571
1.80602
1.80633
1.80663
1.80694
1.80725
1.80755
1.80786
1.80816
1.80846
1.80876
1.80905
1.80935
1.80964
1.80993
1.81022
1.81051
1.81079
1.81107
1.81135
1.81163
1.8119
1.81217
1.81244
1.8127
1.81296
1.81322
1.81347
1.81372
1.81397
1.81421
1.81445
1.81468
1.81491
1.81513
1.81535
1.81557
1.81578
1.81598
1.81618
1.81637
1.81656
1.81674
1.81692
1.81708
1.81725
1.8174
1.81755
1.81769
1.81783
1.81796
1.81808
1.81819
1.81829
1.81839
1.81848
1.81856
1.81863
1.81869
1.81875
1.81879
1.81883
1.81885
1.81887
1.81888
1.81887
1.81886
1.81883
1.8188
1.81875
1.8187
1.81863
1.81855
1.81846
1.81836
1.81825
1.81813
1.81799
1.81785
1.81769
1.81752
1.81734
1.81714
1.81694
1.81672
1.81649
1.81625
1.816
1.81574
1.81546
1.81518
1.81488
1.81457
1.81425
1.81392
1.81358
1.81323
1.81287
1.8125
1.81212
1.81173
1.81133
1.81093
1.81051
1.81009
1.80966
1.80923
1.80879
1.80834
1.80789
1.80744
1.80698
1.80652
1.80606
1.80559
1.80513
1.80466
1.8042
1.80373
1.80327
1.80281
1.80236
1.80191
1.80147
1.80103
1.8006
1.80018
1.79977
1.79936
1.79897
1.79859
1.79822
1.79787
1.79753
1.7972
1.79689
1.7966
1.79632
1.79606
1.79582
1.7956
1.7954
1.79522
1.79506
1.79492
1.79481
1.79472
1.79465
1.7946
1.79458
1.79458
1.79461
1.79466
1.79474
1.79484
1.79496
1.79511
1.79529
1.79549
1.79571
1.79596
1.79623
1.79653
1.79685
1.7972
1.79757
1.79796
1.79837
1.79881
1.79926
1.79974
1.80024
1.80075
1.80129
1.80184
1.80241
1.803
1.80361
1.80423
1.80486
1.80551
1.80617
1.80684
1.80753
1.80822
1.80893
1.80964
1.81036
1.81109
1.81182
1.81256
1.81331
1.81405
1.8148
1.81556
1.81631
1.81706
1.81781
1.81856
1.81931
1.82006
1.8208
1.82153
1.82226
1.82299
1.8237
1.82441
1.82511
1.82581
1.82649
1.82716
1.82782
1.82847
1.82911
1.82973
1.83034
1.83094
1.83152
1.83209
1.83265
1.83318
1.83371
1.83422
1.83471
1.83519
1.83565
1.83609
1.83652
1.83693
1.83733
1.83771
1.83807
1.83842
1.83875
1.83907
1.83937
1.83966
1.83993
1.84019
1.84044
1.84067
1.84089
1.84109
1.84129
1.84147
1.84165
1.84182
1.84197
1.84212
1.84226
1.8424
1.84253
1.84266
1.84278
1.8429
1.84302
1.84314
1.84326
1.84338
1.84351
1.84363
1.84377
1.8439
1.84405
1.8442
1.84436
1.84453
1.84471
1.8449
1.84511
1.84533
1.84556
1.8458
1.84606
1.84634
1.84664
1.84695
1.84728
1.84763
1.848
1.84839
1.84879
1.84922
1.84967
1.85014
1.85062
1.85113
1.85166
1.85221
1.85278
1.85337
1.85398
1.85461
1.85525
1.85592
1.8566
1.8573
1.85801
1.85875
1.85949
1.86025
1.86103
1.86181
1.86261
1.86342
1.86424
1.86507
1.86591
1.86675
1.8676
1.86845
1.86931
1.87017
1.87103
1.8719
1.87276
1.87362
1.87448
1.87534
1.87619
1.87704
1.87788
1.87872
1.87955
1.88037
1.88118
1.88198
1.88277
1.88354
1.88431
1.88506
1.8858
1.88653
1.88724
1.88793
1.88861
1.88927
1.88992
1.89055
1.89116
1.89175
1.89233
1.89288
1.89342
1.89394
1.89444
1.89492
1.89538
1.89582
1.89624
1.89664
1.89702
1.89738
1.89772
1.89805
1.89835
1.89863
1.89889
1.89913
1.89935
1.89956
1.89974
1.89991
1.90006
1.90018
1.9003
1.90039
1.90046
1.90052
1.90056
1.90059
1.9006
1.90059
1.90057
1.90053
1.90048
1.90041
1.90033
1.90024
1.90013
1.90001
1.89988
1.89974
1.89959
1.89942
1.89925
1.89907
1.89887
1.89867
1.89846
1.89825
1.89802
1.89779
1.89755
1.89731
1.89706
1.89681
1.89655
1.89629
1.89602
1.89576
1.89548
1.89521
1.89494
1.89466
1.89438
1.89411
1.89383
1.89355
1.89327
1.89299
1.89272
1.89244
1.89217
1.89189
1.89162
1.89135
1.89109
1.89082
1.89056
1.8903
1.89004
1.88979
1.88954
1.88929
1.88905
1.88881
1.88857
1.88834
1.88811
1.88788
1.88766
1.88744
1.88722
1.887
1.88679
1.88659
1.88638
1.88618
1.88598
1.88579
1.88559
1.8854
1.88522
1.88503
1.88485
1.88467
1.88449
1.88432
1.88415
1.88397
1.88381
1.88364
1.88347
1.88331
1.88315
1.88299
1.88283
1.88267
1.88251
1.88235
1.8822
1.88204
1.88189
1.88173
1.88158
1.88142
1.88127
1.88111
1.88096
1.8808
1.88064
1.88049
1.88033
1.88017
1.88001
1.87984
1.87968
1.87951
1.87934
1.87917
1.879
1.87882
1.87865
1.87846
1.87828
1.87809
1.8779
1.87771
1.87752
1.87732
1.87711
1.87691
1.8767
1.87649
1.87627
1.87605
1.87583
1.87561
1.87538
1.87515
1.87492
1.87468
1.87445
1.87421
1.87397
1.87373
1.87349
1.87325
1.87301
1.87277
1.87254
1.8723
1.87207
1.87184
1.87162
1.8714
1.87118
1.87097
1.87077
1.87057
1.87038
1.8702
1.87003
1.86987
1.86972
1.86958
1.86946
1.86935
1.86925
1.86916
1.8691
1.86904
1.86901
1.86899
1.86899
1.869
1.86904
1.86909
1.86917
1.86926
1.86938
1.86952
1.86968
1.86986
1.87006
1.87029
1.87053
1.8708
1.8711
1.87141
1.87175
1.87212
1.8725
1.87291
1.87334
1.87379
1.87427
1.87476
1.87528
1.87582
1.87638
1.87696
1.87756
1.87818
1.87882
1.87947
1.88015
1.88084
1.88155
1.88227
1.88301
1.88377
1.88454
1.88532
1.88612
1.88693
1.88775
1.88858
1.88942
1.89027
1.89113
1.89199
1.89287
1.89375
1.89464
1.89553
1.89642
1.89732
1.89823
1.89913
1.90004
1.90094
1.90185
1.90276
1.90367
1.90457
1.90547
1.90637
1.90727
1.90816
1.90904
1.90992
1.9108
1.91167
1.91253
1.91338
1.91423
1.91506
1.91589
1.91671
1.91752
1.91831
1.9191
1.91987
1.92064
1.92139
1.92212
1.92285
1.92356
1.92426
1.92494
1.92561
1.92627
1.92691
1.92754
1.92815
1.92875
1.92933
1.92989
1.93044
1.93097
1.93149
1.93199
1.93248
1.93294
1.9334
1.93383
1.93425
1.93465
1.93504
1.93541
1.93576
1.9361
1.93642
1.93672
1.93701
1.93728
1.93754
1.93778
1.93801
1.93821
1.93841
1.93859
1.93875
1.9389
1.93903
1.93915
1.93926
1.93935
1.93943
1.9395
1.93955
1.93959
1.93962
1.93963
1.93963
1.93962
1.9396
1.93957
1.93953
1.93948
1.93942
1.93935
1.93927
1.93918
1.93908
1.93898
1.93886
1.93874
1.93861
1.93848
1.93834
1.9382
1.93804
1.93789
1.93773
1.93757
1.9374
1.93723
1.93705
1.93688
1.9367
1.93652
1.93634
1.93616
1.93598
1.9358
1.93562
1.93544
1.93526
1.93509
1.93491
1.93474
1.93457
1.93441
1.93425
1.93409
1.93394
1.93379
1.93365
1.93351
1.93338
1.93326
1.93314
1.93303
1.93292
1.93283
1.93274
1.93265
1.93258
1.93251
1.93246
1.93241
1.93237
1.93233
1.93231
1.9323
1.93229
1.9323
1.93232
1.93234
1.93237
1.93242
1.93247
1.93253
1.93261
1.93269
1.93278
1.93289
1.933
1.93312
1.93325
1.93339
1.93354
1.9337
1.93387
1.93404
1.93423
1.93442
1.93463
1.93484
1.93506
1.93528
1.93552
1.93576
1.93601
1.93626
1.93653
1.9368
1.93707
1.93735
1.93764
1.93793
1.93823
1.93853
1.93884
1.93915
1.93947
1.93979
1.94011
1.94044
1.94077
1.9411
1.94143
1.94177
1.94211
1.94245
1.94279
1.94313
1.94348
1.94382
1.94416
1.94451
1.94485
1.94519
1.94553
1.94587
1.94621
1.94655
1.94689
1.94722
1.94755
1.94788
1.94821
1.94853
1.94885
1.94917
1.94948
1.94979
1.9501
1.9504
1.9507
1.95099
1.95128
1.95157
1.95185
1.95212
1.9524
1.95266
1.95292
1.95318
1.95343
1.95368
1.95392
1.95415
1.95439
1.95461
1.95483
1.95505
1.95525
1.95546
1.95566
1.95585
1.95604
1.95622
1.9564
1.95657
1.95674
1.95691
1.95706
1.95722
1.95737
1.95751
1.95765
1.95779
1.95792
1.95804
1.95817
1.95828
1.9584
1.95851
1.95862
1.95872
1.95883
1.95892
1.95902
1.95911
1.9592
1.95929
1.95937
1.95945
1.95953
1.95961
1.95969
1.95976
1.95983
1.95991
1.95997
1.96004
1.96011
1.96018
1.96024
1.9603
1.96037
1.96043
1.96049
1.96055
1.96062
1.96068
1.96074
1.9608
1.96086
1.96092
1.96098
1.96103
1.96109
1.96115
1.96121
1.96127
1.96133
1.96139
1.96145
1.96151
1.96157
1.96163
1.96169
1.96175
1.96181
1.96187
1.96192
1.96198
1.96204
1.9621
1.96216
1.96222
1.96227
1.96233
1.96239
1.96244
1.9625
1.96255
1.96261
1.96266
1.96272
1.96277
1.96282
1.96287
1.96292
1.96297
1.96302
1.96307
1.96311
1.96316
1.96321
1.96325
1.9633
1.96334
1.96338
1.96342
1.96346
1.9635
1.96354
1.96358
1.96362
1.96365
1.96369
1.96373
1.96376
1.9638
1.96383
1.96386
1.9639
1.96393
1.96396
1.964
1.96403
1.96406
1.96409
1.96413
1.96416
1.96419
1.96423
1.96426
1.96429
1.96433
1.96436
1.9644
1.96444
1.96447
1.96451
1.96455
1.96459
1.96463
1.96467
1.96471
1.96476
1.9648
1.96485
1.96489
1.96494
1.96499
1.96504
1.96509
1.96515
1.9652
1.96526
1.96531
1.96537
1.96543
1.96549
1.96555
1.96562
1.96568
1.96575
1.96582
1.96589
1.96596
1.96603
1.9661
1.96617
1.96625
1.8
1.80007
1.80015
1.80023
1.8003
1.80038
1.80046
1.80054
1.80063
1.80071
1.8008
1.80088
1.80097
1.80106
1.80114
1.80123
1.80132
1.80142
1.80151
1.8016
1.80169
1.80179
1.80188
1.80198
1.80207
1.80217
1.80227
1.80237
1.80247
1.80257
1.80267
1.80277
1.80287
1.80297
1.80307
1.80318
1.80328
1.80339
1.80349
1.8036
1.80371
1.80381
1.80392
1.80403
1.80414
1.80425
1.80437
1.80448
1.80459
1.80471
1.80482
1.80494
1.80506
1.80518
1.8053
1.80542
1.80555
1.80567
1.8058
1.80592
1.80605
1.80618
1.80631
1.80645
1.80658
1.80672
1.80686
1.807
1.80714
1.80728
1.80743
1.80757
1.80772
1.80787
1.80803
1.80818
1.80834
1.8085
1.80866
1.80882
1.80898
1.80915
1.80932
1.80949
1.80966
1.80984
1.81001
1.81019
1.81038
1.81056
1.81074
1.81093
1.81112
1.81131
1.81151
1.8117
1.8119
1.8121
1.8123
1.8125
1.81271
1.81291
1.81312
1.81333
1.81354
1.81376
1.81397
1.81419
1.81441
1.81463
1.81485
1.81507
1.81529
1.81552
1.81575
1.81597
1.8162
1.81643
1.81666
1.81689
1.81712
1.81736
1.81759
1.81782
1.81806
1.81829
1.81853
1.81877
1.819
1.81924
1.81947
1.81971
1.81995
1.82018
1.82042
1.82066
1.82089
1.82113
1.82136
1.82159
1.82183
1.82206
1.82229
1.82252
1.82275
1.82298
1.82321
1.82344
1.82366
1.82389
1.82411
1.82433
1.82455
1.82477
1.82498
1.8252
1.82541
1.82562
1.82583
1.82604
1.82624
1.82644
1.82664
1.82684
1.82704
1.82723
1.82742
1.82761
1.82779
1.82797
1.82815
1.82833
1.8285
1.82867
1.82884
1.829
1.82916
1.82932
1.82947
1.82962
1.82977
1.82992
1.83006
1.83019
1.83032
1.83045
1.83058
1.8307
1.83081
1.83093
1.83104
1.83114
1.83124
1.83134
1.83143
1.83152
1.8316
1.83168
1.83175
1.83182
1.83189
1.83195
1.832
1.83206
1.8321
1.83214
1.83218
1.83221
1.83224
1.83226
1.83228
1.83229
1.8323
1.8323
1.8323
1.83229
1.83228
1.83226
1.83224
1.83221
1.83218
1.83214
1.8321
1.83205
1.83199
1.83194
1.83187
1.83181
1.83173
1.83166
1.83157
1.83149
1.83139
1.8313
1.8312
1.83109
1.83098
1.83086
1.83074
1.83062
1.83049
1.83036
1.83023
1.83009
1.82994
1.8298
1.82965
1.82949
1.82933
1.82917
1.82901
1.82885
1.82868
1.82851
1.82833
1.82816
1.82798
1.8278
1.82762
1.82743
1.82725
1.82707
1.82688
1.82669
1.82651
1.82632
1.82613
1.82594
1.82576
1.82557
1.82539
1.8252
1.82502
1.82484
1.82466
1.82448
1.8243
1.82413
1.82396
1.82379
1.82362
1.82346
1.8233
1.82314
1.82299
1.82284
1.82269
1.82255
1.82241
1.82228
1.82215
1.82202
1.8219
1.82179
1.82168
1.82157
1.82147
1.82137
1.82128
1.82119
1.82111
1.82103
1.82096
1.82089
1.82083
1.82077
1.82071
1.82066
1.82062
1.82057
1.82054
1.8205
1.82047
1.82045
1.82042
1.8204
1.82039
1.82037
1.82036
1.82035
1.82035
1.82034
1.82034
1.82034
1.82034
1.82034
1.82034
1.82034
1.82034
1.82034
1.82035
1.82035
1.82034
1.82034
1.82034
1.82033
1.82032
1.82031
1.8203
1.82028
1.82026
1.82024
1.82021
1.82018
1.82014
1.8201
1.82006
1.82
1.81995
1.81989
1.81982
1.81974
1.81966
1.81957
1.81948
1.81938
1.81927
1.81916
1.81903
1.8189
1.81876
1.81862
1.81847
1.8183
1.81813
1.81796
1.81777
1.81758
1.81738
1.81717
1.81695
1.81672
1.81649
1.81625
1.816
1.81574
1.81548
1.8152
1.81492
1.81464
1.81434
1.81404
1.81374
1.81342
1.81311
1.81278
1.81245
1.81212
1.81178
1.81144
1.81109
1.81074
1.81039
1.81004
1.80968
1.80933
1.80897
1.80861
1.80825
1.8079
1.80754
1.80719
1.80684
1.80649
1.80615
1.80581
1.80548
1.80515
1.80483
1.80452
1.80422
1.80393
1.80364
1.80337
1.80311
1.80285
1.80262
1.80239
1.80218
1.80199
1.80181
1.80164
1.80149
1.80136
1.80125
1.80116
1.80108
1.80102
1.80099
1.80097
1.80098
1.80101
1.80105
1.80113
1.80122
1.80133
1.80147
1.80163
1.80181
1.80202
1.80225
1.8025
1.80278
1.80307
1.80339
1.80374
1.8041
1.80449
1.8049
1.80533
1.80578
1.80625
1.80674
1.80724
1.80777
1.80832
1.80888
1.80946
1.81006
1.81067
1.81129
1.81193
1.81258
1.81325
1.81392
1.81461
1.8153
1.81601
1.81672
1.81744
1.81816
1.81889
1.81962
1.82036
1.8211
1.82184
1.82258
1.82332
1.82406
1.8248
1.82554
1.82627
1.82699
1.82771
1.82843
1.82913
1.82983
1.83052
1.8312
1.83187
1.83253
1.83317
1.8338
1.83442
1.83503
1.83562
1.83619
1.83675
1.83729
1.83781
1.83832
1.83881
1.83927
1.83972
1.84015
1.84055
1.84094
1.8413
1.84164
1.84195
1.84224
1.84251
1.84275
1.84297
1.84317
1.84333
1.84348
1.84359
1.84368
1.84374
1.84378
1.84379
1.84377
1.84372
1.84364
1.84354
1.84341
1.84325
1.84307
1.84285
1.84261
1.84234
1.84204
1.84172
1.84137
1.84099
1.84059
1.84016
1.83971
1.83923
1.83873
1.83821
1.83767
1.8371
1.83652
1.83591
1.83529
1.83465
1.834
1.83333
1.83265
1.83196
1.83126
1.83055
1.82983
1.82911
1.82839
1.82767
1.82695
1.82623
1.82551
1.8248
1.82411
1.82342
1.82274
1.82208
1.82144
1.82082
1.82021
1.81963
1.81908
1.81855
1.81805
1.81758
1.81714
1.81673
1.81636
1.81602
1.81572
1.81546
1.81523
1.81505
1.8149
1.8148
1.81474
1.81472
1.81474
1.8148
1.81491
1.81505
1.81524
1.81546
1.81573
1.81603
1.81638
1.81676
1.81717
1.81762
1.8181
1.81862
1.81917
1.81974
1.82034
1.82097
1.82163
1.8223
1.823
1.82372
1.82446
1.82521
1.82597
1.82675
1.82755
1.82835
1.82916
1.82997
1.8308
1.83162
1.83245
1.83328
1.8341
1.83493
1.83575
1.83657
1.83738
1.83818
1.83898
1.83977
1.84055
1.84131
1.84207
1.84281
1.84353
1.84425
1.84494
1.84562
1.84628
1.84693
1.84756
1.84816
1.84875
1.84932
1.84986
1.85039
1.85089
1.85137
1.85182
1.85226
1.85266
1.85305
1.85341
1.85374
1.85405
1.85434
1.8546
1.85483
1.85503
1.85521
1.85536
1.85549
1.85558
1.85565
1.85569
1.85571
1.85569
1.85565
1.85558
1.85547
1.85534
1.85519
1.855
1.85478
1.85454
1.85426
1.85396
1.85363
1.85327
1.85287
1.85246
1.85201
1.85153
1.85103
1.85049
1.84993
1.84934
1.84872
1.84807
1.8474
1.8467
1.84597
1.84522
1.84444
1.84363
1.8428
1.84195
1.84107
1.84016
1.83924
1.83829
1.83732
1.83632
1.83531
1.83428
1.83322
1.83215
1.83106
1.82996
1.82884
1.8277
1.82655
1.82539
1.82421
1.82303
1.82183
1.82063
1.81942
1.81821
1.81699
1.81576
1.81454
1.81331
1.81209
1.81086
1.80964
1.80843
1.80722
1.80602
1.80483
1.80365
1.80248
1.80133
1.80019
1.79907
1.79797
1.79688
1.79582
1.79478
1.79377
1.79278
1.79182
1.79088
1.78998
1.78911
1.78827
1.78746
1.78669
1.78595
1.78525
1.78458
1.78396
1.78337
1.78283
1.78232
1.78186
1.78144
1.78106
1.78073
1.78044
1.78019
1.77999
1.77983
1.77971
1.77964
1.77962
1.77964
1.7797
1.77981
1.77996
1.78015
1.78038
1.78066
1.78098
1.78134
1.78174
1.78217
1.78265
1.78316
1.7837
1.78429
1.7849
1.78555
1.78623
1.78694
1.78768
1.78844
1.78923
1.79005
1.79089
1.79175
1.79263
1.79354
1.79446
1.79539
1.79634
1.79731
1.79828
1.79927
1.80027
1.80128
1.80229
1.80331
1.80433
1.80536
1.80638
1.80741
1.80844
1.80947
1.81049
1.81151
1.81253
1.81354
1.81454
1.81554
1.81653
1.81751
1.81848
1.81945
1.8204
1.82134
1.82226
1.82318
1.82408
1.82497
1.82585
1.82671
1.82756
1.82839
1.82921
1.83001
1.8308
1.83157
1.83233
1.83307
1.8338
1.83451
1.83521
1.83589
1.83655
1.8372
1.83784
1.83845
1.83906
1.83965
1.84022
1.84078
1.84133
1.84186
1.84238
1.84288
1.84337
1.84385
1.84431
1.84476
1.8452
1.84563
1.84604
1.84644
1.84684
1.84721
1.84758
1.84794
1.84829
1.84863
1.84895
1.84927
1.84958
1.84988
1.85017
1.85045
1.85072
1.85098
1.85124
1.85149
1.85173
1.85196
1.85218
1.8524
1.85261
1.85282
1.85301
1.8532
1.85339
1.85357
1.85374
1.85391
1.85407
1.85422
1.85437
1.85452
1.85466
1.85479
1.85492
1.85505
1.85517
1.85529
1.8554
1.8555
1.85561
1.85571
1.8558
1.85589
1.85598
1.85606
1.85614
1.85622
1.85629
1.85636
1.85642
1.85648
1.85654
1.85659
1.85665
1.85669
1.85674
1.85678
1.85682
1.85686
1.85689
1.85692
1.85695
1.85698
1.857
1.85702
1.85704
1.85705
1.85707
1.85708
1.85709
1.85709
1.8571
1.8571
1.8571
1.8571
1.8571
1.85709
1.85709
1.85708
1.85707
1.85706
1.85704
1.85703
1.85701
1.85699
1.85698
1.85696
1.85693
1.85691
1.85689
1.85686
1.85684
1.85681
1.85679
1.85676
1.85673
1.8567
1.85667
1.85664
1.85661
1.85658
1.85655
1.85652
1.85649
1.85645
1.85642
1.85639
1.85636
1.85633
1.8563
1.85626
1.85623
1.8562
1.85617
1.85614
1.85611
1.85608
1.85605
1.85602
1.856
1.85597
1.85594
1.85592
1.85589
1.85587
1.85585
1.85583
1.8558
1.85579
1.85577
1.85575
1.85573
1.85572
1.8557
1.85569
1.85568
1.85567
1.85566
1.85565
1.85565
1.85564
1.85564
1.8
1.8
1.8
1.80001
1.80001
1.80002
1.80003
1.80004
1.80005
1.80006
1.80008
1.8001
1.80011
1.80013
1.80016
1.80018
1.80021
1.80023
1.80026
1.80029
1.80032
1.80036
1.80039
1.80043
1.80047
1.80051
1.80055
1.80059
1.80064
1.80068
1.80073
1.80078
1.80083
1.80088
1.80093
1.80098
1.80104
1.80109
1.80115
1.80121
1.80126
1.80132
1.80138
1.80144
1.80151
1.80157
1.80163
1.80169
1.80176
1.80182
1.80188
1.80195
1.80201
1.80208
1.80214
1.8022
1.80227
1.80233
1.80239
1.80246
1.80252
1.80258
1.80264
1.80269
1.80275
1.80281
1.80286
1.80292
1.80297
1.80302
1.80307
1.80311
1.80315
1.8032
1.80324
1.80327
1.8033
1.80334
1.80336
1.80339
1.80341
1.80343
1.80344
1.80345
1.80346
1.80346
1.80346
1.80345
1.80344
1.80342
1.8034
1.80337
1.80334
1.8033
1.80325
1.8032
1.80315
1.80308
1.80301
1.80294
1.80285
1.80276
1.80266
1.80255
1.80244
1.80232
1.80218
1.80204
1.80189
1.80174
1.80157
1.80139
1.8012
1.80101
1.8008
1.80058
1.80035
1.80012
1.79987
1.7996
1.79933
1.79905
1.79875
1.79844
1.79812
1.79779
1.79745
1.79709
1.79672
1.79634
1.79594
1.79553
1.79511
1.79468
1.79423
1.79377
1.79329
1.79281
1.7923
1.79179
1.79126
1.79072
1.79017
1.78961
1.78903
1.78844
1.78783
1.78722
1.78659
1.78596
1.78531
1.78465
1.78398
1.7833
1.78261
1.78192
1.78121
1.7805
1.77978
1.77905
1.77832
1.77759
1.77684
1.7761
1.77535
1.77461
1.77386
1.77311
1.77236
1.77161
1.77087
1.77013
1.76939
1.76866
1.76794
1.76722
1.76652
1.76582
1.76513
1.76446
1.7638
1.76315
1.76252
1.7619
1.7613
1.76072
1.76015
1.75961
1.75908
1.75858
1.75809
1.75763
1.75719
1.75678
1.75639
1.75602
1.75568
1.75536
1.75506
1.75479
1.75455
1.75433
1.75414
1.75397
1.75383
1.75371
1.75362
1.75355
1.75351
1.75349
1.75349
1.75351
1.75356
1.75363
1.75372
1.75382
1.75395
1.7541
1.75426
1.75444
1.75464
1.75485
1.75508
1.75532
1.75558
1.75584
1.75612
1.75641
1.75671
1.75701
1.75733
1.75765
1.75798
1.75831
1.75865
1.759
1.75934
1.75969
1.76005
1.7604
1.76076
1.76112
1.76147
1.76183
1.76219
1.76254
1.7629
1.76325
1.7636
1.76394
1.76429
1.76463
1.76497
1.7653
1.76563
1.76595
1.76627
1.76659
1.7669
1.76721
1.76751
1.76781
1.7681
1.76839
1.76867
1.76895
1.76922
1.76949
1.76975
1.77001
1.77026
1.77051
1.77075
1.77098
1.77122
1.77144
1.77166
1.77188
1.77209
1.7723
1.7725
1.77269
1.77289
1.77307
1.77325
1.77343
1.7736
1.77377
1.77394
1.7741
1.77425
1.7744
1.77455
1.77469
1.77483
1.77496
1.77509
1.77521
1.77533
1.77545
1.77556
1.77567
1.77577
1.77587
1.77597
1.77606
1.77614
1.77623
1.77631
1.77638
1.77645
1.77652
1.77658
1.77664
1.77669
1.77674
1.77679
1.77683
1.77686
1.7769
1.77693
1.77695
1.77697
1.77699
1.777
1.77701
1.77701
1.77702
1.77701
1.777
1.77699
1.77698
1.77696
1.77693
1.7769
1.77687
1.77684
1.7768
1.77675
1.77671
1.77665
1.7766
1.77654
1.77648
1.77641
1.77634
1.77627
1.77619
1.77611
1.77603
1.77594
1.77585
1.77576
1.77566
1.77556
1.77546
1.77535
1.77524
1.77513
1.77502
1.7749
1.77478
1.77466
1.77454
1.77441
1.77428
1.77415
1.77402
1.77388
1.77375
1.77361
1.77347
1.77333
1.77319
1.77304
1.7729
1.77276
1.77261
1.77246
1.77232
1.77217
1.77202
1.77187
1.77173
1.77158
1.77143
1.77129
1.77114
1.771
1.77086
1.77072
1.77058
1.77044
1.7703
1.77017
1.77003
1.76991
1.76978
1.76966
1.76953
1.76942
1.7693
1.76919
1.76909
1.76898
1.76889
1.76879
1.76871
1.76862
1.76854
1.76847
1.7684
1.76834
1.76828
1.76823
1.76819
1.76815
1.76812
1.7681
1.76808
1.76807
1.76806
1.76807
1.76808
1.76809
1.76812
1.76815
1.76819
1.76824
1.7683
1.76836
1.76843
1.76851
1.7686
1.7687
1.7688
1.76891
1.76903
1.76915
1.76929
1.76943
1.76958
1.76973
1.76989
1.77006
1.77024
1.77042
1.77061
1.7708
1.77101
1.77121
1.77143
1.77164
1.77187
1.7721
1.77233
1.77257
1.77281
1.77305
1.7733
1.77356
1.77381
1.77407
1.77433
1.7746
1.77486
1.77513
1.7754
1.77567
1.77594
1.77621
1.77648
1.77675
1.77702
1.7773
1.77757
1.77784
1.7781
1.77837
1.77864
1.7789
1.77916
1.77942
1.77967
1.77993
1.78018
1.78042
1.78067
1.78091
1.78114
1.78137
1.7816
1.78182
1.78204
1.78226
1.78247
1.78267
1.78287
1.78306
1.78325
1.78344
1.78362
1.78379
1.78396
1.78412
1.78428
1.78443
1.78457
1.78471
1.78484
1.78497
1.78509
1.7852
1.78531
1.78541
1.78551
1.7856
1.78568
1.78576
1.78583
1.78589
1.78595
1.78601
1.78605
1.78609
1.78613
1.78615
1.78617
1.78619
1.7862
1.7862
1.7862
1.78619
1.78617
1.78615
1.78613
1.78609
1.78605
1.78601
1.78596
1.7859
1.78584
1.78577
1.7857
1.78562
1.78553
1.78544
1.78534
1.78524
1.78514
1.78502
1.78491
1.78478
1.78466
1.78452
1.78438
1.78424
1.78409
1.78394
1.78378
1.78362
1.78345
1.78328
1.7831
1.78292
1.78273
1.78254
1.78235
1.78215
1.78195
1.78174
1.78153
1.78132
1.7811
1.78088
1.78065
1.78042
1.78019
1.77995
1.77971
1.77947
1.77922
1.77898
1.77872
1.77847
1.77821
1.77795
1.77769
1.77743
1.77716
1.77689
1.77662
1.77634
1.77607
1.77579
1.77551
1.77523
1.77495
1.77467
1.77439
1.7741
1.77382
1.77353
1.77324
1.77296
1.77267
1.77238
1.77209
1.7718
1.77151
1.77123
1.77094
1.77065
1.77036
1.77008
1.76979
1.76951
1.76922
1.76894
1.76866
1.76838
1.7681
1.76783
1.76755
1.76728
1.76701
1.76674
1.76648
1.76621
1.76595
1.76569
1.76544
1.76518
1.76493
1.76468
1.76444
1.7642
1.76396
1.76373
1.7635
1.76327
1.76304
1.76282
1.76261
1.7624
1.76219
1.76198
1.76178
1.76159
1.7614
1.76121
1.76103
1.76085
1.76067
1.7605
1.76034
1.76018
1.76003
1.75988
1.75973
1.75959
1.75946
1.75933
1.7592
1.75908
1.75897
1.75886
1.75876
1.75866
1.75857
1.75848
1.7584
1.75832
1.75825
1.75818
1.75812
1.75807
1.75802
1.75798
1.75794
1.75791
1.75788
1.75786
1.75785
1.75784
1.75784
1.75784
1.75785
1.75786
1.75788
1.75791
1.75794
1.75798
1.75803
1.75807
1.75813
1.75819
1.75826
1.75833
1.75841
1.75849
1.75858
1.75868
1.75878
1.75889
1.759
1.75912
1.75924
1.75937
1.75951
1.75965
1.7598
1.75995
1.7601
1.76027
1.76043
1.76061
1.76078
1.76097
1.76116
1.76135
1.76155
1.76175
1.76196
1.76217
1.76239
1.76261
1.76283
1.76307
1.7633
1.76354
1.76378
1.76403
1.76428
1.76454
1.7648
1.76506
1.76533
1.7656
1.76587
1.76615
1.76643
1.76671
1.76699
1.76728
1.76757
1.76787
1.76816
1.76846
1.76876
1.76906
1.76937
1.76967
1.76998
1.77029
1.7706
1.77091
1.77122
1.77153
1.77184
1.77216
1.77247
1.77278
1.7731
1.77341
1.77372
1.77403
1.77434
1.77465
1.77496
1.77527
1.77557
1.77588
1.77618
1.77648
1.77677
1.77706
1.77735
1.77764
1.77793
1.77821
1.77848
1.77875
1.77902
1.77929
1.77954
1.7798
1.78005
1.78029
1.78053
1.78076
1.78098
1.7812
1.78141
1.78162
1.78181
1.782
1.78219
1.78236
1.78253
1.78269
1.78283
1.78298
1.78311
1.78323
1.78334
1.78344
1.78353
1.78362
1.78369
1.78375
1.7838
1.78383
1.78386
1.78387
1.78387
1.78386
1.78384
1.7838
1.78376
1.78369
1.78362
1.78353
1.78343
1.78331
1.78318
1.78303
1.78287
1.7827
1.78251
1.7823
1.78208
1.78185
1.78159
1.78133
1.78105
1.78075
1.78044
1.78011
1.77976
1.7794
1.77903
1.77863
1.77823
1.7778
1.77736
1.77691
1.77644
1.77595
1.77545
1.77494
1.77441
1.77386
1.7733
1.77273
1.77215
1.77155
1.77093
1.77031
1.76967
1.76902
1.76836
1.76769
1.76701
1.76632
1.76562
1.76492
1.7642
1.76348
1.76275
1.76202
1.76128
1.76053
1.75979
1.75904
1.75828
1.75753
1.75678
1.75603
1.75528
1.75453
1.75378
1.75304
1.7523
1.75157
1.75085
1.75014
1.74943
1.74873
1.74804
1.74737
1.7467
1.74605
1.74541
1.74479
1.74418
1.74359
1.74301
1.74245
1.74191
1.74138
1.74088
1.74039
1.73992
1.73948
1.73905
1.73865
1.73827
1.73791
1.73757
1.73725
1.73696
1.73668
1.73644
1.73621
1.73601
1.73583
1.73567
1.73553
1.73542
1.73533
1.73526
1.73522
1.7352
1.73519
1.73522
1.73526
1.73532
1.7354
1.73551
1.73563
1.73578
1.73594
1.73613
1.73633
1.73655
1.73679
1.73704
1.73731
1.7376
1.73791
1.73823
1.73856
1.73891
1.73928
1.73966
1.74005
1.74045
1.74087
1.7413
1.74174
1.74219
1.74265
1.74312
1.7436
1.74409
1.74458
1.74509
1.7456
1.74612
1.74664
1.74717
1.7477
1.74824
1.74879
1.74933
1.74988
1.75044
1.75099
1.75155
1.75211
1.75266
1.75322
1.75378
1.75434
1.7549
1.75546
1.75601
1.75656
1.75712
1.75766
1.75821
1.75875
1.75929
1.75983
1.76036
1.76089
1.76141
1.76193
1.76244
1.76295
1.76346
1.76396
1.76445
1.76494
1.76542
1.7659
1.76637
1.76684
1.7673
1.79999
1.80044
1.80087
1.80131
1.80174
1.80216
1.80257
1.80299
1.80339
1.80379
1.80418
1.80457
1.80496
1.80533
1.80571
1.80608
1.80644
1.8068
1.80715
1.8075
1.80785
1.80819
1.80852
1.80885
1.80918
1.8095
1.80982
1.81014
1.81045
1.81076
1.81106
1.81136
1.81165
1.81195
1.81223
1.81252
1.8128
1.81307
1.81335
1.81361
1.81388
1.81414
1.81439
1.81465
1.81489
1.81514
1.81538
1.81561
1.81584
1.81606
1.81628
1.8165
1.8167
1.81691
1.81711
1.8173
1.81748
1.81766
1.81784
1.818
1.81816
1.81832
1.81846
1.8186
1.81873
1.81886
1.81897
1.81908
1.81918
1.81927
1.81935
1.81942
1.81949
1.81954
1.81959
1.81962
1.81965
1.81966
1.81966
1.81966
1.81964
1.81962
1.81958
1.81953
1.81947
1.8194
1.81932
1.81922
1.81912
1.819
1.81888
1.81874
1.81859
1.81842
1.81825
1.81806
1.81787
1.81766
1.81744
1.81721
1.81697
1.81672
1.81646
1.81618
1.8159
1.81561
1.8153
1.81499
1.81467
1.81434
1.814
1.81365
1.81329
1.81293
1.81256
1.81218
1.8118
1.81141
1.81101
1.81061
1.81021
1.8098
1.80938
1.80897
1.80855
1.80813
1.80771
1.80729
1.80687
1.80645
1.80602
1.80561
1.80519
1.80477
1.80436
1.80395
1.80355
1.80315
1.80275
1.80236
1.80198
1.8016
1.80123
1.80086
1.80051
1.80016
1.79982
1.79949
1.79916
1.79885
1.79854
1.79825
1.79796
1.79768
1.79742
1.79716
1.79692
1.79668
1.79645
1.79624
1.79603
1.79584
1.79565
1.79548
1.79531
1.79516
1.79501
1.79487
1.79474
1.79463
1.79452
1.79442
1.79432
1.79424
1.79416
1.79409
1.79403
1.79398
1.79393
1.79389
1.79386
1.79383
1.79381
1.7938
1.79379
1.79379
1.79379
1.7938
1.79381
1.79382
1.79385
1.79387
1.7939
1.79393
1.79397
1.79401
1.79406
1.79411
1.79416
1.79421
1.79427
1.79433
1.79439
1.79446
1.79452
1.79459
1.79466
1.79474
1.79481
1.79489
1.79497
1.79505
1.79513
1.79522
1.7953
1.79539
1.79548
1.79556
1.79565
1.79574
1.79583
1.79592
1.79601
1.7961
1.79619
1.79628
1.79637
1.79646
1.79655
1.79664
1.79672
1.79681
1.79689
1.79698
1.79706
1.79714
1.79722
1.79729
1.79737
1.79744
1.79751
1.79757
1.79764
1.7977
1.79776
1.79782
1.79787
1.79792
1.79796
1.79801
1.79805
1.79808
1.79811
1.79814
1.79817
1.79819
1.7982
1.79822
1.79823
1.79823
1.79823
1.79823
1.79822
1.79821
1.7982
1.79818
1.79815
1.79812
1.79809
1.79805
1.79801
1.79797
1.79792
1.79787
1.79781
1.79775
1.79768
1.79762
1.79754
1.79747
1.79739
1.7973
1.79721
1.79712
1.79703
1.79693
1.79683
1.79672
1.79662
1.79651
1.79639
1.79627
1.79615
1.79603
1.7959
1.79578
1.79565
1.79551
1.79538
1.79524
1.7951
1.79496
1.79481
1.79466
1.79452
1.79437
1.79422
1.79406
1.79391
1.79375
1.7936
1.79344
1.79328
1.79312
1.79296
1.7928
1.79264
1.79248
1.79232
1.79216
1.792
1.79184
1.79168
1.79152
1.79136
1.7912
1.79104
1.79089
1.79073
1.79058
1.79042
1.79027
1.79012
1.78998
1.78983
1.78969
1.78955
1.78941
1.78928
1.78915
1.78902
1.78889
1.78877
1.78865
1.78853
1.78842
1.78831
1.78821
1.78811
1.78801
1.78792
1.78783
1.78775
1.78767
1.7876
1.78753
1.78747
1.78741
1.78736
1.78732
1.78727
1.78724
1.78721
1.78718
1.78717
1.78715
1.78715
1.78715
1.78715
1.78716
1.78718
1.78721
1.78724
1.78727
1.78731
1.78736
1.78742
1.78748
1.78754
1.78762
1.7877
1.78778
1.78787
1.78797
1.78807
1.78818
1.7883
1.78841
1.78854
1.78867
1.78881
1.78895
1.7891
1.78925
1.7894
1.78957
1.78973
1.7899
1.79008
1.79026
1.79044
1.79063
1.79082
1.79102
1.79121
1.79142
1.79162
1.79183
1.79204
1.79226
1.79247
1.79269
1.79292
1.79314
1.79337
1.79359
1.79382
1.79406
1.79429
1.79452
1.79476
1.79499
1.79523
1.79547
1.79571
1.79595
1.79619
1.79643
1.79666
1.7969
1.79714
1.79738
1.79762
1.79786
1.7981
1.79833
1.79857
1.7988
1.79904
1.79927
1.7995
1.79973
1.79996
1.80018
1.80041
1.80063
1.80085
1.80107
1.80129
1.80151
1.80172
1.80194
1.80215
1.80235
1.80256
1.80276
1.80296
1.80316
1.80336
1.80355
1.80375
1.80394
1.80412
1.80431
1.80449
1.80467
1.80485
1.80502
1.8052
1.80537
1.80553
1.8057
1.80586
1.80602
1.80618
1.80633
1.80648
1.80663
1.80678
1.80692
1.80707
1.8072
1.80734
1.80748
1.80761
1.80774
1.80786
1.80799
1.80811
1.80823
1.80835
1.80846
1.80858
1.80869
1.80879
1.8089
1.809
1.80911
1.8092
1.8093
1.8094
1.80949
1.80958
1.80967
1.80975
1.80984
1.80992
1.81
1.81008
1.81015
1.81023
1.8103
1.81037
1.81044
1.81051
1.81057
1.81063
1.8107
1.81075
1.81081
1.81087
1.81092
1.81097
1.81103
1.81107
1.81112
1.81117
1.81121
1.81126
1.8113
1.81134
1.81137
1.81141
1.81145
1.81148
1.81151
1.81154
1.81157
1.8116
1.81162
1.81165
1.81167
1.81169
1.81172
1.81173
1.81175
1.81177
1.81178
1.8118
1.81181
1.81182
1.81183
1.81184
1.81185
1.81185
1.81186
1.81186
1.81186
1.81187
1.81187
1.81186
1.81186
1.81186
1.81185
1.81184
1.81184
1.81183
1.81182
1.81181
1.81179
1.81178
1.81176
1.81175
1.81173
1.81171
1.81169
1.81166
1.81164
1.81162
1.81159
1.81156
1.81153
1.8115
1.81147
1.81144
1.8114
1.81137
1.81133
1.81129
1.81125
1.81121
1.81116
1.81112
1.81107
1.81102
1.81097
1.81092
1.81087
1.81081
1.81075
1.8107
1.81064
1.81057
1.81051
1.81045
1.81038
1.81031
1.81024
1.81017
1.81009
1.81001
1.80994
1.80986
1.80977
1.80969
1.8096
1.80952
1.80942
1.80933
1.80924
1.80914
1.80904
1.80894
1.80884
1.80873
1.80863
1.80852
1.8084
1.80829
1.80817
1.80805
1.80793
1.80781
1.80768
1.80756
1.80743
1.80729
1.80716
1.80702
1.80688
1.80674
1.8066
1.80645
1.8063
1.80615
1.806
1.80584
1.80568
1.80552
1.80536
1.8052
1.80503
1.80486
1.80469
1.80452
1.80434
1.80416
1.80399
1.80381
1.80362
1.80344
1.80325
1.80307
1.80288
1.80269
1.80249
1.8023
1.80211
1.80191
1.80171
1.80151
1.80131
1.80111
1.80091
1.80071
1.80051
1.80031
1.8001
1.7999
1.7997
1.79949
1.79929
1.79909
1.79888
1.79868
1.79848
1.79828
1.79808
1.79788
1.79768
1.79748
1.79729
1.79709
1.7969
1.79671
1.79652
1.79633
1.79615
1.79597
1.79579
1.79561
1.79543
1.79526
1.79509
1.79493
1.79476
1.7946
1.79445
1.79429
1.79414
1.794
1.79386
1.79372
1.79358
1.79345
1.79333
1.79321
1.79309
1.79298
1.79287
1.79276
1.79266
1.79257
1.79248
1.79239
1.79231
1.79223
1.79216
1.7921
1.79203
1.79198
1.79192
1.79187
1.79183
1.79179
1.79176
1.79173
1.7917
1.79168
1.79166
1.79165
1.79164
1.79164
1.79164
1.79165
1.79166
1.79167
1.79169
1.79171
1.79173
1.79176
1.79179
1.79183
1.79187
1.79191
1.79195
1.792
1.79205
1.79211
1.79216
1.79222
1.79229
1.79235
1.79242
1.79249
1.79256
1.79263
1.79271
1.79279
1.79287
1.79295
1.79303
1.79312
1.7932
1.79329
1.79338
1.79347
1.79356
1.79366
1.79375
1.79384
1.79394
1.79404
1.79414
1.79423
1.79433
1.79443
1.79453
1.79463
1.79473
1.79484
1.79494
1.79504
1.79514
1.79525
1.79535
1.79545
1.79556
1.79566
1.79576
1.79587
1.79597
1.79608
1.79618
1.79628
1.79639
1.79649
1.7966
1.7967
1.7968
1.79691
1.79701
1.79711
1.79722
1.79732
1.79742
1.79753
1.79763
1.79773
1.79783
1.79794
1.79804
1.79814
1.79824
1.79834
1.79844
1.79854
1.79864
1.79874
1.79884
1.79894
1.79904
1.79914
1.79923
1.79933
1.79943
1.79952
1.79962
1.79972
1.79981
1.79991
1.8
1.80009
1.80019
1.80028
1.80037
1.80046
1.80055
1.80064
1.80073
1.80082
1.80091
1.80099
1.80108
1.80117
1.80125
1.80133
1.80142
1.8015
1.80158
1.80166
1.80174
1.80181
1.80189
1.80197
1.80204
1.80211
1.80218
1.80225
1.80232
1.80239
1.80245
1.80252
1.80258
1.80264
1.8027
1.80275
1.80281
1.80286
1.80291
1.80296
1.80301
1.80306
1.8031
1.80314
1.80318
1.80322
1.80325
1.80328
1.80331
1.80334
1.80336
1.80338
1.8034
1.80342
1.80343
1.80344
1.80345
1.80345
1.80346
1.80345
1.80345
1.80344
1.80343
1.80342
1.8034
1.80338
1.80336
1.80333
1.8033
1.80326
1.80323
1.80319
1.80314
1.80309
1.80304
1.80299
1.80293
1.80287
1.8028
1.80273
1.80266
1.80258
1.8025
1.80241
1.80233
1.80223
1.80214
1.80204
1.80194
1.80183
1.80172
1.80161
1.8015
1.80138
1.80125
1.80113
1.801
1.80086
1.80073
1.80059
1.80045
1.8003
1.80016
1.80001
1.79985
1.7997
1.79954
1.79938
1.79921
1.79905
1.79888
1.79871
1.79854
1.79837
1.79819
1.79802
1.79784
1.79766
1.79748
1.79729
1.79711
1.79693
1.79674
1.79656
1.79637
1.79618
1.79599
1.79581
1.79562
1.79543
1.79524
1.79506
1.79487
1.79468
1.7945
1.79431
1.79413
1.79394
1.79376
1.79358
1.7934
1.79322
1.79304
1.79287
1.79269
1.79252
1.79235
1.79218
1.79202
1.79185
1.79169
1.79153
1.79138
1.79122
1.79107
1.79092
1.79077
1.79063
1.79049
1.8
1.79987
1.79974
1.79961
1.79949
1.79937
1.79926
1.79915
1.79904
1.79893
1.79883
1.79873
1.79864
1.79855
1.79846
1.79838
1.7983
1.79822
1.79815
1.79808
1.79801
1.79795
1.79789
1.79783
1.79778
1.79773
1.79768
1.79764
1.7976
1.79756
1.79753
1.7975
1.79747
1.79745
1.79742
1.7974
1.79739
1.79737
1.79736
1.79735
1.79735
1.79734
1.79734
1.79734
1.79734
1.79734
1.79735
1.79735
1.79736
1.79737
1.79738
1.79739
1.7974
1.79741
1.79742
1.79744
1.79745
1.79746
1.79748
1.79749
1.7975
1.79751
1.79753
1.79754
1.79755
1.79756
1.79757
1.79758
1.79758
1.79759
1.79759
1.7976
1.7976
1.7976
1.7976
1.79759
1.79759
1.79758
1.79757
1.79756
1.79755
1.79754
1.79752
1.7975
1.79748
1.79746
1.79743
1.7974
1.79737
1.79734
1.79731
1.79727
1.79723
1.79719
1.79715
1.79711
1.79706
1.79701
1.79696
1.79691
1.79686
1.7968
1.79674
1.79668
1.79662
1.79656
1.7965
1.79643
1.79636
1.7963
1.79623
1.79616
1.79608
1.79601
1.79594
1.79586
1.79579
1.79571
1.79563
1.79555
1.79548
1.7954
1.79532
1.79524
1.79516
1.79508
1.795
1.79492
1.79483
1.79475
1.79467
1.79459
1.79451
1.79443
1.79435
1.79427
1.7942
1.79412
1.79404
1.79397
1.79389
1.79382
1.79374
1.79367
1.7936
1.79353
1.79346
1.7934
1.79333
1.79327
1.79321
1.79315
1.79309
1.79304
1.79298
1.79293
1.79288
1.79283
1.79279
1.79275
1.79271
1.79267
1.79263
1.7926
1.79257
1.79254
1.79252
1.7925
1.79248
1.79246
1.79244
1.79243
1.79242
1.79242
1.79241
1.79241
1.79241
1.79241
1.79242
1.79243
1.79244
1.79245
1.79246
1.79248
1.79249
1.79251
1.79253
1.79256
1.79258
1.7926
1.79263
1.79265
1.79268
1.79271
1.79274
1.79276
1.79279
1.79282
1.79285
1.79288
1.7929
1.79293
1.79296
1.79298
1.79301
1.79303
1.79305
1.79307
1.79309
1.79311
1.79312
1.79314
1.79315
1.79316
1.79317
1.79317
1.79318
1.79318
1.79318
1.79318
1.79318
1.79317
1.79316
1.79316
1.79315
1.79313
1.79312
1.7931
1.79309
1.79307
1.79305
1.79303
1.79301
1.79299
1.79297
1.79295
1.79293
1.79291
1.79289
1.79287
1.79285
1.79283
1.79281
1.7928
1.79278
1.79277
1.79276
1.79276
1.79275
1.79275
1.79276
1.79277
1.79278
1.79279
1.79281
1.79284
1.79287
1.7929
1.79294
1.79299
1.79304
1.7931
1.79317
1.79324
1.79332
1.79341
1.79351
1.79361
1.79372
1.79384
1.79397
1.7941
1.79424
1.7944
1.79456
1.79473
1.79491
1.7951
1.7953
1.7955
1.79572
1.79594
1.79618
1.79642
1.79668
1.79694
1.79721
1.79749
1.79778
1.79808
1.79839
1.7987
1.79903
1.79936
1.7997
1.80005
1.80041
1.80077
1.80114
1.80152
1.8019
1.80229
1.80269
1.80309
1.80349
1.8039
1.80432
1.80474
1.80516
1.80559
1.80602
1.80646
1.80689
1.80733
1.80777
1.80821
1.80865
1.80909
1.80953
1.80996
1.8104
1.81084
1.81127
1.8117
1.81213
1.81256
1.81298
1.8134
1.81382
1.81422
1.81463
1.81503
1.81542
1.81581
1.81619
1.81656
1.81693
1.81729
1.81764
1.81798
1.81831
1.81864
1.81896
1.81926
1.81956
1.81985
1.82013
1.8204
1.82066
1.8209
1.82114
1.82137
1.82158
1.82179
1.82198
1.82216
1.82233
1.82249
1.82263
1.82277
1.82289
1.823
1.8231
1.82318
1.82326
1.82332
1.82337
1.82341
1.82343
1.82344
1.82345
1.82343
1.82341
1.82337
1.82332
1.82326
1.82319
1.82311
1.82301
1.8229
1.82278
1.82265
1.82251
1.82235
1.82219
1.82201
1.82182
1.82162
1.82141
1.82119
1.82096
1.82072
1.82047
1.82021
1.81994
1.81966
1.81938
1.81908
1.81878
1.81846
1.81814
1.81781
1.81748
1.81714
1.81679
1.81643
1.81607
1.8157
1.81533
1.81495
1.81456
1.81418
1.81379
1.81339
1.81299
1.81259
1.81219
1.81178
1.81138
1.81097
1.81056
1.81015
1.80974
1.80933
1.80892
1.80852
1.80811
1.80771
1.80731
1.80691
1.80651
1.80612
1.80574
1.80535
1.80498
1.8046
1.80424
1.80388
1.80352
1.80318
1.80283
1.8025
1.80218
1.80186
1.80155
1.80125
1.80095
1.80067
1.8004
1.80013
1.79988
1.79963
1.7994
1.79917
1.79896
1.79876
1.79857
1.79839
1.79822
1.79806
1.79791
1.79778
1.79766
1.79754
1.79744
1.79736
1.79728
1.79722
1.79717
1.79713
1.7971
1.79708
1.79708
1.79709
1.79711
1.79714
1.79718
1.79724
1.79731
1.79739
1.79748
1.79758
1.79769
1.79782
1.79796
1.7981
1.79826
1.79843
1.79861
1.7988
1.799
1.79921
1.79943
1.79967
1.79991
1.80016
1.80042
1.80068
1.80096
1.80125
1.80154
1.80184
1.80215
1.80247
1.8028
1.80313
1.80347
1.80382
1.80417
1.80453
1.80489
1.80526
1.80564
1.80601
1.8064
1.80679
1.80718
1.80757
1.80797
1.80837
1.80878
1.80918
1.80959
1.81
1.81041
1.81082
1.81123
1.81164
1.81206
1.81247
1.81288
1.81328
1.81369
1.8141
1.8145
1.8149
1.81529
1.81569
1.81607
1.81646
1.81684
1.81722
1.81759
1.81795
1.81831
1.81866
1.81901
1.81935
1.81968
1.82001
1.82033
1.82063
1.82094
1.82123
1.82151
1.82179
1.82205
1.82231
1.82255
1.82279
1.82301
1.82323
1.82343
1.82362
1.8238
1.82397
1.82413
1.82427
1.82441
1.82452
1.82463
1.82473
1.82481
1.82487
1.82493
1.82497
1.82499
1.82501
1.82501
1.82499
1.82496
1.82492
1.82486
1.82478
1.8247
1.82459
1.82448
1.82434
1.8242
1.82403
1.82386
1.82367
1.82346
1.82324
1.823
1.82275
1.82249
1.82221
1.82191
1.82161
1.82128
1.82095
1.8206
1.82024
1.81986
1.81947
1.81907
1.81866
1.81824
1.8178
1.81735
1.8169
1.81643
1.81595
1.81547
1.81497
1.81447
1.81396
1.81344
1.81292
1.81239
1.81185
1.81132
1.81077
1.81023
1.80968
1.80913
1.80858
1.80804
1.80749
1.80694
1.8064
1.80586
1.80533
1.8048
1.80428
1.80376
1.80325
1.80276
1.80227
1.80179
1.80132
1.80087
1.80042
1.79999
1.79958
1.79918
1.7988
1.79843
1.79808
1.79775
1.79744
1.79714
1.79687
1.79661
1.79637
1.79616
1.79596
1.79579
1.79564
1.7955
1.79539
1.7953
1.79523
1.79519
1.79516
1.79516
1.79517
1.79521
1.79526
1.79534
1.79544
1.79555
1.79568
1.79583
1.796
1.79619
1.79639
1.79661
1.79684
1.79709
1.79735
1.79762
1.79791
1.79821
1.79852
1.79884
1.79917
1.79951
1.79986
1.80022
1.80058
1.80095
1.80132
1.8017
1.80209
1.80247
1.80287
1.80326
1.80366
1.80405
1.80445
1.80485
1.80525
1.80565
1.80604
1.80644
1.80683
1.80722
1.80761
1.808
1.80838
1.80876
1.80913
1.8095
1.80987
1.81023
1.81059
1.81094
1.81128
1.81162
1.81196
1.81229
1.81261
1.81293
1.81324
1.81354
1.81384
1.81413
1.81442
1.8147
1.81497
1.81523
1.81549
1.81574
1.81598
1.81622
1.81645
1.81667
1.81689
1.81709
1.81729
1.81749
1.81767
1.81785
1.81802
1.81819
1.81834
1.81849
1.81863
1.81877
1.8189
1.81902
1.81913
1.81923
1.81933
1.81942
1.81951
1.81958
1.81965
1.81972
1.81977
1.81982
1.81986
1.8199
1.81992
1.81995
1.81996
1.81997
1.81997
1.81997
1.81996
1.81994
1.81992
1.81989
1.81986
1.81982
1.81978
1.81973
1.81968
1.81962
1.81956
1.8195
1.81943
1.81936
1.81928
1.8192
1.81912
1.81904
1.81895
1.81886
1.81877
1.81868
1.81858
1.81849
1.81839
1.81829
1.81819
1.81809
1.81799
1.81789
1.81779
1.81769
1.81759
1.81749
1.81739
1.81729
1.8172
1.8171
1.817
1.8169
1.81681
1.81671
1.81661
1.81652
1.81642
1.81633
1.81624
1.81614
1.81605
1.81595
1.81585
1.81576
1.81566
1.81556
1.81546
1.81536
1.81526
1.81515
1.81505
1.81494
1.81482
1.81471
1.81459
1.81447
1.81434
1.81421
1.81408
1.81394
1.81379
1.81365
1.81349
1.81334
1.81318
1.81301
1.81284
1.81266
1.81247
1.81229
1.81209
1.81189
1.81169
1.81148
1.81127
1.81105
1.81082
1.8106
1.81036
1.81013
1.80989
1.80964
1.8094
1.80915
1.80889
1.80864
1.80838
1.80813
1.80787
1.80761
1.80735
1.80709
1.80683
1.80657
1.80632
1.80606
1.80581
1.80556
1.80532
1.80507
1.80483
1.8046
1.80437
1.80414
1.80392
1.80371
1.8035
1.80329
1.80309
1.8029
1.80272
1.80254
1.80236
1.8022
1.80204
1.80189
1.80174
1.8016
1.80147
1.80134
1.80122
1.80111
1.801
1.8009
1.8008
1.80071
1.80063
1.80055
1.80047
1.8004
1.80034
1.80027
1.80022
1.80016
1.80011
1.80006
1.80002
1.79997
1.79993
1.7999
1.79986
1.79982
1.79979
1.79976
1.79973
1.79969
1.79966
1.79963
1.7996
1.79957
1.79954
1.79951
1.79948
1.79944
1.79941
1.79938
1.79934
1.79931
1.79927
1.79923
1.79919
1.79915
1.79911
1.79907
1.79903
1.79898
1.79894
1.79889
1.79884
1.7988
1.79875
1.7987
1.79864
1.79859
1.79854
1.79849
1.79843
1.79838
1.79832
1.79826
1.79821
1.79815
1.79809
1.79803
1.79797
1.79791
1.79784
1.79778
1.79772
1.79765
1.79759
1.79752
1.79745
1.79739
1.79732
1.79725
1.79718
1.79711
1.79703
1.79696
1.79689
1.79681
1.79674
1.79666
1.79658
1.7965
1.79642
1.79634
1.79626
1.79618
1.7961
1.79602
1.79593
1.79585
1.79576
1.79568
1.7956
1.79551
1.79543
1.79534
1.79526
1.79999
1.7999
1.7998
1.79971
1.79962
1.79953
1.79944
1.79936
1.79927
1.79919
1.79911
1.79903
1.79895
1.79888
1.79881
1.79874
1.79867
1.79861
1.79855
1.79849
1.79843
1.79838
1.79833
1.79828
1.79824
1.79819
1.79815
1.79812
1.79808
1.79805
1.79802
1.79799
1.79796
1.79794
1.79791
1.79789
1.79787
1.79785
1.79783
1.7978
1.79778
1.79776
1.79774
1.79771
1.79769
1.79766
1.79763
1.7976
1.79757
1.79753
1.79749
1.79745
1.7974
1.79735
1.7973
1.79724
1.79717
1.79711
1.79703
1.79696
1.79688
1.79679
1.7967
1.7966
1.7965
1.7964
1.79629
1.79617
1.79605
1.79593
1.79581
1.79568
1.79554
1.79541
1.79527
1.79513
1.79498
1.79484
1.79469
1.79455
1.7944
1.79426
1.79412
1.79397
1.79383
1.7937
1.79356
1.79343
1.79331
1.79319
1.79307
1.79297
1.79287
1.79277
1.79269
1.79261
1.79254
1.79248
1.79243
1.79239
1.79236
1.79234
1.79233
1.79233
1.79235
1.79237
1.79241
1.79246
1.79252
1.79259
1.79268
1.79277
1.79288
1.793
1.79313
1.79327
1.79342
1.79358
1.79375
1.79393
1.79412
1.79431
1.79452
1.79473
1.79495
1.79518
1.79541
1.79565
1.79589
1.79613
1.79638
1.79664
1.79689
1.79714
1.7974
1.79766
1.79791
1.79817
1.79842
1.79867
1.79892
1.79917
1.79941
1.79965
1.79988
1.80011
1.80033
1.80055
1.80076
1.80096
1.80116
1.80135
1.80153
1.8017
1.80187
1.80202
1.80217
1.80231
1.80245
1.80257
1.80268
1.80279
1.80288
1.80297
1.80305
1.80312
1.80318
1.80323
1.80327
1.8033
1.80333
1.80335
1.80336
1.80336
1.80335
1.80334
1.80332
1.80329
1.80326
1.80322
1.80318
1.80312
1.80307
1.803
1.80294
1.80286
1.80279
1.80271
1.80262
1.80254
1.80245
1.80236
1.80226
1.80216
1.80207
1.80197
1.80187
1.80177
1.80166
1.80156
1.80146
1.80136
1.80126
1.80117
1.80107
1.80098
1.80088
1.80079
1.80071
1.80062
1.80054
1.80046
1.80039
1.80032
1.80025
1.80019
1.80013
1.80007
1.80002
1.79998
1.79994
1.7999
1.79987
1.79985
1.79983
1.79982
1.79981
1.7998
1.79981
1.79981
1.79983
1.79984
1.79987
1.7999
1.79993
1.79997
1.80002
1.80007
1.80012
1.80018
1.80025
1.80032
1.80039
1.80048
1.80056
1.80065
1.80074
1.80084
1.80095
1.80105
1.80116
1.80128
1.8014
1.80152
1.80164
1.80177
1.8019
1.80204
1.80218
1.80232
1.80246
1.8026
1.80275
1.8029
1.80305
1.8032
1.80336
1.80351
1.80367
1.80383
1.80398
1.80414
1.8043
1.80446
1.80463
1.80479
1.80495
1.80511
1.80527
1.80543
1.80559
1.80575
1.80591
1.80607
1.80622
1.80638
1.80654
1.80669
1.80684
1.80699
1.80714
1.80729
1.80743
1.80757
1.80772
1.80785
1.80799
1.80812
1.80826
1.80838
1.80851
1.80863
1.80875
1.80887
1.80899
1.8091
1.80921
1.80931
1.80941
1.80951
1.8096
1.8097
1.80978
1.80987
1.80995
1.81002
1.81009
1.81016
1.81023
1.81029
1.81034
1.8104
1.81044
1.81049
1.81053
1.81056
1.81059
1.81062
1.81064
1.81066
1.81068
1.81069
1.81069
1.81069
1.81069
1.81068
1.81067
1.81065
1.81063
1.81061
1.81058
1.81054
1.81051
1.81047
1.81042
1.81037
1.81032
1.81026
1.8102
1.81013
1.81007
1.80999
1.80992
1.80984
1.80976
1.80967
1.80958
1.80949
1.8094
1.8093
1.8092
1.8091
1.80899
1.80889
1.80878
1.80867
1.80856
1.80845
1.80833
1.80822
1.8081
1.80798
1.80786
1.80775
1.80763
1.80751
1.80739
1.80727
1.80715
1.80704
1.80692
1.80681
1.8067
1.80658
1.80648
1.80637
1.80626
1.80616
1.80606
1.80596
1.80587
1.80578
1.80569
1.80561
1.80553
1.80545
1.80538
1.80531
1.80525
1.80519
1.80513
1.80508
1.80504
1.805
1.80496
1.80493
1.80491
1.80489
1.80488
1.80487
1.80487
1.80487
1.80488
1.8049
1.80492
1.80494
1.80497
1.80501
1.80505
1.8051
1.80515
1.80521
1.80528
1.80534
1.80542
1.8055
1.80558
1.80567
1.80576
1.80586
1.80596
1.80606
1.80617
1.80628
1.8064
1.80651
1.80663
1.80676
1.80688
1.80701
1.80714
1.80728
1.80741
1.80755
1.80768
1.80782
1.80796
1.80809
1.80823
1.80837
1.80851
1.80864
1.80878
1.80891
1.80904
1.80917
1.8093
1.80943
1.80955
1.80967
1.80979
1.80991
1.81002
1.81013
1.81023
1.81033
1.81042
1.81051
1.8106
1.81068
1.81075
1.81082
1.81089
1.81095
1.811
1.81104
1.81108
1.81112
1.81114
1.81116
1.81117
1.81118
1.81118
1.81117
1.81115
1.81112
1.81109
1.81105
1.811
1.81095
1.81088
1.81081
1.81073
1.81064
1.81054
1.81043
1.81032
1.8102
1.81006
1.80992
1.80978
1.80962
1.80945
1.80928
1.8091
1.80891
1.80871
1.8085
1.80828
1.80806
1.80782
1.80758
1.80733
1.80708
1.80681
1.80654
1.80626
1.80597
1.80567
1.80537
1.80506
1.80474
1.80441
1.80408
1.80374
1.8034
1.80305
1.80269
1.80232
1.80195
1.80157
1.80119
1.8008
1.8004
1.8
1.7996
1.79919
1.79877
1.79835
1.79792
1.79749
1.79706
1.79662
1.79617
1.79572
1.79527
1.79481
1.79435
1.79388
1.79341
1.79294
1.79246
1.79198
1.7915
1.79101
1.79052
1.79002
1.78952
1.78902
1.78852
1.78801
1.7875
1.78698
1.78646
1.78594
1.78542
1.78489
1.78437
1.78383
1.7833
1.78276
1.78223
1.78169
1.78114
1.7806
1.78005
1.77951
1.77896
1.77841
1.77787
1.77732
1.77677
1.77623
1.77568
1.77514
1.7746
1.77407
1.77353
1.77301
1.77248
1.77196
1.77145
1.77095
1.77045
1.76996
1.76948
1.76901
1.76856
1.76811
1.76768
1.76726
1.76686
1.76647
1.76609
1.76574
1.7654
1.76509
1.76479
1.76451
1.76426
1.76403
1.76382
1.76364
1.76348
1.76334
1.76324
1.76315
1.7631
1.76307
1.76308
1.76311
1.76316
1.76325
1.76337
1.76351
1.76369
1.76389
1.76412
1.76438
1.76466
1.76498
1.76532
1.76569
1.76608
1.7665
1.76694
1.76741
1.7679
1.76841
1.76894
1.76949
1.77006
1.77065
1.77126
1.77188
1.77252
1.77318
1.77384
1.77452
1.7752
1.7759
1.77661
1.77732
1.77804
1.77876
1.77949
1.78022
1.78095
1.78169
1.78242
1.78316
1.78389
1.78462
1.78534
1.78607
1.78678
1.78749
1.7882
1.7889
1.78959
1.79027
1.79094
1.79161
1.79226
1.7929
1.79354
1.79416
1.79477
1.79537
1.79595
1.79653
1.79709
1.79764
1.79818
1.7987
1.79921
1.7997
1.80018
1.80065
1.80111
1.80155
1.80197
1.80239
1.80278
1.80317
1.80354
1.8039
1.80424
1.80457
1.80488
1.80518
1.80547
1.80575
1.80601
1.80626
1.80649
1.80671
1.80692
1.80711
1.8073
1.80747
1.80762
1.80777
1.8079
1.80802
1.80813
1.80823
1.80831
1.80839
1.80845
1.8085
1.80854
1.80857
1.80859
1.8086
1.80859
1.80858
1.80856
1.80852
1.80848
1.80843
1.80836
1.80829
1.80821
1.80812
1.80802
1.80791
1.80779
1.80767
1.80753
1.80739
1.80724
1.80708
1.80691
1.80674
1.80656
1.80637
1.80617
1.80597
1.80575
1.80554
1.80531
1.80508
1.80484
1.80459
1.80434
1.80408
1.80382
1.80354
1.80327
1.80298
1.80269
1.8024
1.8021
1.80179
1.80148
1.80116
1.80084
1.80051
1.80018
1.79984
1.7995
1.79915
1.79879
1.79843
1.79807
1.7977
1.79733
1.79695
1.79657
1.79618
1.79579
1.7954
1.795
1.79459
1.79418
1.79377
1.79335
1.79293
1.79251
1.79208
1.79165
1.79121
1.79077
1.79033
1.78988
1.78943
1.78898
1.78852
1.78806
1.78759
1.78713
1.78666
1.78618
1.78571
1.78523
1.78475
1.78427
1.78378
1.78329
1.78281
1.78231
1.78182
1.78133
1.78083
1.78034
1.77984
1.77934
1.77884
1.77834
1.77785
1.77735
1.77685
1.77635
1.77586
1.77536
1.77487
1.77438
1.77389
1.7734
1.77291
1.77243
1.77195
1.77148
1.77101
1.77054
1.77008
1.76962
1.76917
1.76872
1.76828
1.76785
1.76742
1.767
1.76659
1.76618
1.76578
1.76539
1.76501
1.76464
1.76427
1.76392
1.76357
1.76324
1.76291
1.7626
1.7623
1.76201
1.76173
1.76146
1.7612
1.76096
1.76073
1.76051
1.7603
1.7601
1.75992
1.75975
1.7596
1.75946
1.75933
1.75921
1.75911
1.75902
1.75895
1.75889
1.75884
1.75881
1.75879
1.75878
1.75879
1.75881
1.75884
1.75889
1.75895
1.75902
1.7591
1.7592
1.75931
1.75943
1.75956
1.75971
1.75987
1.76003
1.76021
1.7604
1.7606
1.76081
1.76103
1.76126
1.7615
1.76175
1.76201
1.76228
1.76255
1.76283
1.76312
1.76342
1.76372
1.76403
1.76435
1.76467
1.765
1.76533
1.76567
1.76602
1.76636
1.76672
1.76707
1.76743
1.76779
1.76816
1.76853
1.7689
1.76927
1.76965
1.77002
1.7704
1.77078
1.77116
1.77154
1.77192
1.7723
1.77268
1.77306
1.77344
1.77381
1.77419
1.77457
1.77494
1.77531
1.77569
1.77606
1.77642
1.77679
1.77715
1.77751
1.77787
1.77823
1.77858
1.77893
1.77928
1.77963
1.77997
1.78031
1.78065
1.78098
1.78131
1.78164
1.78196
1.78228
1.7826
1.78291
1.78322
1.78353
1.78383
1.78414
1.78443
1.78473
1.78502
1.78531
1.7856
1.78588
1.78616
1.78644
1.78671
1.78699
1.78725
1.78752
1.78779
1.78805
1.78831
1.78856
1.78882
1.78907
1.78932
1.78957
1.78982
1.79006
1.7903
1.79054
1.79078
1.79102
1.79125
1.79149
1.79172
1.79195
1.79218
1.79241
1.79264
