1.2
1.2
1.2
1.2
1.2
1.2
1.2
1.2
1.2
1.2
1.2
1.2
1.2
1.2
1.2
1.2
1.20001
1.20001
1.20001
1.20001
1.20001
1.20001
1.20001
1.20001
1.20001
1.20001
1.20001
1.20002
1.20002
1.20002
1.20002
1.20002
1.20002
1.20002
1.20002
1.20003
1.20003
1.20003
1.20003
1.20003
1.20003
1.20004
1.20004
1.20004
1.20004
1.20004
1.20004
1.20005
1.20005
1.20005
1.20005
1.20006
1.20006
1.20006
1.20006
1.20006
1.20007
1.20007
1.20007
1.20007
1.20008
1.20008
1.20008
1.20008
1.20009
1.20009
1.20009
1.20009
1.2001
1.2001
1.2001
1.20011
1.20011
1.20011
1.20012
1.20012
1.20012
1.20013
1.20013
1.20013
1.20014
1.20014
1.20014
1.20015
1.20015
1.20015
1.20016
1.20016
1.20016
1.20017
1.20017
1.20017
1.20018
1.20018
1.20019
1.20019
1.20019
1.2002
1.2002
1.20021
1.20021
1.20022
1.20022
1.20022
1.20023
1.20023
1.20024
1.20024
1.20025
1.20025
1.20026
1.20026
1.20026
1.20027
1.20027
1.20028
1.20028
1.20029
1.20029
1.2003
1.2003
1.20031
1.20031
1.20032
1.20032
1.20033
1.20034
1.20034
1.20035
1.20035
1.20036
1.20036
1.20037
1.20037
1.20038
1.20038
1.20039
1.2004
1.2004
1.20041
1.20041
1.20042
1.20043
1.20043
1.20044
1.20044
1.20045
1.20046
1.20046
1.20047
1.20048
1.20048
1.20049
1.2005
1.2005
1.20051
1.20052
1.20052
1.20053
1.20054
1.20054
1.20055
1.20056
1.20056
1.20057
1.20058
1.20058
1.20059
1.2006
1.20061
1.20061
1.20062
1.20063
1.20064
1.20064
1.20065
1.20066
1.20067
1.20067
1.20068
1.20069
1.2007
1.2007
1.20071
1.20072
1.20073
1.20074
1.20074
1.20075
1.20076
1.20077
1.20078
1.20079
1.20079
1.2008
1.20081
1.20082
1.20083
1.20084
1.20085
1.20085
1.20086
1.20087
1.20088
1.20089
1.2009
1.20091
1.20092
1.20093
1.20094
1.20094
1.20095
1.20096
1.20097
1.20098
1.20099
1.201
1.20101
1.20102
1.20103
1.20104
1.20105
1.20106
1.20107
1.20108
1.20109
1.2011
1.20111
1.20112
1.20113
1.20114
1.20115
1.20116
1.20117
1.20118
1.20119
1.2012
1.20121
1.20122
1.20123
1.20125
1.20126
1.20127
1.20128
1.20129
1.2013
1.20131
1.20132
1.20133
1.20134
1.20136
1.20137
1.20138
1.20139
1.2014
1.20141
1.20142
1.20144
1.20145
1.20146
1.20147
1.20148
1.2015
1.20151
1.20152
1.20153
1.20154
1.20156
1.20157
1.20158
1.20159
1.20161
1.20162
1.20163
1.20164
1.20166
1.20167
1.20168
1.20169
1.20171
1.20172
1.20173
1.20175
1.20176
1.20177
1.20179
1.2018
1.20181
1.20183
1.20184
1.20185
1.20187
1.20188
1.20189
1.20191
1.20192
1.20194
1.20195
1.20196
1.20198
1.20199
1.20201
1.20202
1.20203
1.20205
1.20206
1.20208
1.20209
1.20211
1.20212
1.20214
1.20215
1.20216
1.20218
1.20219
1.20221
1.20222
1.20224
1.20225
1.20227
1.20229
1.2023
1.20232
1.20233
1.20235
1.20236
1.20238
1.20239
1.20241
1.20243
1.20244
1.20246
1.20247
1.20249
1.20251
1.20252
1.20254
1.20255
1.20257
1.20259
1.2026
1.20262
1.20264
1.20265
1.20267
1.20269
1.2027
1.20272
1.20274
1.20276
1.20277
1.20279
1.20281
1.20282
1.20284
1.20286
1.20288
1.20289
1.20291
1.20293
1.20295
1.20297
1.20298
1.203
1.20302
1.20304
1.20306
1.20307
1.20309
1.20311
1.20313
1.20315
1.20317
1.20319
1.2032
1.20322
1.20324
1.20326
1.20328
1.2033
1.20332
1.20334
1.20336
1.20338
1.2034
1.20342
1.20344
1.20346
1.20348
1.2035
1.20352
1.20354
1.20356
1.20358
1.2036
1.20362
1.20364
1.20366
1.20368
1.2037
1.20372
1.20374
1.20376
1.20378
1.2038
1.20382
1.20384
1.20387
1.20389
1.20391
1.20393
1.20395
1.20397
1.20399
1.20402
1.20404
1.20406
1.20408
1.2041
1.20413
1.20415
1.20417
1.20419
1.20421
1.20424
1.20426
1.20428
1.20431
1.20433
1.20435
1.20437
1.2044
1.20442
1.20444
1.20447
1.20449
1.20451
1.20454
1.20456
1.20458
1.20461
1.20463
1.20466
1.20468
1.2047
1.20473
1.20475
1.20478
1.2048
1.20483
1.20485
1.20488
1.2049
1.20493
1.20495
1.20498
1.205
1.20503
1.20505
1.20508
1.2051
1.20513
1.20515
1.20518
1.20521
1.20523
1.20526
1.20528
1.20531
1.20534
1.20536
1.20539
1.20542
1.20544
1.20547
1.2055
1.20553
1.20555
1.20558
1.20561
1.20563
1.20566
1.20569
1.20572
1.20575
1.20577
1.2058
1.20583
1.20586
1.20589
1.20591
1.20594
1.20597
1.206
1.20603
1.20606
1.20609
1.20612
1.20615
1.20617
1.2062
1.20623
1.20626
1.20629
1.20632
1.20635
1.20638
1.20641
1.20644
1.20647
1.2065
1.20654
1.20657
1.2066
1.20663
1.20666
1.20669
1.20672
1.20675
1.20678
1.20682
1.20685
1.20688
1.20691
1.20694
1.20698
1.20701
1.20704
1.20707
1.20711
1.20714
1.20717
1.2072
1.20724
1.20727
1.2073
1.20734
1.20737
1.20741
1.20744
1.20747
1.20751
1.20754
1.20758
1.20761
1.20764
1.20768
1.20771
1.20775
1.20778
1.20782
1.20786
1.20789
1.20793
1.20796
1.208
1.20803
1.20807
1.20811
1.20814
1.20818
1.20822
1.20825
1.20829
1.20833
1.20836
1.2084
1.20844
1.20848
1.20851
1.20855
1.20859
1.20863
1.20867
1.2087
1.20874
1.20878
1.20882
1.20886
1.2089
1.20894
1.20898
1.20902
1.20906
1.2091
1.20914
1.20918
1.20922
1.20926
1.2093
1.20934
1.20938
1.20942
1.20946
1.2095
1.20954
1.20959
1.20963
1.20967
1.20971
1.20975
1.2098
1.20984
1.20988
1.20993
1.20997
1.21001
1.21006
1.2101
1.21014
1.21019
1.21023
1.21027
1.21032
1.21036
1.21041
1.21045
1.2105
1.21054
1.21059
1.21063
1.21068
1.21073
1.21077
1.21082
1.21086
1.21091
1.21096
1.21101
1.21105
1.2111
1.21115
1.2112
1.21124
1.21129
1.21134
1.21139
1.21144
1.21149
1.21153
1.21158
1.21163
1.21168
1.21173
1.21178
1.21183
1.21188
1.21193
1.21198
1.21203
1.21209
1.21214
1.21219
1.21224
1.21229
1.21234
1.2124
1.21245
1.2125
1.21255
1.21261
1.21266
1.21271
1.21277
1.21282
1.21288
1.21293
1.21299
1.21304
1.2131
1.21315
1.21321
1.21326
1.21332
1.21337
1.21343
1.21349
1.21354
1.2136
1.21366
1.21372
1.21377
1.21383
1.21389
1.21395
1.21401
1.21407
1.21413
1.21418
1.21424
1.2143
1.21436
1.21442
1.21449
1.21455
1.21461
1.21467
1.21473
1.21479
1.21485
1.21492
1.21498
1.21504
1.21511
1.21517
1.21523
1.2153
1.21536
1.21543
1.21549
1.21556
1.21562
1.21569
1.21575
1.21582
1.21588
1.21595
1.21602
1.21609
1.21615
1.21622
1.21629
1.21636
1.21643
1.21649
1.21656
1.21663
1.2167
1.21677
1.21684
1.21691
1.21698
1.21706
1.21713
1.2172
1.21727
1.21734
1.21742
1.21749
1.21756
1.21764
1.21771
1.21779
1.21786
1.21794
1.21801
1.21809
1.21816
1.21824
1.21832
1.21839
1.21847
1.21855
1.21863
1.2187
1.21878
1.21886
1.21894
1.21902
1.2191
1.21918
1.21926
1.21934
1.21943
1.21951
1.21959
1.21967
1.21976
1.21984
1.21992
1.22001
1.22009
1.22018
1.22026
1.22035
1.22043
1.22052
1.22061
1.22069
1.22078
1.22087
1.22096
1.22105
1.22113
1.22122
1.22131
1.2214
1.22149
1.22159
1.22168
1.22177
1.22186
1.22195
1.22205
1.22214
1.22224
1.22233
1.22242
1.22252
1.22262
1.22271
1.22281
1.22291
1.223
1.2231
1.2232
1.2233
1.2234
1.2235
1.2236
1.2237
1.2238
1.2239
1.224
1.22411
1.22421
1.22431
1.22442
1.22452
1.22463
1.22473
1.22484
1.22495
1.22505
1.22516
1.22527
1.22538
1.22549
1.2256
1.22571
1.22582
1.22593
1.22604
1.22615
1.22627
1.22638
1.22649
1.22661
1.22672
1.22684
1.22695
1.22707
1.22719
1.2273
1.22742
1.22754
1.22766
1.22778
1.2279
1.22802
1.22814
1.22827
1.22839
1.22851
1.22864
1.22876
1.22889
1.22901
1.22914
1.22926
1.22939
1.22952
1.22965
1.22978
1.22991
1.23004
1.23017
1.2303
1.23044
1.23057
1.2307
1.23084
1.23097
1.23111
1.23124
1.23138
1.23152
1.23166
1.2318
1.23194
1.23208
1.23222
1.23236
1.2325
1.23264
1.23279
1.23293
1.23308
1.23322
1.23337
1.23352
1.23366
1.23381
1.23396
1.23411
1.23426
1.23441
1.23457
1.23472
1.23487
1.23503
1.23518
1.23534
1.23549
1.23565
1.23581
1.23597
1.23613
1.23629
1.23645
1.23661
1.23677
1.23694
1.2371
1.23726
1.23743
1.2376
1.23776
1.23793
1.2381
1.23827
1.23844
1.23861
1.23878
1.23895
1.23912
1.2393
1.23947
1.23965
1.23982
1.24
1.24018
1.24036
1.24054
1.24072
1.2409
1.24108
1.24126
1.24144
1.24163
1.24181
1.242
1.24218
1.24237
1.24256
1.24275
1.24293
1.24312
1.24331
1.24351
1.2437
1.24389
1.24408
1.24428
1.24447
1.24467
1.24487
1.24506
1.24526
1.24546
1.24566
1.24586
1.24606
1.24626
1.24646
1.24666
1.24687
1.24707
1.24728
1.24748
1.24769
1.24789
1.2481
1.24831
1.24852
1.24872
1.24893
1.24914
1.24935
1.24956
1.24978
1.24999
1.2502
1.25041
1.25063
1.25084
1.25105
1.25127
1.25148
1.2517
1.25191
1.25213
1.25235
1.25256
1.25278
1.253
1.25321
1.25343
1.25365
1.25386
1.2
1.20022
1.20043
1.20064
1.20085
1.20107
1.20128
1.20149
1.2017
1.20191
1.20213
1.20234
1.20255
1.20276
1.20297
1.20318
1.20339
1.2036
1.2038
1.20401
1.20422
1.20442
1.20463
1.20483
1.20504
1.20524
1.20544
1.20564
1.20584
1.20604
1.20623
1.20643
1.20662
1.20681
1.20701
1.20719
1.20738
1.20757
1.20775
1.20793
1.20811
1.20829
1.20847
1.20864
1.20881
1.20898
1.20915
1.20931
1.20947
1.20963
1.20979
1.20994
1.21009
1.21023
1.21038
1.21052
1.21065
1.21079
1.21091
1.21104
1.21116
1.21128
1.21139
1.2115
1.2116
1.2117
1.2118
1.21189
1.21197
1.21205
1.21213
1.2122
1.21226
1.21232
1.21237
1.21242
1.21246
1.2125
1.21253
1.21255
1.21257
1.21258
1.21258
1.21258
1.21257
1.21256
1.21253
1.2125
1.21246
1.21242
1.21237
1.21231
1.21224
1.21217
1.21209
1.212
1.2119
1.21179
1.21168
1.21156
1.21143
1.21129
1.21115
1.211
1.21084
1.21067
1.21049
1.21031
1.21012
1.20992
1.20971
1.2095
1.20928
1.20905
1.20882
1.20858
1.20833
1.20808
1.20782
1.20756
1.20728
1.20701
1.20673
1.20644
1.20615
1.20586
1.20556
1.20526
1.20496
1.20465
1.20435
1.20404
1.20373
1.20342
1.20311
1.2028
1.20249
1.20218
1.20188
1.20157
1.20127
1.20098
1.20069
1.2004
1.20012
1.19984
1.19958
1.19931
1.19906
1.19881
1.19858
1.19835
1.19813
1.19793
1.19773
1.19755
1.19737
1.19721
1.19707
1.19693
1.19681
1.19671
1.19662
1.19654
1.19648
1.19643
1.1964
1.19639
1.19639
1.19641
1.19644
1.19649
1.19656
1.19664
1.19674
1.19686
1.19699
1.19714
1.19731
1.19749
1.19769
1.1979
1.19813
1.19838
1.19864
1.19891
1.1992
1.19951
1.19983
1.20016
1.2005
1.20086
1.20123
1.20161
1.202
1.2024
1.20282
1.20324
1.20367
1.20411
1.20456
1.20502
1.20548
1.20595
1.20643
1.20691
1.20739
1.20788
1.20838
1.20887
1.20937
1.20987
1.21037
1.21087
1.21137
1.21188
1.21238
1.21287
1.21337
1.21386
1.21436
1.21484
1.21533
1.2158
1.21628
1.21674
1.2172
1.21766
1.21811
1.21855
1.21898
1.2194
1.21982
1.22023
1.22063
1.22101
1.22139
1.22176
1.22212
1.22247
1.22281
1.22314
1.22346
1.22377
1.22406
1.22435
1.22462
1.22489
1.22514
1.22538
1.22561
1.22584
1.22605
1.22625
1.22644
1.22662
1.22679
1.22696
1.22711
1.22726
1.2274
1.22753
1.22765
1.22777
1.22788
1.22798
1.22808
1.22818
1.22827
1.22835
1.22844
1.22852
1.2286
1.22868
1.22876
1.22884
1.22892
1.229
1.22909
1.22918
1.22927
1.22937
1.22947
1.22957
1.22969
1.22981
1.22994
1.23007
1.23022
1.23037
1.23054
1.23071
1.2309
1.23109
1.2313
1.23152
1.23175
1.232
1.23226
1.23253
1.23281
1.23311
1.23342
1.23375
1.23409
1.23444
1.23481
1.23519
1.23558
1.23599
1.2364
1.23684
1.23728
1.23773
1.2382
1.23868
1.23916
1.23966
1.24017
1.24069
1.24121
1.24174
1.24228
1.24283
1.24338
1.24394
1.2445
1.24506
1.24563
1.24621
1.24678
1.24735
1.24793
1.24851
1.24908
1.24965
1.25023
1.25079
1.25136
1.25192
1.25248
1.25303
1.25358
1.25412
1.25465
1.25518
1.2557
1.25621
1.25671
1.2572
1.25768
1.25816
1.25862
1.25907
1.25952
1.25995
1.26037
1.26077
1.26117
1.26155
1.26192
1.26228
1.26263
1.26296
1.26328
1.26359
1.26388
1.26416
1.26443
1.26468
1.26492
1.26515
1.26536
1.26556
1.26575
1.26593
1.26609
1.26624
1.26637
1.2665
1.26661
1.2667
1.26679
1.26686
1.26693
1.26698
1.26702
1.26704
1.26706
1.26707
1.26706
1.26705
1.26702
1.26699
1.26694
1.26689
1.26683
1.26675
1.26668
1.26659
1.26649
1.26639
1.26628
1.26617
1.26604
1.26592
1.26578
1.26564
1.2655
1.26535
1.26519
1.26504
1.26487
1.26471
1.26454
1.26437
1.26419
1.26402
1.26384
1.26366
1.26347
1.26329
1.26311
1.26292
1.26274
1.26255
1.26237
1.26218
1.26199
1.26181
1.26163
1.26144
1.26126
1.26108
1.2609
1.26072
1.26055
1.26037
1.2602
1.26003
1.25986
1.25969
1.25953
1.25937
1.25921
1.25905
1.25889
1.25874
1.25859
1.25844
1.25829
1.25815
1.258
1.25786
1.25772
1.25759
1.25745
1.25732
1.25719
1.25706
1.25694
1.25681
1.25669
1.25657
1.25645
1.25633
1.25621
1.2561
1.25598
1.25587
1.25576
1.25565
1.25554
1.25543
1.25532
1.25522
1.25511
1.25501
1.2549
1.2548
1.25469
1.25459
1.25449
1.25438
1.25428
1.25418
1.25407
1.25397
1.25387
1.25376
1.25366
1.25355
1.25344
1.25334
1.25323
1.25312
1.25301
1.2529
1.25278
1.25267
1.25255
1.25243
1.25231
1.25219
1.25206
1.25194
1.25181
1.25168
1.25154
1.25141
1.25127
1.25113
1.25099
1.25085
1.2507
1.25055
1.2504
1.25025
1.2501
1.24994
1.24979
1.24963
1.24947
1.24931
1.24915
1.24899
1.24883
1.24867
1.24852
1.24836
1.2482
1.24805
1.24789
1.24774
1.2476
1.24745
1.24731
1.24718
1.24705
1.24692
1.2468
1.24669
1.24658
1.24648
1.24639
1.24631
1.24623
1.24617
1.24611
1.24606
1.24603
1.246
1.24599
1.24599
1.246
1.24603
1.24606
1.24611
1.24618
1.24625
1.24634
1.24645
1.24657
1.24671
1.24686
1.24702
1.2472
1.2474
1.24761
1.24784
1.24808
1.24833
1.24861
1.24889
1.24919
1.24951
1.24984
1.25019
1.25055
1.25092
1.2513
1.2517
1.25212
1.25254
1.25298
1.25343
1.25389
1.25436
1.25485
1.25534
1.25585
1.25636
1.25688
1.25741
1.25795
1.2585
1.25905
1.25961
1.26018
1.26075
1.26133
1.26191
1.2625
1.26309
1.26368
1.26428
1.26488
1.26548
1.26609
1.26669
1.2673
1.2679
1.26851
1.26911
1.26971
1.27031
1.27091
1.27151
1.2721
1.2727
1.27328
1.27387
1.27444
1.27502
1.27559
1.27615
1.27671
1.27726
1.27781
1.27834
1.27887
1.2794
1.27992
1.28042
1.28092
1.28142
1.2819
1.28237
1.28284
1.2833
1.28374
1.28418
1.28461
1.28503
1.28543
1.28583
1.28622
1.28659
1.28696
1.28732
1.28766
1.28799
1.28832
1.28863
1.28893
1.28922
1.2895
1.28977
1.29003
1.29027
1.29051
1.29073
1.29095
1.29115
1.29134
1.29152
1.29169
1.29185
1.292
1.29214
1.29227
1.29239
1.2925
1.2926
1.29269
1.29277
1.29284
1.2929
1.29295
1.293
1.29303
1.29306
1.29308
1.29309
1.29309
1.29308
1.29307
1.29305
1.29302
1.29299
1.29295
1.2929
1.29284
1.29279
1.29272
1.29265
1.29257
1.29249
1.29241
1.29232
1.29223
1.29213
1.29203
1.29193
1.29182
1.29171
1.2916
1.29148
1.29137
1.29125
1.29113
1.29101
1.29089
1.29077
1.29065
1.29053
1.29041
1.29029
1.29018
1.29006
1.28994
1.28983
1.28972
1.28961
1.2895
1.2894
1.28929
1.2892
1.2891
1.28901
1.28892
1.28884
1.28876
1.28869
1.28862
1.28855
1.28849
1.28844
1.28839
1.28834
1.2883
1.28827
1.28824
1.28822
1.28821
1.2882
1.2882
1.2882
1.28821
1.28823
1.28825
1.28828
1.28831
1.28836
1.28841
1.28846
1.28852
1.28859
1.28867
1.28875
1.28883
1.28893
1.28903
1.28913
1.28924
1.28936
1.28949
1.28962
1.28975
1.28989
1.29004
1.29019
1.29034
1.29051
1.29067
1.29084
1.29102
1.2912
1.29138
1.29157
1.29176
1.29196
1.29215
1.29236
1.29256
1.29277
1.29298
1.29319
1.29341
1.29363
1.29385
1.29407
1.29429
1.29451
1.29474
1.29497
1.29519
1.29542
1.29565
1.29588
1.29611
1.29634
1.29657
1.29679
1.29702
1.29725
1.29748
1.2977
1.29792
1.29815
1.29837
1.29859
1.2988
1.29902
1.29923
1.29945
1.29965
1.29986
1.30007
1.30027
1.30047
1.30066
1.30085
1.30105
1.30123
1.30142
1.3016
1.30177
1.30195
1.30212
1.30229
1.30245
1.30261
1.30277
1.30292
1.30307
1.30322
1.30336
1.3035
1.30364
1.30377
1.3039
1.30403
1.30415
1.30427
1.30438
1.30449
1.3046
1.30471
1.30481
1.30491
1.30501
1.3051
1.30519
1.30528
1.30536
1.30544
1.30552
1.3056
1.30567
1.30575
1.30582
1.30588
1.30595
1.30601
1.30607
1.30613
1.30619
1.30625
1.3063
1.30636
1.30641
1.30646
1.30651
1.30656
1.3066
1.30665
1.3067
1.30674
1.30678
1.30683
1.30687
1.30691
1.30695
1.307
1.30704
1.30708
1.30712
1.30716
1.3072
1.30724
1.30728
1.30732
1.30736
1.3074
1.30744
1.30748
1.30751
1.30755
1.30759
1.30763
1.30767
1.30771
1.30775
1.30779
1.30783
1.30787
1.30791
1.30795
1.30799
1.30803
1.30807
1.30811
1.30814
1.30818
1.30822
1.30826
1.3083
1.30833
1.30837
1.30841
1.30844
1.30848
1.30851
1.30855
1.30858
1.30861
1.30865
1.30868
1.30871
1.30874
1.30877
1.3088
1.30883
1.30886
1.30889
1.30892
1.30895
1.30897
1.309
1.30903
1.30905
1.30908
1.3091
1.30913
1.30915
1.30917
1.3092
1.30922
1.30924
1.30926
1.30929
1.30931
1.30933
1.30935
1.30937
1.3094
1.30942
1.30944
1.30946
1.30948
1.30951
1.30953
1.30955
1.30958
1.3096
1.30962
1.30965
1.30967
1.3097
1.30973
1.30975
1.30978
1.30981
1.30984
1.30987
1.3099
1.30993
1.30996
1.30999
1.31003
1.31006
1.3101
1.31013
1.31017
1.31021
1.31025
1.31029
1.31033
1.31037
1.31041
1.31046
1.3105
1.31054
1.31059
1.31064
1.31068
1.31073
1.31078
1.31083
1.2
1.20005
1.2001
1.20015
1.2002
1.20026
1.20031
1.20036
1.20042
1.20047
1.20053
1.20059
1.20065
1.2007
1.20076
1.20082
1.20088
1.20094
1.201
1.20107
1.20113
1.20119
1.20126
1.20132
1.20138
1.20145
1.20151
1.20158
1.20164
1.20171
1.20178
1.20185
1.20191
1.20198
1.20205
1.20212
1.20219
1.20226
1.20233
1.2024
1.20247
1.20254
1.20262
1.20269
1.20276
1.20284
1.20291
1.20299
1.20306
1.20314
1.20322
1.20329
1.20337
1.20345
1.20353
1.20361
1.2037
1.20378
1.20386
1.20395
1.20403
1.20412
1.20421
1.2043
1.20439
1.20448
1.20457
1.20466
1.20476
1.20485
1.20495
1.20505
1.20515
1.20525
1.20535
1.20545
1.20556
1.20566
1.20577
1.20588
1.20599
1.2061
1.20621
1.20633
1.20644
1.20656
1.20668
1.2068
1.20692
1.20704
1.20716
1.20729
1.20741
1.20754
1.20767
1.2078
1.20793
1.20806
1.2082
1.20833
1.20847
1.20861
1.20875
1.20889
1.20903
1.20917
1.20931
1.20946
1.2096
1.20975
1.2099
1.21005
1.2102
1.21035
1.2105
1.21065
1.2108
1.21095
1.21111
1.21126
1.21142
1.21157
1.21173
1.21188
1.21204
1.2122
1.21235
1.21251
1.21267
1.21283
1.21298
1.21314
1.2133
1.21346
1.21361
1.21377
1.21393
1.21408
1.21424
1.2144
1.21455
1.21471
1.21486
1.21502
1.21517
1.21532
1.21547
1.21562
1.21577
1.21592
1.21607
1.21622
1.21637
1.21651
1.21666
1.2168
1.21694
1.21708
1.21722
1.21736
1.21749
1.21763
1.21776
1.21789
1.21802
1.21815
1.21828
1.2184
1.21853
1.21865
1.21877
1.21889
1.219
1.21911
1.21923
1.21933
1.21944
1.21955
1.21965
1.21975
1.21985
1.21994
1.22004
1.22013
1.22022
1.2203
1.22038
1.22047
1.22054
1.22062
1.22069
1.22076
1.22083
1.22089
1.22095
1.22101
1.22107
1.22112
1.22117
1.22122
1.22126
1.2213
1.22134
1.22137
1.2214
1.22143
1.22145
1.22147
1.22149
1.22151
1.22152
1.22153
1.22153
1.22153
1.22153
1.22153
1.22152
1.22151
1.22149
1.22147
1.22145
1.22143
1.2214
1.22137
1.22133
1.22129
1.22125
1.2212
1.22116
1.2211
1.22105
1.22099
1.22093
1.22086
1.2208
1.22073
1.22065
1.22058
1.2205
1.22041
1.22033
1.22024
1.22015
1.22006
1.21996
1.21986
1.21976
1.21966
1.21956
1.21945
1.21934
1.21923
1.21912
1.219
1.21889
1.21877
1.21865
1.21853
1.21841
1.21829
1.21817
1.21804
1.21792
1.2178
1.21767
1.21755
1.21742
1.2173
1.21717
1.21705
1.21692
1.2168
1.21668
1.21656
1.21644
1.21632
1.2162
1.21608
1.21597
1.21586
1.21575
1.21564
1.21553
1.21543
1.21532
1.21522
1.21513
1.21503
1.21494
1.21485
1.21477
1.21468
1.2146
1.21453
1.21445
1.21438
1.21431
1.21425
1.21419
1.21413
1.21407
1.21402
1.21397
1.21393
1.21388
1.21384
1.21381
1.21377
1.21374
1.21372
1.21369
1.21367
1.21365
1.21363
1.21362
1.2136
1.21359
1.21358
1.21358
1.21357
1.21357
1.21356
1.21356
1.21356
1.21356
1.21356
1.21356
1.21356
1.21356
1.21356
1.21356
1.21356
1.21356
1.21356
1.21356
1.21355
1.21355
1.21354
1.21353
1.21352
1.21351
1.21349
1.21347
1.21345
1.21343
1.2134
1.21337
1.21334
1.2133
1.21326
1.21321
1.21316
1.21311
1.21305
1.21299
1.21292
1.21285
1.21277
1.21269
1.2126
1.21251
1.21241
1.21231
1.2122
1.21209
1.21197
1.21185
1.21172
1.21158
1.21144
1.2113
1.21115
1.21099
1.21083
1.21066
1.21049
1.21032
1.21014
1.20995
1.20976
1.20956
1.20936
1.20916
1.20895
1.20874
1.20852
1.2083
1.20808
1.20785
1.20763
1.2074
1.20716
1.20693
1.20669
1.20646
1.20622
1.20598
1.20574
1.2055
1.20526
1.20503
1.20479
1.20456
1.20433
1.2041
1.20387
1.20365
1.20344
1.20322
1.20302
1.20281
1.20262
1.20243
1.20225
1.20207
1.2019
1.20174
1.20159
1.20145
1.20132
1.2012
1.20109
1.201
1.20091
1.20083
1.20077
1.20072
1.20068
1.20066
1.20065
1.20065
1.20067
1.2007
1.20075
1.20081
1.20089
1.20098
1.20109
1.20121
1.20135
1.2015
1.20167
1.20185
1.20205
1.20226
1.20249
1.20273
1.20299
1.20326
1.20355
1.20385
1.20416
1.20449
1.20483
1.20518
1.20554
1.20592
1.20631
1.2067
1.20711
1.20753
1.20795
1.20839
1.20883
1.20928
1.20974
1.2102
1.21067
1.21115
1.21162
1.21211
1.21259
1.21308
1.21357
1.21407
1.21456
1.21506
1.21555
1.21604
1.21653
1.21702
1.21751
1.21799
1.21847
1.21895
1.21942
1.21989
1.22035
1.2208
1.22125
1.22168
1.22211
1.22254
1.22295
1.22335
1.22374
1.22413
1.2245
1.22486
1.22521
1.22555
1.22587
1.22618
1.22648
1.22676
1.22703
1.22729
1.22753
1.22776
1.22797
1.22816
1.22834
1.2285
1.22865
1.22878
1.22889
1.22898
1.22906
1.22912
1.22916
1.22919
1.22919
1.22918
1.22915
1.2291
1.22903
1.22894
1.22883
1.22871
1.22857
1.22841
1.22823
1.22803
1.22781
1.22758
1.22733
1.22706
1.22678
1.22647
1.22616
1.22582
1.22547
1.22511
1.22473
1.22434
1.22394
1.22353
1.2231
1.22267
1.22222
1.22177
1.22131
1.22084
1.22037
1.21989
1.21941
1.21893
1.21845
1.21796
1.21748
1.21701
1.21654
1.21607
1.21561
1.21516
1.21472
1.21429
1.21388
1.21348
1.21309
1.21272
1.21237
1.21203
1.21172
1.21142
1.21115
1.2109
1.21068
1.21048
1.2103
1.21015
1.21003
1.20994
1.20987
1.20983
1.20981
1.20983
1.20987
1.20994
1.21003
1.21016
1.21031
1.21049
1.21069
1.21092
1.21117
1.21145
1.21175
1.21207
1.21241
1.21278
1.21316
1.21356
1.21398
1.21442
1.21487
1.21533
1.21581
1.2163
1.21681
1.21732
1.21784
1.21836
1.2189
1.21944
1.21998
1.22053
1.22108
1.22163
1.22218
1.22274
1.22329
1.22383
1.22438
1.22492
1.22546
1.22599
1.22651
1.22703
1.22754
1.22804
1.22854
1.22902
1.2295
1.22996
1.23041
1.23086
1.23129
1.2317
1.23211
1.2325
1.23288
1.23324
1.23359
1.23392
1.23424
1.23455
1.23484
1.23511
1.23537
1.23561
1.23583
1.23604
1.23623
1.2364
1.23655
1.23669
1.23681
1.23691
1.23699
1.23706
1.2371
1.23713
1.23714
1.23713
1.2371
1.23705
1.23698
1.2369
1.23679
1.23667
1.23652
1.23636
1.23618
1.23597
1.23575
1.23551
1.23525
1.23497
1.23467
1.23435
1.23402
1.23366
1.23329
1.23289
1.23248
1.23205
1.2316
1.23113
1.23065
1.23015
1.22963
1.22909
1.22854
1.22797
1.22738
1.22678
1.22616
1.22553
1.22488
1.22422
1.22354
1.22285
1.22215
1.22143
1.22071
1.21997
1.21922
1.21847
1.2177
1.21692
1.21614
1.21535
1.21456
1.21375
1.21295
1.21214
1.21132
1.21051
1.20969
1.20887
1.20806
1.20724
1.20643
1.20562
1.20481
1.20401
1.20322
1.20243
1.20166
1.20089
1.20013
1.19938
1.19865
1.19792
1.19722
1.19652
1.19585
1.19519
1.19455
1.19392
1.19332
1.19274
1.19218
1.19164
1.19112
1.19063
1.19016
1.18972
1.18931
1.18891
1.18855
1.18821
1.18791
1.18763
1.18737
1.18715
1.18696
1.18679
1.18666
1.18655
1.18648
1.18643
1.18641
1.18642
1.18647
1.18654
1.18664
1.18677
1.18692
1.18711
1.18732
1.18756
1.18782
1.18811
1.18843
1.18877
1.18914
1.18952
1.18993
1.19037
1.19082
1.19129
1.19178
1.19229
1.19282
1.19337
1.19393
1.1945
1.19509
1.19569
1.1963
1.19693
1.19756
1.19821
1.19886
1.19952
1.20018
1.20085
1.20153
1.2022
1.20289
1.20357
1.20426
1.20494
1.20563
1.20631
1.20699
1.20767
1.20835
1.20903
1.2097
1.21036
1.21102
1.21168
1.21232
1.21296
1.2136
1.21422
1.21484
1.21545
1.21606
1.21665
1.21723
1.21781
1.21837
1.21893
1.21947
1.22001
1.22053
1.22105
1.22155
1.22205
1.22253
1.22301
1.22347
1.22392
1.22437
1.2248
1.22522
1.22564
1.22604
1.22643
1.22681
1.22719
1.22755
1.22791
1.22825
1.22859
1.22891
1.22923
1.22954
1.22984
1.23013
1.23042
1.23069
1.23096
1.23122
1.23148
1.23172
1.23196
1.23219
1.23242
1.23264
1.23285
1.23305
1.23325
1.23344
1.23363
1.23381
1.23399
1.23416
1.23432
1.23448
1.23464
1.23479
1.23493
1.23507
1.23521
1.23534
1.23547
1.23559
1.23571
1.23583
1.23594
1.23605
1.23615
1.23625
1.23635
1.23644
1.23653
1.23662
1.2367
1.23678
1.23686
1.23693
1.237
1.23707
1.23714
1.2372
1.23726
1.23732
1.23737
1.23743
1.23748
1.23752
1.23757
1.23761
1.23765
1.23769
1.23773
1.23776
1.2378
1.23783
1.23785
1.23788
1.23791
1.23793
1.23795
1.23797
1.23798
1.238
1.23801
1.23803
1.23804
1.23805
1.23805
1.23806
1.23806
1.23807
1.23807
1.23807
1.23807
1.23807
1.23806
1.23806
1.23805
1.23804
1.23804
1.23803
1.23802
1.23801
1.238
1.23798
1.23797
1.23796
1.23794
1.23793
1.23791
1.23789
1.23788
1.23786
1.23784
1.23782
1.2378
1.23778
1.23776
1.23774
1.23772
1.2377
1.23768
1.23766
1.23764
1.23762
1.23759
1.23757
1.23755
1.23753
1.23751
1.23749
1.23747
1.23745
1.23743
1.23741
1.23739
1.23737
1.23735
1.23733
1.23731
1.2373
1.23728
1.23726
1.23725
1.23723
1.23722
1.2372
1.23719
1.23718
1.23717
1.23716
1.23715
1.23714
1.23713
1.23712
1.23711
1.23711
1.2371
1.2371
1.2371
1.23709
1.2
1.2
1.2
1.2
1.20001
1.20001
1.20002
1.20003
1.20003
1.20004
1.20005
1.20006
1.20008
1.20009
1.2001
1.20012
1.20014
1.20016
1.20017
1.20019
1.20022
1.20024
1.20026
1.20029
1.20031
1.20034
1.20037
1.20039
1.20042
1.20045
1.20049
1.20052
1.20055
1.20058
1.20062
1.20066
1.20069
1.20073
1.20077
1.2008
1.20084
1.20088
1.20092
1.20096
1.201
1.20105
1.20109
1.20113
1.20117
1.20121
1.20126
1.2013
1.20134
1.20138
1.20143
1.20147
1.20151
1.20155
1.2016
1.20164
1.20168
1.20172
1.20176
1.2018
1.20183
1.20187
1.20191
1.20194
1.20198
1.20201
1.20204
1.20207
1.2021
1.20213
1.20216
1.20218
1.2022
1.20222
1.20224
1.20226
1.20227
1.20228
1.20229
1.2023
1.2023
1.20231
1.2023
1.2023
1.20229
1.20228
1.20226
1.20225
1.20222
1.2022
1.20217
1.20214
1.2021
1.20206
1.20201
1.20196
1.2019
1.20184
1.20177
1.2017
1.20163
1.20154
1.20146
1.20136
1.20126
1.20116
1.20105
1.20093
1.2008
1.20067
1.20053
1.20039
1.20024
1.20008
1.19991
1.19974
1.19955
1.19937
1.19917
1.19896
1.19875
1.19853
1.1983
1.19806
1.19781
1.19756
1.19729
1.19702
1.19674
1.19645
1.19615
1.19585
1.19553
1.1952
1.19487
1.19453
1.19418
1.19382
1.19345
1.19307
1.19268
1.19229
1.19189
1.19148
1.19106
1.19064
1.19021
1.18977
1.18932
1.18887
1.18841
1.18794
1.18747
1.187
1.18652
1.18604
1.18555
1.18506
1.18456
1.18407
1.18357
1.18307
1.18257
1.18207
1.18157
1.18107
1.18058
1.18008
1.17959
1.17911
1.17863
1.17815
1.17768
1.17721
1.17676
1.17631
1.17586
1.17543
1.17501
1.1746
1.1742
1.17381
1.17343
1.17307
1.17272
1.17238
1.17206
1.17175
1.17146
1.17119
1.17092
1.17068
1.17045
1.17024
1.17004
1.16986
1.1697
1.16956
1.16943
1.16932
1.16922
1.16914
1.16908
1.16904
1.16901
1.16899
1.16899
1.16901
1.16904
1.16908
1.16914
1.16922
1.1693
1.1694
1.16951
1.16963
1.16976
1.1699
1.17005
1.17021
1.17038
1.17056
1.17075
1.17094
1.17114
1.17134
1.17155
1.17177
1.17199
1.17221
1.17243
1.17266
1.1729
1.17313
1.17336
1.1736
1.17384
1.17408
1.17432
1.17455
1.17479
1.17503
1.17526
1.1755
1.17573
1.17596
1.17619
1.17642
1.17664
1.17687
1.17709
1.1773
1.17752
1.17773
1.17794
1.17814
1.17834
1.17854
1.17874
1.17893
1.17912
1.1793
1.17948
1.17966
1.17984
1.18001
1.18017
1.18034
1.1805
1.18066
1.18081
1.18096
1.18111
1.18125
1.18139
1.18153
1.18166
1.1818
1.18192
1.18205
1.18217
1.18229
1.1824
1.18252
1.18262
1.18273
1.18283
1.18293
1.18303
1.18313
1.18322
1.18331
1.18339
1.18348
1.18356
1.18363
1.18371
1.18378
1.18385
1.18391
1.18398
1.18404
1.1841
1.18415
1.1842
1.18425
1.1843
1.18434
1.18439
1.18442
1.18446
1.18449
1.18452
1.18455
1.18458
1.1846
1.18462
1.18463
1.18465
1.18466
1.18467
1.18467
1.18468
1.18468
1.18467
1.18467
1.18466
1.18465
1.18464
1.18462
1.1846
1.18458
1.18456
1.18453
1.1845
1.18447
1.18444
1.1844
1.18436
1.18432
1.18428
1.18423
1.18418
1.18413
1.18408
1.18402
1.18396
1.1839
1.18384
1.18377
1.18371
1.18364
1.18357
1.1835
1.18342
1.18335
1.18327
1.18319
1.18311
1.18302
1.18294
1.18285
1.18277
1.18268
1.18259
1.1825
1.18241
1.18231
1.18222
1.18213
1.18203
1.18193
1.18184
1.18174
1.18164
1.18154
1.18145
1.18135
1.18125
1.18115
1.18105
1.18096
1.18086
1.18076
1.18067
1.18057
1.18048
1.18038
1.18029
1.1802
1.18011
1.18002
1.17994
1.17985
1.17977
1.17969
1.17961
1.17954
1.17946
1.17939
1.17932
1.17926
1.1792
1.17914
1.17908
1.17903
1.17898
1.17893
1.17889
1.17886
1.17882
1.17879
1.17877
1.17875
1.17873
1.17872
1.17871
1.17871
1.17871
1.17872
1.17873
1.17875
1.17877
1.1788
1.17883
1.17887
1.17891
1.17896
1.17901
1.17907
1.17913
1.1792
1.17927
1.17935
1.17944
1.17952
1.17962
1.17972
1.17982
1.17993
1.18004
1.18016
1.18028
1.18041
1.18054
1.18067
1.18081
1.18095
1.1811
1.18125
1.1814
1.18155
1.18171
1.18187
1.18204
1.1822
1.18237
1.18254
1.18271
1.18289
1.18306
1.18324
1.18342
1.1836
1.18378
1.18396
1.18414
1.18432
1.1845
1.18468
1.18486
1.18504
1.18522
1.1854
1.18558
1.18576
1.18593
1.18611
1.18628
1.18645
1.18662
1.18678
1.18695
1.18711
1.18727
1.18743
1.18758
1.18773
1.18788
1.18803
1.18817
1.18831
1.18845
1.18858
1.18871
1.18884
1.18896
1.18908
1.18919
1.1893
1.18941
1.18952
1.18962
1.18971
1.18981
1.18989
1.18998
1.19006
1.19013
1.19021
1.19028
1.19034
1.1904
1.19045
1.19051
1.19055
1.1906
1.19064
1.19067
1.1907
1.19073
1.19075
1.19077
1.19078
1.19079
1.1908
1.1908
1.1908
1.19079
1.19078
1.19077
1.19075
1.19073
1.1907
1.19067
1.19064
1.1906
1.19056
1.19051
1.19046
1.19041
1.19035
1.19029
1.19023
1.19016
1.19009
1.19002
1.18994
1.18986
1.18977
1.18968
1.18959
1.18949
1.18939
1.18929
1.18919
1.18908
1.18897
1.18885
1.18873
1.18861
1.18849
1.18836
1.18823
1.1881
1.18797
1.18783
1.18769
1.18754
1.1874
1.18725
1.1871
1.18695
1.18679
1.18663
1.18648
1.18631
1.18615
1.18598
1.18582
1.18565
1.18547
1.1853
1.18513
1.18495
1.18477
1.18459
1.18441
1.18423
1.18405
1.18386
1.18368
1.18349
1.1833
1.18311
1.18292
1.18274
1.18254
1.18235
1.18216
1.18197
1.18178
1.18159
1.18139
1.1812
1.18101
1.18082
1.18063
1.18043
1.18024
1.18005
1.17986
1.17967
1.17948
1.17929
1.17911
1.17892
1.17874
1.17855
1.17837
1.17819
1.17801
1.17783
1.17765
1.17747
1.1773
1.17713
1.17696
1.17679
1.17662
1.17646
1.17629
1.17613
1.17597
1.17582
1.17566
1.17551
1.17536
1.17522
1.17507
1.17493
1.17479
1.17466
1.17452
1.17439
1.17426
1.17414
1.17402
1.1739
1.17378
1.17367
1.17356
1.17345
1.17335
1.17325
1.17315
1.17306
1.17297
1.17288
1.1728
1.17272
1.17265
1.17257
1.1725
1.17244
1.17238
1.17232
1.17226
1.17221
1.17217
1.17212
1.17208
1.17205
1.17201
1.17199
1.17196
1.17194
1.17192
1.17191
1.1719
1.17189
1.17189
1.17189
1.1719
1.17191
1.17192
1.17194
1.17196
1.17199
1.17202
1.17205
1.17209
1.17213
1.17217
1.17222
1.17227
1.17233
1.17239
1.17245
1.17252
1.17259
1.17267
1.17275
1.17283
1.17292
1.17301
1.1731
1.1732
1.1733
1.1734
1.17351
1.17362
1.17374
1.17386
1.17398
1.1741
1.17423
1.17436
1.1745
1.17464
1.17478
1.17492
1.17507
1.17522
1.17538
1.17553
1.17569
1.17586
1.17602
1.17619
1.17636
1.17653
1.17671
1.17688
1.17706
1.17725
1.17743
1.17762
1.17781
1.178
1.17819
1.17838
1.17858
1.17877
1.17897
1.17917
1.17937
1.17958
1.17978
1.17999
1.18019
1.1804
1.1806
1.18081
1.18102
1.18123
1.18144
1.18165
1.18186
1.18206
1.18227
1.18248
1.18269
1.1829
1.1831
1.18331
1.18351
1.18372
1.18392
1.18412
1.18432
1.18451
1.18471
1.1849
1.18509
1.18528
1.18547
1.18565
1.18584
1.18601
1.18619
1.18636
1.18653
1.1867
1.18686
1.18702
1.18717
1.18732
1.18747
1.18761
1.18774
1.18788
1.188
1.18812
1.18824
1.18835
1.18846
1.18856
1.18865
1.18874
1.18882
1.18889
1.18896
1.18902
1.18908
1.18912
1.18916
1.1892
1.18922
1.18924
1.18925
1.18925
1.18924
1.18923
1.1892
1.18917
1.18913
1.18908
1.18902
1.18895
1.18887
1.18878
1.18869
1.18858
1.18846
1.18834
1.1882
1.18805
1.1879
1.18773
1.18755
1.18736
1.18717
1.18696
1.18674
1.18651
1.18627
1.18602
1.18576
1.18548
1.1852
1.18491
1.18461
1.18429
1.18397
1.18363
1.18329
1.18294
1.18257
1.1822
1.18182
1.18143
1.18103
1.18062
1.18021
1.17978
1.17935
1.17891
1.17846
1.17801
1.17755
1.17708
1.17661
1.17613
1.17565
1.17517
1.17468
1.17418
1.17369
1.17319
1.17269
1.17219
1.17169
1.17119
1.17068
1.17018
1.16968
1.16919
1.16869
1.1682
1.16772
1.16723
1.16676
1.16629
1.16582
1.16536
1.16491
1.16447
1.16403
1.16361
1.16319
1.16279
1.16239
1.16201
1.16163
1.16127
1.16092
1.16058
1.16026
1.15995
1.15965
1.15937
1.1591
1.15884
1.1586
1.15838
1.15817
1.15797
1.15779
1.15762
1.15747
1.15734
1.15722
1.15711
1.15702
1.15695
1.15689
1.15684
1.15681
1.1568
1.1568
1.15681
1.15684
1.15688
1.15694
1.15701
1.15709
1.15719
1.1573
1.15742
1.15755
1.1577
1.15786
1.15803
1.15821
1.1584
1.1586
1.15882
1.15904
1.15928
1.15952
1.15977
1.16003
1.1603
1.16058
1.16087
1.16116
1.16146
1.16177
1.16208
1.1624
1.16272
1.16306
1.16339
1.16373
1.16408
1.16443
1.16478
1.16514
1.1655
1.16586
1.16622
1.16659
1.16696
1.16733
1.1677
1.16807
1.16844
1.16882
1.16919
1.16956
1.16993
1.1703
1.17067
1.17104
1.17141
1.17178
1.17214
1.1725
1.17286
1.17322
1.17357
1.17393
1.17427
1.17462
1.17496
1.1753
1.17564
1.17597
1.1763
1.17663
1.17695
1.17727
1.17758
1.17789
1.1782
1.19999
1.20029
1.20058
1.20087
1.20116
1.20144
1.20172
1.20199
1.20226
1.20253
1.20279
1.20305
1.2033
1.20356
1.20381
1.20405
1.20429
1.20453
1.20477
1.205
1.20523
1.20546
1.20568
1.2059
1.20612
1.20634
1.20655
1.20676
1.20697
1.20717
1.20737
1.20757
1.20777
1.20796
1.20816
1.20835
1.20853
1.20872
1.2089
1.20908
1.20925
1.20943
1.2096
1.20976
1.20993
1.21009
1.21025
1.21041
1.21056
1.21071
1.21085
1.211
1.21114
1.21127
1.2114
1.21153
1.21166
1.21178
1.21189
1.212
1.21211
1.21221
1.21231
1.2124
1.21249
1.21257
1.21265
1.21272
1.21279
1.21285
1.2129
1.21295
1.21299
1.21303
1.21306
1.21308
1.2131
1.21311
1.21311
1.21311
1.2131
1.21308
1.21305
1.21302
1.21298
1.21293
1.21288
1.21282
1.21275
1.21267
1.21258
1.21249
1.21239
1.21228
1.21217
1.21204
1.21191
1.21177
1.21163
1.21147
1.21131
1.21115
1.21097
1.21079
1.2106
1.2104
1.2102
1.20999
1.20978
1.20956
1.20933
1.2091
1.20886
1.20862
1.20837
1.20812
1.20786
1.2076
1.20734
1.20707
1.2068
1.20653
1.20626
1.20598
1.2057
1.20542
1.20514
1.20486
1.20458
1.2043
1.20402
1.20374
1.20346
1.20318
1.20291
1.20263
1.20236
1.2021
1.20183
1.20157
1.20132
1.20107
1.20082
1.20058
1.20034
1.20011
1.19988
1.19966
1.19944
1.19923
1.19903
1.19883
1.19864
1.19846
1.19828
1.19811
1.19794
1.19779
1.19764
1.19749
1.19736
1.19723
1.1971
1.19698
1.19687
1.19677
1.19667
1.19658
1.1965
1.19642
1.19634
1.19628
1.19622
1.19616
1.19611
1.19606
1.19602
1.19599
1.19596
1.19593
1.19591
1.19589
1.19588
1.19587
1.19586
1.19586
1.19586
1.19586
1.19587
1.19588
1.1959
1.19591
1.19593
1.19596
1.19598
1.19601
1.19604
1.19607
1.1961
1.19614
1.19618
1.19622
1.19626
1.1963
1.19635
1.19639
1.19644
1.19649
1.19654
1.19659
1.19665
1.1967
1.19676
1.19681
1.19687
1.19693
1.19698
1.19704
1.1971
1.19716
1.19722
1.19728
1.19734
1.1974
1.19746
1.19752
1.19758
1.19764
1.1977
1.19776
1.19782
1.19787
1.19793
1.19798
1.19804
1.19809
1.19814
1.1982
1.19824
1.19829
1.19834
1.19838
1.19843
1.19847
1.19851
1.19854
1.19858
1.19861
1.19864
1.19867
1.1987
1.19872
1.19874
1.19876
1.19878
1.19879
1.1988
1.19881
1.19882
1.19882
1.19882
1.19882
1.19881
1.19881
1.1988
1.19878
1.19877
1.19875
1.19873
1.1987
1.19868
1.19865
1.19861
1.19858
1.19854
1.1985
1.19846
1.19841
1.19836
1.19831
1.19826
1.1982
1.19814
1.19808
1.19802
1.19795
1.19789
1.19782
1.19774
1.19767
1.19759
1.19752
1.19744
1.19735
1.19727
1.19718
1.1971
1.19701
1.19692
1.19683
1.19673
1.19664
1.19654
1.19644
1.19634
1.19624
1.19614
1.19604
1.19594
1.19584
1.19573
1.19563
1.19552
1.19541
1.19531
1.1952
1.19509
1.19499
1.19488
1.19477
1.19467
1.19456
1.19445
1.19434
1.19424
1.19413
1.19403
1.19392
1.19382
1.19372
1.19362
1.19352
1.19342
1.19332
1.19322
1.19313
1.19303
1.19294
1.19285
1.19276
1.19268
1.19259
1.19251
1.19243
1.19236
1.19228
1.19221
1.19214
1.19207
1.19201
1.19195
1.19189
1.19183
1.19178
1.19173
1.19169
1.19165
1.19161
1.19157
1.19154
1.19152
1.19149
1.19147
1.19146
1.19144
1.19144
1.19143
1.19143
1.19143
1.19144
1.19145
1.19147
1.19149
1.19151
1.19154
1.19157
1.19161
1.19165
1.1917
1.19174
1.1918
1.19185
1.19192
1.19198
1.19205
1.19212
1.1922
1.19228
1.19236
1.19245
1.19254
1.19263
1.19273
1.19283
1.19294
1.19304
1.19315
1.19327
1.19339
1.1935
1.19363
1.19375
1.19388
1.19401
1.19414
1.19428
1.19441
1.19455
1.19469
1.19484
1.19498
1.19513
1.19528
1.19543
1.19558
1.19573
1.19588
1.19604
1.19619
1.19635
1.19651
1.19666
1.19682
1.19698
1.19714
1.1973
1.19746
1.19762
1.19778
1.19794
1.1981
1.19825
1.19841
1.19857
1.19873
1.19889
1.19904
1.1992
1.19936
1.19951
1.19967
1.19982
1.19997
1.20012
1.20027
1.20042
1.20057
1.20072
1.20086
1.20101
1.20115
1.20129
1.20143
1.20157
1.20171
1.20184
1.20198
1.20211
1.20224
1.20237
1.2025
1.20262
1.20275
1.20287
1.20299
1.20311
1.20323
1.20335
1.20346
1.20358
1.20369
1.2038
1.20391
1.20401
1.20412
1.20422
1.20432
1.20442
1.20452
1.20462
1.20471
1.2048
1.20489
1.20498
1.20507
1.20516
1.20524
1.20533
1.20541
1.20549
1.20557
1.20564
1.20572
1.20579
1.20586
1.20593
1.206
1.20607
1.20614
1.2062
1.20626
1.20633
1.20639
1.20644
1.2065
1.20656
1.20661
1.20667
1.20672
1.20677
1.20682
1.20687
1.20691
1.20696
1.207
1.20705
1.20709
1.20713
1.20717
1.20721
1.20725
1.20728
1.20732
1.20735
1.20738
1.20741
1.20745
1.20747
1.2075
1.20753
1.20756
1.20758
1.20761
1.20763
1.20765
1.20767
1.20769
1.20771
1.20773
1.20775
1.20777
1.20778
1.2078
1.20781
1.20782
1.20783
1.20785
1.20786
1.20787
1.20787
1.20788
1.20789
1.20789
1.2079
1.2079
1.20791
1.20791
1.20791
1.20791
1.20791
1.20791
1.20791
1.2079
1.2079
1.2079
1.20789
1.20789
1.20788
1.20787
1.20786
1.20785
1.20784
1.20783
1.20782
1.2078
1.20779
1.20778
1.20776
1.20774
1.20773
1.20771
1.20769
1.20767
1.20765
1.20762
1.2076
1.20758
1.20755
1.20753
1.2075
1.20747
1.20744
1.20741
1.20738
1.20735
1.20731
1.20728
1.20724
1.20721
1.20717
1.20713
1.20709
1.20705
1.20701
1.20696
1.20692
1.20687
1.20683
1.20678
1.20673
1.20668
1.20662
1.20657
1.20652
1.20646
1.2064
1.20634
1.20628
1.20622
1.20616
1.20609
1.20603
1.20596
1.20589
1.20582
1.20575
1.20568
1.2056
1.20553
1.20545
1.20537
1.20529
1.20521
1.20512
1.20504
1.20495
1.20486
1.20477
1.20468
1.20459
1.20449
1.2044
1.2043
1.2042
1.2041
1.204
1.20389
1.20379
1.20368
1.20357
1.20346
1.20335
1.20324
1.20313
1.20301
1.20289
1.20278
1.20266
1.20254
1.20242
1.20229
1.20217
1.20204
1.20192
1.20179
1.20166
1.20153
1.2014
1.20127
1.20114
1.20101
1.20088
1.20074
1.20061
1.20047
1.20034
1.2002
1.20007
1.19993
1.1998
1.19966
1.19953
1.19939
1.19926
1.19912
1.19899
1.19885
1.19872
1.19859
1.19845
1.19832
1.19819
1.19806
1.19793
1.19781
1.19768
1.19756
1.19743
1.19731
1.19719
1.19707
1.19696
1.19684
1.19673
1.19662
1.19651
1.1964
1.1963
1.1962
1.1961
1.196
1.1959
1.19581
1.19572
1.19564
1.19555
1.19547
1.19539
1.19532
1.19525
1.19518
1.19511
1.19505
1.19499
1.19493
1.19487
1.19482
1.19478
1.19473
1.19469
1.19465
1.19461
1.19458
1.19455
1.19453
1.1945
1.19448
1.19447
1.19445
1.19444
1.19443
1.19443
1.19443
1.19443
1.19443
1.19444
1.19445
1.19446
1.19447
1.19449
1.19451
1.19453
1.19455
1.19458
1.1946
1.19463
1.19467
1.1947
1.19474
1.19478
1.19482
1.19486
1.1949
1.19494
1.19499
1.19504
1.19509
1.19514
1.19519
1.19524
1.1953
1.19535
1.19541
1.19547
1.19553
1.19559
1.19565
1.19571
1.19577
1.19583
1.1959
1.19596
1.19603
1.19609
1.19616
1.19622
1.19629
1.19635
1.19642
1.19649
1.19656
1.19663
1.19669
1.19676
1.19683
1.1969
1.19697
1.19704
1.19711
1.19718
1.19725
1.19731
1.19738
1.19745
1.19752
1.19759
1.19766
1.19773
1.1978
1.19787
1.19794
1.19801
1.19808
1.19815
1.19821
1.19828
1.19835
1.19842
1.19849
1.19856
1.19862
1.19869
1.19876
1.19883
1.19889
1.19896
1.19903
1.19909
1.19916
1.19923
1.19929
1.19936
1.19942
1.19949
1.19955
1.19962
1.19968
1.19975
1.19981
1.19987
1.19994
1.2
1.20006
1.20012
1.20019
1.20025
1.20031
1.20037
1.20043
1.20049
1.20055
1.20061
1.20066
1.20072
1.20078
1.20083
1.20089
1.20094
1.201
1.20105
1.20111
1.20116
1.20121
1.20126
1.20131
1.20136
1.20141
1.20145
1.2015
1.20155
1.20159
1.20163
1.20168
1.20172
1.20176
1.2018
1.20184
1.20187
1.20191
1.20194
1.20198
1.20201
1.20204
1.20207
1.20209
1.20212
1.20214
1.20217
1.20219
1.20221
1.20222
1.20224
1.20226
1.20227
1.20228
1.20229
1.20229
1.2023
1.2023
1.2023
1.2023
1.2023
1.2023
1.20229
1.20228
1.20227
1.20225
1.20224
1.20222
1.2022
1.20218
1.20215
1.20212
1.20209
1.20206
1.20203
1.20199
1.20195
1.20191
1.20187
1.20182
1.20177
1.20172
1.20167
1.20161
1.20155
1.20149
1.20143
1.20136
1.20129
1.20122
1.20115
1.20107
1.201
1.20092
1.20084
1.20075
1.20066
1.20058
1.20049
1.20039
1.2003
1.2002
1.2001
1.2
1.1999
1.1998
1.19969
1.19959
1.19948
1.19937
1.19925
1.19914
1.19903
1.19891
1.19879
1.19868
1.19856
1.19844
1.19832
1.1982
1.19807
1.19795
1.19783
1.1977
1.19758
1.19745
1.19733
1.1972
1.19708
1.19695
1.19683
1.1967
1.19658
1.19645
1.19633
1.19621
1.19608
1.19596
1.19584
1.19572
1.1956
1.19548
1.19536
1.19524
1.19513
1.19501
1.1949
1.19479
1.19468
1.19457
1.19446
1.19435
1.19425
1.19415
1.19405
1.19395
1.19385
1.19375
1.19366
1.2
1.19991
1.19983
1.19974
1.19966
1.19958
1.19951
1.19943
1.19936
1.19929
1.19922
1.19916
1.19909
1.19903
1.19897
1.19892
1.19886
1.19881
1.19876
1.19872
1.19867
1.19863
1.19859
1.19855
1.19852
1.19848
1.19845
1.19843
1.1984
1.19837
1.19835
1.19833
1.19831
1.1983
1.19828
1.19827
1.19826
1.19825
1.19824
1.19824
1.19823
1.19823
1.19823
1.19823
1.19823
1.19823
1.19823
1.19823
1.19824
1.19824
1.19825
1.19826
1.19827
1.19827
1.19828
1.19829
1.1983
1.19831
1.19832
1.19833
1.19833
1.19834
1.19835
1.19836
1.19837
1.19837
1.19838
1.19838
1.19839
1.19839
1.1984
1.1984
1.1984
1.1984
1.1984
1.1984
1.19839
1.19839
1.19838
1.19838
1.19837
1.19836
1.19835
1.19833
1.19832
1.1983
1.19829
1.19827
1.19825
1.19823
1.19821
1.19818
1.19816
1.19813
1.1981
1.19807
1.19804
1.19801
1.19797
1.19794
1.1979
1.19787
1.19783
1.19779
1.19775
1.19771
1.19766
1.19762
1.19758
1.19753
1.19748
1.19744
1.19739
1.19734
1.19729
1.19724
1.19719
1.19714
1.19709
1.19704
1.19698
1.19693
1.19688
1.19683
1.19677
1.19672
1.19666
1.19661
1.19656
1.1965
1.19645
1.1964
1.19634
1.19629
1.19624
1.19618
1.19613
1.19608
1.19603
1.19598
1.19593
1.19588
1.19583
1.19578
1.19573
1.19569
1.19564
1.1956
1.19556
1.19551
1.19547
1.19543
1.19539
1.19536
1.19532
1.19529
1.19525
1.19522
1.19519
1.19516
1.19514
1.19511
1.19509
1.19507
1.19505
1.19503
1.19501
1.195
1.19498
1.19497
1.19496
1.19495
1.19495
1.19494
1.19494
1.19494
1.19494
1.19494
1.19495
1.19495
1.19496
1.19496
1.19497
1.19498
1.195
1.19501
1.19502
1.19504
1.19505
1.19507
1.19509
1.1951
1.19512
1.19514
1.19516
1.19518
1.19519
1.19521
1.19523
1.19525
1.19527
1.19529
1.1953
1.19532
1.19534
1.19535
1.19537
1.19538
1.19539
1.1954
1.19541
1.19542
1.19543
1.19544
1.19544
1.19545
1.19545
1.19545
1.19545
1.19545
1.19545
1.19545
1.19544
1.19544
1.19543
1.19542
1.19541
1.1954
1.19539
1.19538
1.19537
1.19536
1.19534
1.19533
1.19531
1.1953
1.19529
1.19527
1.19526
1.19524
1.19523
1.19522
1.19521
1.1952
1.19519
1.19518
1.19518
1.19517
1.19517
1.19517
1.19517
1.19518
1.19518
1.19519
1.19521
1.19523
1.19525
1.19527
1.1953
1.19533
1.19536
1.1954
1.19545
1.1955
1.19555
1.19561
1.19567
1.19574
1.19581
1.19589
1.19598
1.19607
1.19616
1.19627
1.19637
1.19649
1.19661
1.19673
1.19686
1.197
1.19715
1.1973
1.19745
1.19762
1.19778
1.19796
1.19814
1.19833
1.19852
1.19872
1.19893
1.19914
1.19935
1.19957
1.1998
1.20003
1.20027
1.20051
1.20076
1.20101
1.20127
1.20153
1.20179
1.20206
1.20233
1.2026
1.20288
1.20316
1.20344
1.20373
1.20402
1.2043
1.20459
1.20489
1.20518
1.20547
1.20576
1.20606
1.20635
1.20664
1.20693
1.20723
1.20752
1.2078
1.20809
1.20837
1.20866
1.20893
1.20921
1.20948
1.20975
1.21002
1.21028
1.21054
1.21079
1.21104
1.21128
1.21152
1.21176
1.21199
1.21221
1.21243
1.21264
1.21284
1.21304
1.21323
1.21342
1.2136
1.21377
1.21394
1.21409
1.21424
1.21439
1.21452
1.21465
1.21477
1.21489
1.21499
1.21509
1.21518
1.21526
1.21533
1.2154
1.21546
1.21551
1.21555
1.21558
1.2156
1.21562
1.21563
1.21563
1.21562
1.21561
1.21558
1.21555
1.21551
1.21546
1.2154
1.21534
1.21527
1.21519
1.2151
1.215
1.2149
1.21479
1.21467
1.21455
1.21441
1.21428
1.21413
1.21398
1.21381
1.21365
1.21347
1.2133
1.21311
1.21292
1.21272
1.21252
1.21231
1.21209
1.21188
1.21165
1.21142
1.21119
1.21095
1.21071
1.21047
1.21022
1.20997
1.20971
1.20945
1.20919
1.20893
1.20866
1.20839
1.20813
1.20786
1.20758
1.20731
1.20704
1.20677
1.20649
1.20622
1.20595
1.20568
1.20541
1.20514
1.20487
1.20461
1.20434
1.20408
1.20382
1.20357
1.20332
1.20307
1.20283
1.20259
1.20235
1.20212
1.20189
1.20167
1.20145
1.20124
1.20103
1.20083
1.20064
1.20045
1.20026
1.20009
1.19992
1.19976
1.1996
1.19945
1.19931
1.19917
1.19905
1.19892
1.19881
1.19871
1.19861
1.19852
1.19844
1.19836
1.1983
1.19824
1.19819
1.19815
1.19811
1.19808
1.19807
1.19806
1.19805
1.19806
1.19807
1.19809
1.19812
1.19816
1.1982
1.19826
1.19832
1.19839
1.19846
1.19855
1.19864
1.19874
1.19884
1.19895
1.19907
1.1992
1.19933
1.19948
1.19962
1.19978
1.19994
1.2001
1.20028
1.20046
1.20064
1.20083
1.20103
1.20123
1.20144
1.20165
1.20187
1.20209
1.20231
1.20254
1.20278
1.20302
1.20326
1.20351
1.20376
1.20401
1.20427
1.20452
1.20479
1.20505
1.20531
1.20558
1.20585
1.20612
1.20639
1.20667
1.20694
1.20721
1.20749
1.20776
1.20804
1.20831
1.20858
1.20886
1.20913
1.2094
1.20967
1.20993
1.2102
1.21046
1.21072
1.21097
1.21123
1.21148
1.21172
1.21197
1.21221
1.21244
1.21267
1.2129
1.21312
1.21334
1.21355
1.21376
1.21396
1.21415
1.21434
1.21452
1.2147
1.21487
1.21504
1.21519
1.21534
1.21549
1.21562
1.21575
1.21587
1.21598
1.21609
1.21618
1.21627
1.21635
1.21642
1.21648
1.21654
1.21658
1.21662
1.21665
1.21666
1.21667
1.21667
1.21666
1.21664
1.21661
1.21657
1.21652
1.21646
1.2164
1.21632
1.21623
1.21613
1.21602
1.21591
1.21578
1.21564
1.21549
1.21533
1.21517
1.21499
1.2148
1.21461
1.2144
1.21419
1.21397
1.21373
1.21349
1.21324
1.21298
1.21272
1.21244
1.21216
1.21187
1.21157
1.21126
1.21095
1.21063
1.21031
1.20998
1.20965
1.20931
1.20896
1.20861
1.20826
1.2079
1.20754
1.20718
1.20682
1.20645
1.20609
1.20572
1.20536
1.20499
1.20463
1.20427
1.20391
1.20355
1.2032
1.20285
1.20251
1.20217
1.20184
1.20151
1.20119
1.20088
1.20058
1.20028
1.2
1.19972
1.19945
1.1992
1.19895
1.19872
1.1985
1.19829
1.19809
1.19791
1.19774
1.19758
1.19744
1.19731
1.19719
1.19709
1.197
1.19693
1.19687
1.19682
1.19679
1.19677
1.19677
1.19678
1.19681
1.19684
1.19689
1.19696
1.19703
1.19712
1.19722
1.19734
1.19746
1.19759
1.19774
1.19789
1.19806
1.19823
1.19842
1.19861
1.19881
1.19901
1.19923
1.19945
1.19968
1.19991
1.20014
1.20039
1.20063
1.20088
1.20114
1.20139
1.20165
1.20191
1.20217
1.20244
1.2027
1.20297
1.20323
1.2035
1.20376
1.20403
1.20429
1.20455
1.20481
1.20507
1.20533
1.20559
1.20584
1.20609
1.20634
1.20658
1.20682
1.20706
1.20729
1.20752
1.20775
1.20797
1.20819
1.20841
1.20862
1.20883
1.20903
1.20923
1.20942
1.20961
1.2098
1.20998
1.21015
1.21033
1.21049
1.21066
1.21081
1.21097
1.21111
1.21126
1.2114
1.21153
1.21166
1.21178
1.2119
1.21202
1.21212
1.21223
1.21233
1.21242
1.21251
1.2126
1.21268
1.21275
1.21282
1.21289
1.21295
1.213
1.21306
1.2131
1.21314
1.21318
1.21321
1.21324
1.21326
1.21328
1.2133
1.21331
1.21331
1.21331
1.21331
1.2133
1.21329
1.21328
1.21326
1.21324
1.21322
1.21319
1.21316
1.21312
1.21308
1.21304
1.213
1.21295
1.21291
1.21285
1.2128
1.21275
1.21269
1.21263
1.21257
1.21251
1.21245
1.21239
1.21232
1.21226
1.21219
1.21213
1.21206
1.212
1.21193
1.21186
1.2118
1.21173
1.21166
1.2116
1.21153
1.21146
1.2114
1.21133
1.21127
1.2112
1.21114
1.21108
1.21101
1.21095
1.21089
1.21082
1.21076
1.2107
1.21063
1.21057
1.21051
1.21044
1.21038
1.21031
1.21024
1.21017
1.2101
1.21003
1.20996
1.20988
1.2098
1.20973
1.20964
1.20956
1.20947
1.20938
1.20929
1.2092
1.2091
1.209
1.20889
1.20878
1.20867
1.20856
1.20844
1.20832
1.20819
1.20806
1.20793
1.20779
1.20765
1.20751
1.20736
1.20722
1.20706
1.20691
1.20675
1.20659
1.20643
1.20626
1.2061
1.20593
1.20576
1.20559
1.20542
1.20525
1.20507
1.2049
1.20473
1.20455
1.20438
1.20421
1.20404
1.20387
1.20371
1.20354
1.20338
1.20322
1.20307
1.20291
1.20276
1.20261
1.20247
1.20233
1.20219
1.20206
1.20193
1.20181
1.20169
1.20158
1.20147
1.20136
1.20126
1.20116
1.20107
1.20098
1.20089
1.20081
1.20074
1.20067
1.2006
1.20053
1.20047
1.20042
1.20036
1.20031
1.20027
1.20022
1.20018
1.20014
1.20011
1.20007
1.20004
1.20001
1.19998
1.19996
1.19993
1.19991
1.19988
1.19986
1.19984
1.19982
1.1998
1.19978
1.19975
1.19973
1.19971
1.19969
1.19967
1.19965
1.19963
1.19961
1.19958
1.19956
1.19954
1.19951
1.19949
1.19946
1.19943
1.19941
1.19938
1.19935
1.19932
1.19929
1.19926
1.19923
1.1992
1.19916
1.19913
1.1991
1.19906
1.19903
1.19899
1.19895
1.19892
1.19888
1.19884
1.1988
1.19876
1.19873
1.19869
1.19864
1.1986
1.19856
1.19852
1.19848
1.19843
1.19839
1.19835
1.1983
1.19826
1.19821
1.19816
1.19812
1.19807
1.19802
1.19797
1.19792
1.19787
1.19782
1.19777
1.19772
1.19767
1.19762
1.19756
1.19751
1.19745
1.1974
1.19734
1.19729
1.19723
1.19718
1.19712
1.19706
1.19701
1.19695
1.1969
1.19684
1.19999
1.19993
1.19987
1.19981
1.19975
1.19969
1.19963
1.19957
1.19952
1.19946
1.19941
1.19935
1.1993
1.19925
1.19921
1.19916
1.19911
1.19907
1.19903
1.19899
1.19895
1.19892
1.19889
1.19885
1.19882
1.1988
1.19877
1.19874
1.19872
1.1987
1.19868
1.19866
1.19864
1.19863
1.19861
1.19859
1.19858
1.19856
1.19855
1.19854
1.19852
1.19851
1.19849
1.19848
1.19846
1.19844
1.19842
1.1984
1.19838
1.19835
1.19833
1.1983
1.19827
1.19823
1.1982
1.19816
1.19812
1.19807
1.19802
1.19797
1.19792
1.19786
1.1978
1.19774
1.19767
1.1976
1.19752
1.19745
1.19737
1.19729
1.1972
1.19712
1.19703
1.19694
1.19684
1.19675
1.19666
1.19656
1.19646
1.19637
1.19627
1.19617
1.19608
1.19598
1.19589
1.1958
1.19571
1.19562
1.19554
1.19546
1.19538
1.19531
1.19524
1.19518
1.19512
1.19507
1.19503
1.19499
1.19495
1.19492
1.1949
1.19489
1.19489
1.19489
1.1949
1.19491
1.19494
1.19497
1.19501
1.19506
1.19512
1.19518
1.19525
1.19533
1.19542
1.19551
1.19561
1.19572
1.19583
1.19595
1.19608
1.19621
1.19635
1.19649
1.19664
1.19679
1.19694
1.1971
1.19726
1.19742
1.19759
1.19776
1.19793
1.1981
1.19827
1.19844
1.19861
1.19878
1.19895
1.19912
1.19928
1.19945
1.19961
1.19977
1.19992
1.20007
1.20022
1.20037
1.20051
1.20064
1.20077
1.2009
1.20102
1.20113
1.20125
1.20135
1.20145
1.20154
1.20163
1.20171
1.20179
1.20186
1.20192
1.20198
1.20203
1.20208
1.20212
1.20215
1.20218
1.2022
1.20222
1.20223
1.20224
1.20224
1.20224
1.20223
1.20221
1.2022
1.20217
1.20215
1.20212
1.20208
1.20204
1.202
1.20196
1.20191
1.20186
1.20181
1.20175
1.20169
1.20163
1.20157
1.20151
1.20144
1.20138
1.20131
1.20124
1.20118
1.20111
1.20104
1.20098
1.20091
1.20084
1.20078
1.20071
1.20065
1.20059
1.20053
1.20047
1.20041
1.20036
1.20031
1.20026
1.20021
1.20017
1.20012
1.20009
1.20005
1.20002
1.19999
1.19996
1.19994
1.19992
1.1999
1.19989
1.19988
1.19987
1.19987
1.19987
1.19987
1.19988
1.1999
1.19991
1.19993
1.19995
1.19998
1.20001
1.20004
1.20008
1.20012
1.20017
1.20021
1.20026
1.20032
1.20037
1.20043
1.2005
1.20056
1.20063
1.2007
1.20078
1.20085
1.20093
1.20101
1.2011
1.20118
1.20127
1.20136
1.20145
1.20154
1.20164
1.20173
1.20183
1.20193
1.20203
1.20213
1.20224
1.20234
1.20244
1.20255
1.20266
1.20276
1.20287
1.20298
1.20308
1.20319
1.2033
1.20341
1.20351
1.20362
1.20373
1.20383
1.20394
1.20405
1.20415
1.20425
1.20436
1.20446
1.20456
1.20466
1.20476
1.20486
1.20495
1.20505
1.20514
1.20524
1.20533
1.20542
1.2055
1.20559
1.20567
1.20576
1.20584
1.20591
1.20599
1.20607
1.20614
1.20621
1.20627
1.20634
1.2064
1.20646
1.20652
1.20658
1.20663
1.20668
1.20673
1.20678
1.20682
1.20686
1.2069
1.20693
1.20696
1.20699
1.20702
1.20704
1.20706
1.20708
1.2071
1.20711
1.20712
1.20712
1.20713
1.20713
1.20713
1.20712
1.20711
1.2071
1.20709
1.20707
1.20705
1.20703
1.207
1.20698
1.20695
1.20691
1.20688
1.20684
1.2068
1.20676
1.20671
1.20666
1.20661
1.20656
1.2065
1.20645
1.20639
1.20633
1.20626
1.2062
1.20613
1.20607
1.206
1.20593
1.20585
1.20578
1.20571
1.20563
1.20555
1.20548
1.2054
1.20532
1.20524
1.20516
1.20508
1.20501
1.20493
1.20485
1.20477
1.20469
1.20462
1.20454
1.20446
1.20439
1.20432
1.20425
1.20418
1.20411
1.20404
1.20398
1.20391
1.20385
1.20379
1.20374
1.20368
1.20363
1.20359
1.20354
1.2035
1.20346
1.20342
1.20339
1.20336
1.20333
1.20331
1.20329
1.20327
1.20326
1.20325
1.20325
1.20325
1.20325
1.20325
1.20326
1.20328
1.20329
1.20332
1.20334
1.20337
1.2034
1.20344
1.20347
1.20352
1.20356
1.20361
1.20366
1.20372
1.20378
1.20384
1.2039
1.20397
1.20404
1.20411
1.20419
1.20426
1.20434
1.20442
1.20451
1.20459
1.20468
1.20476
1.20485
1.20494
1.20503
1.20512
1.20521
1.2053
1.2054
1.20549
1.20558
1.20567
1.20576
1.20585
1.20594
1.20603
1.20612
1.2062
1.20629
1.20637
1.20645
1.20653
1.20661
1.20668
1.20675
1.20682
1.20689
1.20695
1.20701
1.20707
1.20712
1.20717
1.20722
1.20726
1.2073
1.20733
1.20736
1.20739
1.20741
1.20743
1.20744
1.20745
1.20745
1.20745
1.20744
1.20743
1.20742
1.20739
1.20737
1.20733
1.2073
1.20725
1.20721
1.20715
1.20709
1.20703
1.20696
1.20688
1.2068
1.20671
1.20662
1.20652
1.20641
1.2063
1.20619
1.20606
1.20594
1.2058
1.20567
1.20552
1.20537
1.20522
1.20506
1.20489
1.20472
1.20454
1.20436
1.20417
1.20398
1.20378
1.20358
1.20337
1.20316
1.20294
1.20272
1.2025
1.20227
1.20203
1.20179
1.20155
1.2013
1.20105
1.20079
1.20053
1.20027
1.2
1.19973
1.19946
1.19918
1.1989
1.19861
1.19833
1.19804
1.19774
1.19745
1.19715
1.19685
1.19654
1.19623
1.19592
1.19561
1.19529
1.19497
1.19465
1.19433
1.19401
1.19368
1.19335
1.19302
1.19268
1.19234
1.19201
1.19166
1.19132
1.19098
1.19063
1.19028
1.18993
1.18958
1.18922
1.18887
1.18851
1.18815
1.18779
1.18743
1.18707
1.1867
1.18634
1.18597
1.18561
1.18525
1.18488
1.18452
1.18415
1.18379
1.18343
1.18307
1.18271
1.18236
1.182
1.18165
1.18131
1.18097
1.18063
1.1803
1.17997
1.17966
1.17934
1.17904
1.17874
1.17845
1.17817
1.1779
1.17764
1.1774
1.17716
1.17694
1.17672
1.17653
1.17634
1.17617
1.17602
1.17588
1.17576
1.17565
1.17556
1.17549
1.17544
1.1754
1.17538
1.17538
1.1754
1.17544
1.1755
1.17558
1.17567
1.17579
1.17593
1.17608
1.17625
1.17644
1.17665
1.17688
1.17712
1.17739
1.17766
1.17796
1.17827
1.1786
1.17894
1.17929
1.17966
1.18004
1.18044
1.18084
1.18126
1.18168
1.18212
1.18256
1.18301
1.18347
1.18393
1.1844
1.18488
1.18536
1.18584
1.18633
1.18681
1.1873
1.18779
1.18828
1.18877
1.18926
1.18975
1.19023
1.19071
1.19119
1.19166
1.19213
1.1926
1.19306
1.19351
1.19396
1.1944
1.19484
1.19527
1.19569
1.19611
1.19651
1.19691
1.1973
1.19769
1.19806
1.19843
1.19878
1.19913
1.19947
1.1998
1.20012
1.20043
1.20074
1.20103
1.20132
1.20159
1.20186
1.20211
1.20236
1.2026
1.20283
1.20305
1.20326
1.20346
1.20365
1.20383
1.20401
1.20417
1.20433
1.20447
1.20461
1.20474
1.20486
1.20498
1.20508
1.20518
1.20527
1.20535
1.20542
1.20549
1.20554
1.20559
1.20563
1.20567
1.20569
1.20571
1.20573
1.20573
1.20573
1.20572
1.2057
1.20568
1.20565
1.20562
1.20558
1.20553
1.20547
1.20541
1.20535
1.20527
1.2052
1.20511
1.20502
1.20493
1.20483
1.20472
1.20461
1.20449
1.20437
1.20425
1.20411
1.20398
1.20384
1.20369
1.20354
1.20338
1.20323
1.20306
1.20289
1.20272
1.20254
1.20236
1.20218
1.20199
1.2018
1.2016
1.2014
1.20119
1.20099
1.20077
1.20056
1.20034
1.20012
1.19989
1.19966
1.19943
1.1992
1.19896
1.19871
1.19847
1.19822
1.19797
1.19771
1.19746
1.19719
1.19693
1.19666
1.19639
1.19612
1.19585
1.19557
1.19529
1.19501
1.19472
1.19443
1.19414
1.19385
1.19355
1.19325
1.19295
1.19265
1.19235
1.19204
1.19173
1.19142
1.1911
1.19079
1.19047
1.19015
1.18983
1.18951
1.18919
1.18886
1.18854
1.18821
1.18788
1.18755
1.18722
1.18689
1.18656
1.18623
1.1859
1.18556
1.18523
1.1849
1.18457
1.18423
1.1839
1.18357
1.18325
1.18292
1.18259
1.18227
1.18194
1.18162
1.1813
1.18099
1.18067
1.18036
1.18005
1.17975
1.17945
1.17915
1.17886
1.17857
1.17828
1.178
1.17772
1.17745
1.17719
1.17693
1.17667
1.17642
1.17618
1.17595
1.17572
1.17549
1.17528
1.17507
1.17487
1.17467
1.17448
1.17431
1.17413
1.17397
1.17382
1.17367
1.17353
1.1734
1.17328
1.17317
1.17307
1.17297
1.17289
1.17281
1.17274
1.17268
1.17263
1.17259
1.17256
1.17254
1.17253
1.17252
1.17253
1.17254
1.17256
1.17259
1.17263
1.17268
1.17274
1.1728
1.17287
1.17295
1.17304
1.17314
1.17324
1.17336
1.17348
1.1736
1.17374
1.17388
1.17402
1.17418
1.17434
1.1745
1.17467
1.17485
1.17503
1.17522
1.17541
1.17561
1.17581
1.17602
1.17623
1.17645
1.17667
1.17689
1.17711
1.17734
1.17758
1.17781
1.17805
1.17829
1.17853
1.17877
1.17902
1.17927
1.17951
1.17976
1.18001
1.18027
1.18052
1.18077
1.18102
1.18128
1.18153
1.18178
1.18204
1.18229
1.18254
1.18279
1.18304
1.18329
1.18354
1.18379
1.18404
1.18428
1.18453
1.18477
1.18501
1.18525
1.18549
1.18572
1.18596
1.18619
1.18642
1.18665
1.18687
1.1871
1.18732
1.18754
1.18776
1.18797
1.18819
1.1884
1.18861
1.18882
1.18902
1.18922
1.18942
1.18962
1.18982
1.19001
1.19021
1.1904
1.19059
1.19077
1.19096
1.19114
1.19132
1.1915
1.19168
1.19186
1.19203
1.1922
1.19238
1.19255
1.19271
1.19288
1.19305
1.19321
1.19337
1.19353
1.19369
1.19385
1.19401
1.19417
1.19433
1.19448
1.19463
1.19479
1.19494
1.19509
