-0.0318372
-0.0318372
-0.0318373
-0.0318375
-0.0318377
-0.031838
-0.0318384
-0.0318388
-0.0318393
-0.0318398
-0.0318404
-0.0318411
-0.0318418
-0.0318426
-0.0318435
-0.0318444
-0.0318454
-0.0318464
-0.0318475
-0.0318487
-0.03185
-0.0318513
-0.0318526
-0.0318541
-0.0318556
-0.0318571
-0.0318587
-0.0318604
-0.0318622
-0.031864
-0.0318659
-0.0318678
-0.0318698
-0.0318719
-0.031874
-0.0318762
-0.0318784
-0.0318808
-0.0318831
-0.0318856
-0.0318881
-0.0318907
-0.0318933
-0.031896
-0.0318987
-0.0319016
-0.0319045
-0.0319074
-0.0319104
-0.0319135
-0.0319166
-0.0319198
-0.0319231
-0.0319264
-0.0319298
-0.0319333
-0.0319368
-0.0319403
-0.031944
-0.0319477
-0.0319515
-0.0319553
-0.0319592
-0.0319631
-0.0319672
-0.0319712
-0.0319754
-0.0319796
-0.0319839
-0.0319882
-0.0319926
-0.0319971
-0.0320016
-0.0320062
-0.0320108
-0.0320155
-0.0320203
-0.0320251
-0.03203
-0.032035
-0.03204
-0.0320451
-0.0320503
-0.0320555
-0.0320608
-0.0320661
-0.0320715
-0.032077
-0.0320825
-0.0320881
-0.0320938
-0.0320995
-0.0321053
-0.0321112
-0.0321171
-0.0321231
-0.0321291
-0.0321352
-0.0321414
-0.0321476
-0.0321539
-0.0321603
-0.0321667
-0.0321732
-0.0321797
-0.0321863
-0.032193
-0.0321998
-0.0322066
-0.0322134
-0.0322204
-0.0322274
-0.0322344
-0.0322416
-0.0322488
-0.032256
-0.0322633
-0.0322707
-0.0322782
-0.0322857
-0.0322932
-0.0323009
-0.0323086
-0.0323164
-0.0323242
-0.0323321
-0.03234
-0.0323481
-0.0323562
-0.0323643
-0.0323749
-0.0323832
-0.0323939
-0.0324024
-0.0324109
-0.0324194
-0.032428
-0.0324391
-0.0324479
-0.0324567
-0.0324679
-0.0324793
-0.0324883
-0.0324974
-0.0325066
-0.0325182
-0.0325275
-0.0325368
-0.0325463
-0.0325581
-0.0325677
-0.0325797
-0.0325894
-0.0325992
-0.032609
-0.0326189
-0.0326289
-0.0326413
-0.0326514
-0.0326616
-0.0326742
-0.0326845
-0.0326949
-0.0327053
-0.0327158
-0.0327288
-0.0327466
-0.0327597
-0.0327752
-0.0327885
-0.0328018
-0.0328128
-0.0328239
-0.0328351
-0.0328511
-0.0328648
-0.0328761
-0.0328876
-0.0328991
-0.0329154
-0.0329271
-0.0329436
-0.0329577
-0.032972
-0.0329887
-0.0330007
-0.0330128
-0.033025
-0.033042
-0.0330543
-0.033069
-0.0330886
-0.0331035
-0.0331161
-0.0331288
-0.0331439
-0.0331615
-0.0331744
-0.0331897
-0.0332052
-0.033223
-0.0332362
-0.0332519
-0.0332652
-0.0332858
-0.0332992
-0.0333128
-0.0333288
-0.0333449
-0.0333611
-0.0333749
-0.0333889
-0.0334029
-0.0334193
-0.0334335
-0.0334501
-0.0334691
-0.0334859
-0.0335027
-0.0335267
-0.0335414
-0.033556
-0.0335708
-0.0335857
-0.0336029
-0.0336179
-0.0336377
-0.0336552
-0.0336728
-0.0336905
-0.0337059
-0.0337237
-0.033744
-0.0337619
-0.0337776
-0.0337934
-0.0338092
-0.0338298
-0.0338482
-0.033869
-0.0338899
-0.0339085
-0.0339319
-0.0339507
-0.0339672
-0.0339884
-0.0340146
-0.0340336
-0.0340552
-0.0340744
-0.0340914
-0.0341132
-0.0341327
-0.0341546
-0.0341719
-0.0341916
-0.0342114
-0.0342337
-0.0342537
-0.0342737
-0.0342915
-0.0343117
-0.0343344
-0.0343571
-0.0343776
-0.0343957
-0.0344187
-0.0344371
-0.0344602
-0.0344811
-0.0345044
-0.0345231
-0.0345419
-0.0345631
-0.0345867
-0.0346105
-0.0346343
-0.0346558
-0.0346775
-0.0346992
-0.034721
-0.0347405
-0.0347624
-0.0347868
-0.034809
-0.0348359
-0.0348559
-0.0348783
-0.0348984
-0.0349233
-0.0349459
-0.0349663
-0.0349891
-0.035012
-0.0350326
-0.0350557
-0.0350789
-0.0351021
-0.0351231
-0.0351465
-0.03517
-0.0351912
-0.0352173
-0.035241
-0.0352649
-0.0352865
-0.0353081
-0.0353346
-0.0353659
-0.0353902
-0.0354122
-0.0354391
-0.0354637
-0.0354883
-0.0355107
-0.0355332
-0.0355581
-0.0355831
-0.0356082
-0.0356358
-0.0356611
-0.0356841
-0.0357072
-0.0357304
-0.0357537
-0.0357771
-0.0358053
-0.0358312
-0.0358549
-0.035881
-0.0359072
-0.0359311
-0.0359599
-0.0359888
-0.036013
-0.036042
-0.0360688
-0.0360933
-0.0361203
-0.0361497
-0.0361745
-0.0361994
-0.0362243
-0.0362518
-0.0362793
-0.0363141
-0.0363394
-0.0363673
-0.0363928
-0.0364232
-0.036449
-0.0364772
-0.0365055
-0.0365316
-0.0365601
-0.0365887
-0.0366198
-0.0366486
-0.0366752
-0.0367065
-0.0367333
-0.0367601
-0.0367895
-0.0368165
-0.0368436
-0.0368756
-0.036903
-0.0369304
-0.036958
-0.036988
-0.0370205
-0.0370484
-0.037074
-0.0371045
-0.037135
-0.0371633
-0.0371941
-0.0372226
-0.0372559
-0.0372846
-0.0373158
-0.0373471
-0.0373785
-0.03741
-0.0374392
-0.0374686
-0.0374957
-0.0375276
-0.0375596
-0.0375894
-0.0376193
-0.0376493
-0.0376794
-0.037712
-0.0377447
-0.0377751
-0.037808
-0.0378387
-0.0378742
-0.0379075
-0.0379384
-0.0379695
-0.0380008
-0.0380321
-0.0380659
-0.0380974
-0.0381267
-0.0381585
-0.0381904
-0.0382224
-0.0382546
-0.0382868
-0.0383192
-0.0383516
-0.0383842
-0.0384169
-0.0384497
-0.038485
-0.0385205
-0.0385536
-0.0385869
-0.0386203
-0.0386539
-0.0386899
-0.0387284
-0.0387599
-0.0387916
-0.0388304
-0.0388647
-0.0389015
-0.038936
-0.0389706
-0.0390077
-0.0390426
-0.0390871
-0.0391269
-0.0391646
-0.0392047
-0.0392426
-0.0392782
-0.039314
-0.0393522
-0.0393859
-0.039422
-0.0394583
-0.0394947
-0.0395312
-0.0395679
-0.039607
-0.0396439
-0.039681
-0.0397182
-0.0397555
-0.0397953
-0.0398328
-0.0398682
-0.0399084
-0.0399487
-0.0399892
-0.0400251
-0.0400634
-0.040102
-0.0401406
-0.0401818
-0.0402231
-0.0402621
-0.0403013
-0.040343
-0.0403825
-0.0404245
-0.0404642
-0.0405041
-0.0405441
-0.0405843
-0.0406246
-0.0406651
-0.0407057
-0.0407465
-0.0407873
-0.0408331
-0.0408767
-0.0409204
-0.0409619
-0.0410035
-0.0410476
-0.0410895
-0.0411316
-0.0411762
-0.0412185
-0.0412634
-0.0413061
-0.0413489
-0.0413918
-0.041435
-0.0414782
-0.0415217
-0.0415652
-0.0416113
-0.0416529
-0.0416969
-0.0417411
-0.0417855
-0.0418276
-0.0418723
-0.0419195
-0.0419645
-0.0420073
-0.0420526
-0.042098
-0.0421437
-0.0421918
-0.0422402
-0.0422863
-0.0423326
-0.042379
-0.0424256
-0.0424724
-0.0425169
-0.0425664
-0.0426161
-0.0426683
-0.0427183
-0.042766
-0.042814
-0.0428598
-0.0429081
-0.0429518
-0.0430028
-0.043054
-0.043103
-0.0431522
-0.0432016
-0.0432511
-0.0433008
-0.0433578
-0.0434102
-0.0434605
-0.0435132
-0.0435638
-0.0436123
-0.0436632
-0.0437167
-0.0437728
-0.0438243
-0.0438784
-0.0439327
-0.0439871
-0.0440394
-0.0440942
-0.0441444
-0.0441996
-0.044255
-0.0443082
-0.0443617
-0.0444176
-0.0444714
-0.0445254
-0.0445819
-0.0446363
-0.0446909
-0.044748
-0.0448006
-0.0448558
-0.0449112
-0.0449691
-0.0450296
-0.0450856
-0.0451418
-0.0452029
-0.0452619
-0.0453163
-0.0453757
-0.0454306
-0.045488
-0.0455457
-0.0456035
-0.0456616
-0.0457199
-0.0457807
-0.0458418
-0.0459007
-0.0459598
-0.0460239
-0.0460859
-0.046148
-0.0462081
-0.0462683
-0.0463287
-0.0463894
-0.0464527
-0.0465138
-0.0465752
-0.0466391
-0.0467009
-0.046763
-0.0468252
-0.0468901
-0.0469528
-0.0470205
-0.0470837
-0.0471495
-0.0472156
-0.0472818
-0.047346
-0.0474104
-0.047475
-0.0475446
-0.0476073
-0.0476751
-0.0477407
-0.0478065
-0.0478726
-0.0479389
-0.0480031
-0.04807
-0.0481371
-0.0482068
-0.0482744
-0.0483422
-0.0484103
-0.0484811
-0.0485521
-0.0486209
-0.0486901
-0.0487571
-0.0488291
-0.0488991
-0.0489693
-0.0490398
-0.0491129
-0.0491839
-0.0492622
-0.0493338
-0.0494056
-0.0494777
-0.0495501
-0.0496227
-0.0496957
-0.0497689
-0.0498423
-0.0499161
-0.0499925
-0.0500645
-0.0501367
-0.050214
-0.0502892
-0.0503647
-0.0504453
-0.0505237
-0.0506048
-0.0506815
-0.0507585
-0.0508357
-0.0509133
-0.0509912
-0.0510694
-0.0511455
-0.051229
-0.0513081
-0.0513875
-0.0514696
-0.0515497
-0.05163
-0.0517107
-0.051794
-0.0518753
-0.051957
-0.0520389
-0.0521212
-0.0522038
-0.0522891
-0.0523723
-0.0524536
-0.0525375
-0.0526288
-0.0527134
-0.052796
-0.0528813
-0.0529669
-0.0530504
-0.0531367
-0.0532258
-0.0533127
-0.0534001
-0.0534901
-0.0535782
-0.0536666
-0.0537553
-0.0538468
-0.0539387
-0.0540285
-0.0541187
-0.0542093
-0.0542955
-0.0543892
-0.0544809
-0.0545729
-0.054663
-0.0547558
-0.054849
-0.0549426
-0.0550366
-0.0551309
-0.055228
-0.0553231
-0.0554187
-0.0555146
-0.0556133
-0.0557123
-0.0558094
-0.0559046
-0.0560072
-0.0561032
-0.0562019
-0.0563011
-0.0564006
-0.0565054
-0.0566058
-0.0567066
-0.0568078
-0.0569095
-0.0570092
-0.0571117
-0.0572146
-0.057318
-0.0574218
-0.0575285
-0.0576284
-0.0577335
-0.0578391
-0.0579452
-0.0580516
-0.0581586
-0.0582683
-0.0583786
-0.0584892
-0.058598
-0.0587096
-0.0588241
-0.0589342
-0.0590449
-0.0591584
-0.0592724
-0.0593845
-0.0594994
-0.0596125
-0.059726
-0.0598424
-0.059957
-0.0600744
-0.0601923
-0.0603059
-0.0604225
-0.0605419
-0.0606595
-0.0607799
-0.0608985
-0.06102
-0.0611396
-0.0612597
-0.0613828
-0.061504
-0.0616281
-0.061748
-0.0618709
-0.0619942
-0.0621182
-0.062245
-0.06237
-0.0624956
-0.0626217
-0.0627484
-0.0628756
-0.0630034
-0.0631318
-0.0632632
-0.0633927
-0.0635228
-0.0636511
-0.0637824
-0.0639143
-0.0640444
-0.0641751
-0.0643088
-0.064443
-0.0645779
-0.0647134
-0.0648495
-0.0649862
-0.0651235
-0.0652615
-0.0654001
-0.0655393
-0.0656791
-0.0658196
-0.0659607
-0.0661025
-0.0662449
-0.066388
-0.0665294
-0.0666737
-0.0668188
-0.0669645
-0.0671109
-0.0672556
-0.0674057
-0.0675565
-0.0677033
-0.0678554
-0.0680059
-0.0681571
-0.0683067
-0.0684616
-0.0686149
-0.068769
-0.0689261
-0.0690815
-0.0692401
-0.069397
-0.0695546
-0.069713
-0.0698721
-0.070032
-0.070195
-0.0703611
-0.0705232
-0.0706861
-0.0708498
-0.0710166
-0.0711818
-0.0713478
-0.0715122
-0.0716773
-0.071848
-0.0720172
-0.0721871
-0.0723579
-0.072527
-0.0727018
-0.0728773
-0.0730513
-0.0732285
-0.0734042
-0.0735806
-0.073758
-0.0739361
-0.0741152
-0.074295
-0.0744805
-0.0746645
-0.0748469
-0.0750302
-0.0752121
-0.0753971
-0.0755831
-0.0757699
-0.0759577
-0.0761463
-0.0763335
-0.0765239
-0.0767153
-0.0769099
-0.0771031
-0.0772948
-0.0774899
-0.0776858
-0.0778851
-0.078083
-0.0782818
-0.0784815
-0.0786822
-0.0788863
-0.0790889
-0.0792925
-0.0794971
-0.0797003
-0.0799092
-0.0801167
-0.0803252
-0.0805347
-0.08075
-0.0809615
-0.081174
-0.0813875
-0.0816021
-0.0818177
-0.0820343
-0.0822543
-0.0824753
-0.082695
-0.0829134
-0.0831352
-0.0833581
-0.083582
-0.083807
-0.0840354
-0.0842625
-0.0844907
-0.0847199
-0.0849502
-0.0851816
-0.0854165
-0.0856501
-0.0858847
-0.0861205
-0.0863598
-0.0865977
-0.0868368
-0.087077
-0.0873183
-0.0875607
-0.0878019
-0.0880465
-0.0882899
-0.0885392
-0.0887896
-0.0890388
-0.0892891
-0.089543
-0.0897955
-0.0900493
-0.0903018
-0.0905578
-0.0908149
-0.0910756
-0.0913351
-0.0915957
-0.0918574
-0.0921203
-0.0923844
-0.0926496
-0.0929183
-0.0931858
-0.0934545
-0.093722
-0.0939929
-0.094265
-0.0945383
-0.0948127
-0.0950859
-0.095365
-0.0956428
-0.0959218
-0.0962043
-0.0964856
-0.096768
-0.0970515
-0.0973362
-0.0976219
-0.0979088
-0.0981992
-0.0984883
-0.0987785
-0.0990698
-0.0993622
-0.0996557
-0.0999502
-0.100246
-0.100543
-0.10084
-0.101139
-0.101439
-0.101742
-0.102044
-0.102347
-0.102651
-0.102956
-0.103261
-0.103571
-0.103876
-0.104182
-0.104489
-0.1048
-0.105111
-0.105424
-0.105737
-0.106051
-0.106368
-0.106681
-0.107
-0.107317
-0.107634
-0.107953
-0.108272
-0.108594
-0.108915
-0.109236
-0.109558
-0.109882
-0.110208
-0.110533
-0.110857
-0.111181
-0.111506
-0.111833
-0.112158
-0.112484
-0.112812
-0.113138
-0.113464
-0.114117
-0.114438
-0.114758
-0.115074
-0.115393
-0.115712
-0.116028
-0.116346
-0.116667
-0.116985
-0.117302
-0.117621
-0.117937
-0.118253
-0.118568
-0.118883
-0.119192
-0.119505
-0.119816
-0.120127
-0.120437
-0.120746
-0.121056
-0.121357
-0.121665
-0.121968
-0.12227
-0.122573
-0.122874
-0.123171
-0.12347
-0.123763
-0.124056
-0.124347
-0.124634
-0.12492
-0.125201
-0.12548
-0.125756
-0.126029
-0.126299
-0.126566
-0.12683
-0.12709
-0.127347
-0.127601
-0.12785
-0.128096
-0.128338
-0.128573
-0.128806
-0.129035
-0.129261
-0.12948
-0.129695
-0.129904
-0.13011
-0.130309
-0.130502
-0.130689
-0.130871
-0.131046
-0.131215
-0.13138
-0.131536
-0.131688
-0.13183
-0.131963
-0.13209
-0.132211
-0.132323
-0.132428
-0.132525
-0.132613
-0.132693
-0.13276
-0.132823
-0.132876
-0.132921
-0.132956
-0.132982
-0.133
-0.133002
-0.132995
-0.132981
-0.132955
-0.132922
-0.132875
-0.132819
-0.132749
-0.132671
-0.132585
-0.132489
-0.132377
-0.132254
-0.132124
-0.131978
-0.131817
-0.131648
-0.131471
-0.131278
-0.131073
-0.130856
-0.130628
-0.13039
-0.130138
-0.129872
-0.129597
-0.129311
-0.129011
-0.128703
-0.128381
-0.128055
-0.127715
-0.127364
-0.127003
-0.126632
-0.126253
-0.125864
-0.125468
-0.12506
-0.124646
-0.124228
-0.1238
-0.123365
-0.122925
-0.122479
-0.122029
-0.121574
-0.121116
-0.120658
-0.120197
-0.11973
-0.119264
-0.118801
-0.118336
-0.117876
-0.117415
-0.116957
-0.116502
-0.116053
-0.115607
-0.115167
-0.114737
-0.114316
-0.1139
-0.113497
-0.113108
-0.112727
-0.112359
-0.112004
-0.111661
-0.111335
-0.111024
-0.110728
-0.110452
-0.110193
-0.109953
-0.109733
-0.109532
-0.109352
-0.109195
-0.109058
-0.108945
-0.108853
-0.108779
-0.108733
-0.108716
-0.108721
-0.108747
-0.108796
-0.108872
-0.108974
-0.1091
-0.10925
-0.109426
-0.109628
-0.109853
-0.110102
-0.110376
-0.110674
-0.110996
-0.111341
-0.111709
-0.112098
-0.112511
-0.112946
-0.113402
-0.113877
-0.114374
-0.114891
-0.115429
-0.115983
-0.116552
-0.11714
-0.117744
-0.118362
-0.118998
-0.119646
-0.12031
-0.120983
-0.121669
-0.122367
-0.123071
-0.123784
-0.124505
-0.125234
-0.125968
-0.126707
-0.127451
-0.128199
-0.128949
-0.129701
-0.130456
-0.131209
-0.131961
-0.132711
-0.133459
-0.134204
-0.134945
-0.135683
-0.136414
-0.137143
-0.137857
-0.138567
-0.139265
-0.139952
-0.140636
-0.141308
-0.14197
-0.142619
-0.143256
-0.143883
-0.144494
-0.145091
-0.145675
-0.146244
-0.146799
-0.14734
-0.147862
-0.148371
-0.148864
-0.149341
-0.149801
-0.150246
-0.15067
-0.151082
-0.151478
-0.151858
-0.152222
-0.15257
-0.1529
-0.153217
-0.153519
-0.153806
-0.154078
-0.154337
-0.154582
-0.154813
-0.155033
-0.155242
-0.155438
-0.155623
-0.155796
-0.155959
-0.156116
-0.156265
-0.156408
-0.156544
-0.156678
-0.156804
-0.15693
-0.157051
-0.157171
-0.15729
-0.157412
-0.157533
-0.157659
-0.157787
-0.157919
-0.158056
-0.158198
-0.158345
-0.15851
-0.15868
-0.158861
-0.159052
-0.159257
-0.159472
-0.159701
-0.159947
-0.160206
-0.160484
-0.160779
-0.161092
-0.16142
-0.161769
-0.162138
-0.162525
-0.162933
-0.16336
-0.163807
-0.164271
-0.164759
-0.165268
-0.165799
-0.166351
-0.166922
-0.167514
-0.16812
-0.168748
-0.169394
-0.170057
-0.170739
-0.171438
-0.172154
-0.172886
-0.173632
-0.174391
-0.175165
-0.175954
-0.176752
-0.177564
-0.178383
-0.179211
-0.180047
-0.180893
-0.181742
-0.182595
-0.183456
-0.184316
-0.185179
-0.186045
-0.186911
-0.187773
-0.188631
-0.189488
-0.190344
-0.191192
-0.192035
-0.19287
-0.193694
-0.194514
-0.195326
-0.196132
-0.196921
-0.197699
-0.198463
-0.199218
-0.199962
-0.200687
-0.201397
-0.202092
-0.202771
-0.203429
-0.204075
-0.204702
-0.205313
-0.205904
-0.206479
-0.20704
-0.207578
-0.208094
-0.208593
-0.209073
-0.209533
-0.209971
-0.210392
-0.210792
-0.211171
-0.211527
-0.211868
-0.212189
-0.212488
-0.212769
-0.213029
-0.213271
-0.213496
-0.2137
-0.213882
-0.214046
-0.21419
-0.214319
-0.21443
-0.214523
-0.214596
-0.214654
-0.214696
-0.214721
-0.214725
-0.21472
-0.2147
-0.214662
-0.21461
-0.214544
-0.214459
-0.214361
-0.214255
-0.214136
-0.214005
-0.213863
-0.213709
-0.213543
-0.213369
-0.213186
-0.212995
-0.212794
-0.212584
-0.212365
-0.21214
-0.211909
-0.211672
-0.211434
-0.211183
-0.210932
-0.210674
-0.210413
-0.210148
-0.20988
-0.209609
-0.209338
-0.209063
-0.208787
-0.208509
-0.208231
-0.20795
-0.207672
-0.207396
-0.207118
-0.206841
-0.206565
-0.206289
-0.206016
-0.205745
-0.205476
-0.205209
-0.204945
-0.204683
-0.204424
-0.204168
-0.203915
-0.203665
-0.203416
-0.203172
-0.202931
-0.202696
-0.202462
-0.202231
-0.202004
-0.201778
-0.20156
-0.201345
-0.201128
-0.20092
-0.200717
-0.200515
-0.200313
-0.200117
-0.199924
-0.199736
-0.199546
-0.199359
-0.199175
-0.198993
-0.198815
-0.198638
-0.198466
-0.198293
-0.198124
-0.197955
-0.197788
-0.19762
-0.197456
-0.197296
-0.197135
-0.196975
-0.196817
-0.196661
-0.196507
-0.196353
-0.1962
-0.196045
-0.19589
-0.195733
-0.195579
-0.195424
-0.195266
-0.195111
-0.194955
-0.194798
-0.194641
-0.194482
-0.19432
-0.194156
-0.193993
-0.193826
-0.193662
-0.193493
-0.19332
-0.193147
-0.192972
-0.192796
-0.192615
-0.192434
-0.192247
-0.19206
-0.191867
-0.191673
-0.191476
-0.191271
-0.191065
-0.190856
-0.190641
-0.190423
-0.190205
-0.189983
-0.189761
-0.189533
-0.189303
-0.189074
-0.188842
-0.188606
-0.188368
-0.18813
-0.18789
-0.187651
-0.187406
-0.187167
-0.186929
-0.186694
-0.186459
-0.186227
-0.185998
-0.185775
-0.185552
-0.185337
-0.185129
-0.184926
-0.18473
-0.184544
-0.184364
-0.184191
-0.184031
-0.183882
-0.183744
-0.183619
-0.183506
-0.183407
-0.183326
-0.183259
-0.183204
-0.183167
-0.183145
-0.183144
-0.183158
-0.183194
-0.183247
-0.183322
-0.183415
-0.183536
-0.183676
-0.183832
-0.184013
-0.184217
-0.184442
-0.184692
-0.184963
-0.185257
-0.185573
-0.18591
-0.186272
-0.186657
-0.187062
-0.187492
-0.187944
-0.188419
-0.188915
-0.18943
-0.189967
-0.190526
-0.191106
-0.191706
-0.192326
-0.192964
-0.193623
-0.194298
-0.19499
-0.195699
-0.196424
-0.197162
-0.197918
-0.198687
-0.199473
-0.200276
-0.201085
-0.201903
-0.202733
-0.203572
-0.204422
-0.205279
-0.206148
-0.20702
-0.207901
-0.208788
-0.209679
-0.210575
-0.211475
-0.212378
-0.213285
-0.214194
-0.215102
-0.216007
-0.216914
-0.21782
-0.218722
-0.219624
-0.220523
-0.221419
-0.222307
-0.223194
-0.224074
-0.224954
-0.225822
-0.226683
-0.227536
-0.228381
-0.229218
-0.230045
-0.230863
-0.231666
-0.232463
-0.233249
-0.234021
-0.234784
-0.235534
-0.236273
-0.236995
-0.237707
-0.238403
-0.239086
-0.239758
-0.240417
-0.241058
-0.241685
-0.242296
-0.242892
-0.243472
-0.244037
-0.244584
-0.245122
-0.245639
-0.24614
-0.246622
-0.24709
-0.247542
-0.24798
-0.248401
-0.248804
-0.249192
-0.249562
-0.249917
-0.250252
-0.250574
-0.250879
-0.251172
-0.251444
-0.2517
-0.25194
-0.252165
-0.252374
-0.252568
-0.252747
-0.252911
-0.253062
-0.253192
-0.253312
-0.253418
-0.253511
-0.253589
-0.253654
-0.253707
-0.253746
-0.253775
-0.253788
-0.253791
-0.253782
-0.253762
-0.253731
-0.253694
-0.253642
-0.253581
-0.25351
-0.253429
-0.25334
-0.253243
-0.253137
-0.253024
-0.252903
-0.252776
-0.252642
-0.2525
-0.252355
-0.252204
-0.252048
-0.251888
-0.251724
-0.251557
-0.251386
-0.251213
-0.251037
-0.25086
-0.250683
-0.250501
-0.25032
-0.250141
-0.249961
-0.249778
-0.249599
-0.249419
-0.249244
-0.249068
-0.248897
-0.248731
-0.248567
-0.248404
-0.248249
-0.248095
-0.247947
-0.247807
-0.247671
-0.247542
-0.247412
-0.247294
-0.247182
-0.247077
-0.24698
-0.246892
-0.246815
-0.246743
-0.246677
-0.246619
-0.24657
-0.246529
-0.2465
-0.246482
-0.246469
-0.246465
-0.24647
-0.246485
-0.24651
-0.246544
-0.246588
-0.246642
-0.246705
-0.246781
-0.246863
-0.246956
-0.247061
-0.24717
-0.247292
-0.247423
-0.247565
-0.247715
-0.247876
-0.248044
-0.248223
-0.248409
-0.248605
-0.248808
-0.249016
-0.249235
-0.249462
-0.249699
-0.249943
-0.25019
-0.250446
-0.250711
-0.25098
-0.251258
-0.25154
-0.251827
-0.252122
-0.25242
-0.252721
-0.253026
-0.253335
-0.253651
-0.253969
-0.254292
-0.254619
-0.254948
-0.25528
-0.255617
-0.255954
-0.25629
-0.25663
-0.256974
-0.257321
-0.257666
-0.258009
-0.258353
-0.258694
-0.259037
-0.259379
-0.259721
-0.260062
-0.260396
-0.260734
-0.261072
-0.261405
-0.261734
-0.262063
-0.262392
-0.262716
-0.263038
-0.263353
-0.263667
-0.263977
-0.264283
-0.264585
-0.264884
-0.265176
-0.265465
-0.265751
-0.266034
-0.26631
-0.266581
-0.266848
-0.267109
-0.267365
-0.267619
-0.267865
-0.268109
-0.268345
-0.268575
-0.2688
-0.269025
-0.26924
-0.269449
-0.269651
-0.26985
-0.270043
-0.270232
-0.270415
-0.270596
-0.270769
-0.270939
-0.271102
-0.27126
-0.271412
-0.271563
-0.271707
-0.271849
-0.271985
-0.272118
-0.272245
-0.272368
-0.272489
-0.272602
-0.272713
-0.272826
-0.272931
-0.273032
-0.273128
-0.273223
-0.273315
-0.273404
-0.273491
-0.273576
-0.273658
-0.273738
-0.273816
-0.273889
-0.273966
-0.274038
-0.274109
-0.274179
-0.274247
-0.274314
-0.27438
-0.274447
-0.274511
-0.274577
-0.274639
-0.274699
-0.274763
-0.274824
-0.274887
-0.274947
-0.27501
-0.275069
-0.275127
-0.275186
-0.275246
-0.275305
-0.275364
-0.275426
-0.275483
-0.275542
-0.275599
-0.275659
-0.275716
-0.275775
-0.275835
-0.275894
-0.275953
-0.276012
-0.276072
-0.276133
-0.276189
-0.276248
-0.276306
-0.276364
-0.276422
-0.276477
-0.276534
-0.276591
-0.276647
-0.276703
-0.27676
-0.276815
-0.276868
-0.276919
-0.276972
-0.277026
-0.27708
-0.27713
-0.27718
-0.277228
-0.277276
-0.277326
-0.277368
-0.277413
-0.277458
-0.277501
-0.277544
-0.277587
-0.277628
-0.277664
-0.277703
-0.277745
-0.277783
-0.277821
-0.277855
-0.277891
-0.277925
-0.27796
-0.277992
-0.278027
-0.278063
-0.278096
-0.278129
-0.278162
-0.278198
-0.278233
-0.278265
-0.278298
-0.278328
-0.278361
-0.278394
-0.278425
-0.278459
-0.278493
-0.278526
-0.278558
-0.278596
-0.278633
-0.278672
-0.27871
-0.278749
-0.278788
-0.278828
-0.27887
-0.278912
-0.278953
-0.278998
-0.279044
-0.27909
-0.279141
-0.27919
-0.27924
-0.279292
-0.279345
-0.279397
-0.279453
-0.27951
-0.279568
-0.279628
-0.279689
-0.279751
-0.279817
-0.279882
-0.279946
-0.280011
-0.280079
-0.280152
-0.280225
-0.280298
-0.280371
-0.280446
-0.280602
-0.28068
-0.280753
-0.28083
-0.280908
-0.280985
-0.281065
-0.281146
-0.281227
-0.28131
-0.281393
-0.281478
-0.281565
-0.28165
-0.281737
-0.281826
-0.281917
-0.282005
-0.282095
-0.282188
-0.282281
-0.282376
-0.28247
-0.282566
-0.28266
-0.282757
-0.28286
-0.282958
-0.283057
-0.283157
-0.283257
-0.283358
-0.283459
-0.283564
-0.283667
-0.28377
-0.283877
-0.283982
-0.284088
-0.284196
-0.284303
-0.284411
-0.28452
-0.284629
-0.28474
-0.284851
-0.284961
-0.285074
-0.285188
-0.285305
-0.285421
-0.285541
-0.285662
-0.285781
-0.285902
-0.286019
-0.28614
-0.286262
-0.286386
-0.286513
-0.286642
-0.286774
-0.286906
-0.287039
-0.287174
-0.287311
-0.287451
-0.287591
-0.287733
-0.287874
-0.288019
-0.288166
-0.288315
-0.288463
-0.288616
-0.28877
-0.288925
-0.289081
-0.289242
-0.289404
-0.289569
-0.289736
-0.289904
-0.290073
-0.290246
-0.290421
-0.290598
-0.290777
-0.29096
-0.291144
-0.291334
-0.291523
-0.291715
-0.291907
-0.292098
-0.292293
-0.29249
-0.292687
-0.292886
-0.293089
-0.293296
-0.293501
-0.293711
-0.293922
-0.294134
-0.294347
-0.294562
-0.294779
-0.295
-0.295224
-0.295445
-0.295668
-0.295891
-0.296119
-0.296347
-0.296575
-0.296806
-0.297033
-0.297263
-0.297494
-0.297724
-0.297957
-0.29819
-0.298427
-0.298664
-0.298899
-0.299134
-0.299372
-0.299611
-0.299845
-0.300081
-0.30032
-0.300556
-0.30079
-0.301026
-0.301262
-0.301498
-0.30173
-0.301965
-0.302199
-0.302432
-0.302662
-0.302894
-0.303123
-0.303357
-0.303584
-0.303809
-0.304039
-0.304264
-0.304486
-0.304708
-0.304929
-0.305149
-0.305367
-0.305581
-0.305793
-0.306006
-0.306216
-0.306425
-0.306632
-0.306836
-0.307041
-0.307238
-0.307438
-0.307634
-0.307826
-0.308014
-0.308201
-0.308386
-0.308568
-0.308747
-0.308926
-0.309099
-0.309269
-0.309436
-0.3096
-0.309763
-0.309916
-0.310069
-0.31022
-0.310365
-0.310508
-0.31065
-0.310789
-0.310921
-0.31105
-0.311172
-0.311293
-0.31141
-0.311523
-0.311632
-0.311736
-0.311837
-0.311933
-0.312025
-0.312112
-0.312198
-0.312281
-0.312355
-0.312427
-0.312497
-0.312558
-0.312614
-0.312665
-0.312711
-0.312753
-0.312787
-0.312819
-0.312846
-0.312869
-0.312886
-0.312898
-0.312906
-0.312906
-0.312903
-0.312895
-0.312885
-0.312867
-0.31284
-0.312814
-0.312784
-0.312743
-0.312698
-0.31265
-0.312597
-0.312534
-0.312471
-0.312401
-0.312328
-0.312248
-0.312166
-0.312078
-0.311986
-0.31189
-0.311786
-0.31168
-0.311569
-0.31145
-0.311331
-0.311205
-0.311077
-0.310948
-0.310814
-0.310675
-0.310529
-0.310384
-0.310234
-0.31008
-0.309923
-0.309762
-0.309599
-0.309435
-0.309267
-0.309091
-0.308917
-0.308744
-0.308566
-0.308386
-0.308205
-0.308025
-0.307841
-0.307656
-0.30747
-0.307283
-0.307094
-0.306906
-0.306717
-0.306527
-0.306345
-0.306156
-0.305976
-0.305789
-0.305608
-0.305426
-0.305248
-0.30507
-0.304894
-0.30472
-0.304548
-0.304379
-0.304213
-0.304047
-0.303887
-0.303735
-0.303582
-0.303432
-0.303289
-0.303147
-0.303009
-0.302875
-0.302746
-0.302619
-0.302498
-0.30239
-0.302278
-0.302172
-0.302072
-0.301975
-0.301883
-0.301791
-0.301709
-0.301631
-0.301558
-0.301489
-0.301428
-0.301369
-0.301314
-0.301264
-0.301221
-0.301179
-0.301139
-0.301108
-0.301078
-0.301052
-0.301031
-0.301011
-0.300993
-0.300981
-0.300972
-0.300966
-0.300962
-0.300957
-0.300952
-0.30095
-0.30095
-0.300951
-0.300949
-0.300951
-0.300953
-0.300952
-0.300953
-0.300953
-0.300952
-0.300949
-0.300945
-0.300939
-0.300929
-0.30092
-0.300909
-0.300893
-0.300873
-0.300851
-0.300826
-0.300794
-0.300755
-0.300717
-0.300671
-0.300619
-0.300563
-0.3005
-0.300432
-0.300357
-0.300277
-0.300189
-0.300095
-0.299994
-0.299886
-0.299773
-0.29965
-0.29952
-0.299382
-0.299236
-0.29908
-0.298919
-0.298752
-0.298574
-0.298389
-0.298193
-0.297989
-0.297781
-0.297563
-0.29734
-0.297106
-0.296864
-0.296614
-0.296357
-0.296095
-0.295822
-0.295541
-0.295254
-0.294961
-0.294661
-0.294354
-0.294042
-0.293724
-0.293397
-0.293069
-0.292735
-0.292397
-0.292057
-0.291711
-0.291362
-0.291012
-0.290658
-0.2903
-0.289943
-0.289585
-0.289227
-0.288869
-0.288512
-0.288157
-0.287804
-0.287452
-0.287105
-0.286763
-0.286425
-0.286093
-0.285767
-0.285448
-0.285139
-0.284836
-0.284539
-0.284253
-0.283981
-0.283719
-0.283466
-0.283225
-0.283001
-0.28279
-0.282594
-0.282414
-0.282247
-0.282099
-0.281969
-0.281856
-0.281762
-0.281687
-0.281636
-0.281597
-0.281577
-0.281585
-0.281608
-0.281658
-0.281729
-0.281821
-0.281939
-0.282077
-0.282237
-0.28242
-0.282622
-0.282851
-0.283103
-0.283376
-0.283673
-0.283994
-0.284336
-0.284701
-0.285088
-0.285496
-0.285929
-0.286379
-0.286849
-0.287339
-0.287848
-0.288373
-0.288916
-0.289477
-0.290056
-0.290654
-0.291267
-0.291893
-0.292532
-0.293186
-0.29385
-0.294523
-0.295209
-0.295906
-0.29661
-0.297322
-0.298041
-0.298765
-0.299495
-0.300229
-0.300966
-0.301706
-0.302446
-0.303188
-0.303929
-0.304669
-0.305406
-0.306141
-0.306871
-0.307595
-0.308315
-0.309029
-0.309735
-0.310431
-0.31112
-0.311799
-0.312468
-0.313128
-0.313774
-0.314404
-0.315024
-0.315628
-0.316218
-0.316793
-0.317351
-0.317887
-0.318411
-0.318916
-0.319402
-0.319872
-0.320319
-0.320743
-0.321148
-0.321532
-0.321893
-0.322232
-0.322548
-0.322838
-0.323106
-0.32335
-0.323571
-0.323767
-0.32393
-0.324072
-0.324187
-0.324274
-0.324336
-0.324371
-0.324379
-0.324362
-0.324315
-0.324242
-0.324142
-0.324011
-0.323859
-0.323673
-0.323459
-0.323217
-0.322952
-0.322656
-0.322332
-0.321984
-0.32161
-0.321205
-0.320778
-0.320325
-0.319849
-0.319346
-0.318824
-0.318279
-0.317714
-0.317128
-0.316522
-0.3159
-0.315261
-0.314607
-0.313939
-0.313259
-0.312567
-0.311866
-0.311152
-0.310437
-0.309717
-0.308995
-0.308271
-0.307544
-0.306825
-0.306108
-0.3054
-0.304699
-0.304014
-0.303339
-0.302676
-0.302033
-0.301409
-0.300806
-0.300225
-0.299669
-0.299142
-0.298641
-0.298164
-0.297724
-0.29732
-0.296947
-0.296612
-0.296312
-0.296052
-0.295828
-0.295644
-0.2955
-0.295397
-0.295335
-0.295314
-0.295335
-0.295398
-0.295502
-0.29565
-0.295838
-0.296065
-0.29633
-0.296637
-0.29698
-0.297359
-0.297774
-0.298227
-0.29871
-0.299225
-0.299772
-0.300349
-0.300952
-0.301579
-0.302238
-0.302915
-0.303615
-0.304333
-0.305069
-0.305824
-0.306587
-0.307367
-0.308161
-0.308962
-0.309772
-0.310586
-0.31141
-0.312235
-0.313062
-0.31389
-0.31472
-0.315543
-0.316366
-0.317181
-0.317993
-0.318798
-0.319597
-0.320382
-0.321155
-0.321923
-0.322677
-0.323418
-0.324145
-0.324857
-0.325553
-0.326236
-0.326901
-0.327545
-0.328171
-0.328778
-0.329365
-0.329932
-0.33048
-0.331006
-0.331505
-0.331987
-0.332444
-0.332877
-0.333286
-0.33367
-0.33403
-0.334368
-0.334678
-0.334964
-0.335222
-0.335454
-0.335662
-0.33584
-0.335994
-0.336115
-0.336212
-0.336281
-0.336322
-0.336335
-0.336319
-0.336276
-0.336199
-0.336095
-0.335966
-0.335805
-0.335617
-0.335399
-0.335153
-0.334881
-0.334578
-0.334246
-0.333887
-0.333496
-0.333077
-0.332629
-0.332152
-0.331644
-0.33111
-0.330548
-0.32996
-0.329342
-0.328694
-0.32802
-0.32732
-0.326597
-0.325843
-0.325061
-0.324253
-0.323422
-0.322569
-0.321687
-0.320781
-0.319854
-0.318904
-0.317934
-0.316941
-0.315927
-0.314894
-0.313841
-0.312769
-0.31168
-0.310575
-0.309461
-0.308329
-0.307184
-0.306019
-0.304845
-0.303662
-0.302465
-0.301263
-0.300053
-0.298837
-0.297617
-0.296394
-0.295168
-0.29394
-0.292714
-0.291489
-0.290269
-0.289052
-0.287847
-0.286647
-0.285456
-0.284276
-0.283109
-0.281955
-0.280817
-0.279698
-0.278598
-0.277515
-0.276453
-0.275414
-0.274402
-0.273413
-0.272451
-0.271515
-0.270608
-0.269735
-0.268893
-0.268083
-0.26731
-0.266572
-0.265871
-0.265207
-0.264582
-0.263997
-0.263451
-0.262949
-0.262486
-0.262066
-0.261688
-0.261353
-0.261064
-0.260817
-0.260615
-0.260454
-0.26034
-0.26027
-0.260245
-0.260264
-0.260326
-0.260442
-0.260592
-0.260785
-0.261018
-0.261295
-0.261615
-0.261971
-0.262369
-0.262808
-0.263283
-0.263794
-0.264341
-0.264923
-0.265539
-0.266187
-0.266866
-0.267575
-0.268313
-0.269079
-0.269876
-0.270692
-0.271532
-0.272392
-0.273274
-0.274174
-0.275093
-0.276032
-0.276981
-0.277946
-0.278923
-0.279911
-0.280908
-0.281914
-0.282927
-0.283948
-0.28497
-0.285996
-0.287024
-0.288053
-0.289084
-0.29011
-0.291135
-0.292156
-0.293172
-0.294176
-0.295183
-0.296181
-0.297171
-0.29815
-0.299121
-0.300083
-0.301034
-0.301976
-0.302904
-0.303819
-0.304722
-0.305614
-0.306489
-0.307354
-0.308201
-0.309034
-0.309853
-0.310651
-0.31144
-0.312212
-0.312972
-0.313717
-0.314444
-0.315152
-0.315848
-0.316524
-0.317193
-0.317842
-0.318477
-0.319096
-0.3197
-0.320286
-0.320863
-0.321423
-0.321969
-0.322498
-0.323018
-0.323521
-0.324012
-0.324489
-0.324953
-0.325406
-0.325847
-0.326273
-0.326688
-0.32709
-0.327479
-0.327856
-0.328225
-0.328585
-0.328932
-0.329269
-0.329596
-0.329914
-0.330221
-0.33052
-0.330809
-0.331092
-0.331364
-0.331628
-0.331883
-0.332131
-0.332371
-0.332603
-0.332828
-0.333046
-0.333257
-0.333461
-0.333658
-0.333852
-0.334036
-0.334213
-0.334385
-0.334557
-0.334718
-0.334871
-0.335022
-0.335167
-0.335309
-0.335444
-0.335574
-0.335699
-0.33582
-0.335936
-0.336047
-0.336157
-0.33626
-0.336361
-0.336455
-0.336546
-0.336632
-0.336718
-0.336797
-0.33687
-0.336941
-0.33701
-0.337077
-0.337136
-0.337191
-0.337246
-0.337298
-0.337344
-0.337387
-0.337429
-0.337467
-0.337503
-0.337537
-0.337568
-0.337601
-0.337627
-0.33765
-0.33767
-0.337689
-0.337707
-0.33772
-0.337729
-0.337738
-0.337747
-0.337754
-0.337754
-0.33775
-0.337746
-0.337743
-0.337738
-0.337726
-0.337718
-0.337707
-0.337698
-0.33769
-0.337677
-0.337661
-0.337644
-0.337625
-0.337605
-0.337582
-0.337559
-0.337538
-0.337509
-0.337484
-0.337458
-0.337431
-0.337404
-0.337375
-0.337344
-0.337315
-0.337292
-0.337264
-0.337237
-0.337209
-0.337177
-0.337148
-0.337116
-0.337082
-0.337055
-0.337023
-0.336988
-0.336957
-0.336927
-0.336896
-0.336865
-0.336837
-0.336806
-0.336777
-0.336747
-0.336716
-0.336688
-0.33666
-0.336631
-0.336605
-0.336579
-0.336555
-0.336531
-0.336508
-0.336487
-0.336466
-0.336446
-0.336428
-0.336413
-0.336394
-0.336379
-0.336365
-0.336352
-0.336339
-0.336329
-0.33632
-0.336313
-0.336307
-0.336303
-0.3363
-0.336297
-0.336293
-0.336293
-0.336297
-0.336302
-0.336307
-0.336313
-0.336324
-0.336336
-0.336347
-0.336362
-0.336377
-0.336393
-0.336416
-0.336438
-0.336462
-0.336485
-0.336512
-0.336541
-0.336571
-0.336603
-0.336637
-0.336669
-0.336709
-0.336747
-0.336784
-0.336826
-0.336868
-0.336913
-0.336958
-0.337005
-0.337053
-0.337101
-0.337152
-0.337204
-0.337257
-0.337311
-0.337367
-0.337423
-0.337481
-0.337539
-0.337601
-0.337661
-0.337721
-0.337783
-0.337845
-0.337907
-0.337968
-0.338033
-0.338097
-0.338163
-0.338225
-0.338289
-0.338353
-0.338417
-0.338481
-0.338544
-0.338603
-0.338665
-0.338727
-0.338786
-0.338844
-0.338908
-0.338969
-0.339026
-0.339083
-0.33914
-0.33919
-0.339242
-0.339292
-0.339342
-0.339388
-0.339432
-0.339473
-0.339512
-0.339548
-0.339582
-0.339613
-0.33964
-0.339665
-0.339688
-0.339706
-0.33972
-0.339727
-0.339728
-0.33973
-0.339728
-0.33972
-0.339708
-0.339691
-0.339669
-0.339642
-0.339609
-0.339571
-0.339524
-0.339473
-0.339416
-0.339353
-0.339283
-0.339208
-0.339124
-0.339032
-0.338935
-0.338829
-0.338716
-0.338593
-0.338461
-0.338321
-0.338172
-0.338018
-0.337853
-0.337676
-0.337484
-0.337287
-0.337082
-0.33687
-0.336641
-0.3364
-0.33615
-0.335889
-0.335619
-0.335335
-0.335041
-0.334729
-0.334409
-0.334079
-0.333734
-0.33338
-0.333012
-0.332629
-0.332234
-0.331828
-0.331406
-0.330967
-0.330514
-0.330053
-0.329578
-0.329091
-0.32859
-0.328076
-0.327549
-0.327009
-0.326456
-0.325891
-0.325312
-0.324722
-0.324119
-0.323505
-0.322879
-0.322241
-0.321593
-0.320934
-0.320263
-0.319584
-0.318896
-0.318201
-0.317496
-0.316784
-0.316064
-0.315338
-0.314607
-0.31387
-0.313134
-0.31239
-0.311643
-0.310897
-0.31015
-0.309403
-0.308654
-0.307912
-0.307168
-0.306427
-0.305692
-0.304959
-0.304234
-0.303516
-0.302811
-0.302117
-0.301431
-0.300757
-0.300095
-0.299447
-0.298815
-0.2982
-0.297599
-0.297014
-0.296449
-0.295904
-0.295383
-0.294881
-0.294395
-0.293934
-0.293498
-0.293085
-0.292693
-0.292325
-0.291982
-0.291663
-0.29137
-0.291101
-0.290858
-0.290638
-0.290445
-0.29028
-0.290138
-0.290023
-0.289933
-0.289862
-0.289817
-0.289796
-0.289798
-0.289822
-0.289869
-0.289934
-0.290023
-0.290129
-0.290259
-0.290405
-0.290564
-0.290746
-0.290943
-0.291156
-0.291383
-0.291625
-0.291884
-0.292152
-0.29243
-0.292718
-0.293016
-0.293323
-0.293637
-0.293962
-0.294291
-0.294625
-0.294965
-0.295308
-0.295656
-0.296007
-0.296358
-0.296706
-0.297062
-0.297419
-0.297777
-0.298139
-0.298495
-0.29885
-0.299204
-0.29956
-0.299907
-0.300252
-0.300596
-0.300936
-0.301276
-0.301609
-0.301939
-0.302267
-0.302588
-0.3029
-0.303212
-0.303519
-0.303822
-0.304119
-0.304412
-0.3047
-0.304982
-0.305262
-0.305539
-0.305809
-0.306071
-0.306327
-0.306576
-0.306823
-0.307064
-0.307298
-0.307531
-0.307757
-0.307978
-0.308194
-0.308405
-0.308611
-0.308815
-0.309011
-0.309201
-0.30939
-0.309572
-0.30975
-0.309925
-0.310093
-0.310257
-0.310414
-0.310574
-0.310724
-0.310873
-0.311012
-0.311149
-0.311282
-0.311411
-0.311535
-0.311658
-0.311772
-0.311886
-0.311994
-0.312097
-0.312194
-0.312289
-0.31238
-0.312464
-0.312545
-0.312621
-0.312695
-0.312766
-0.312834
-0.312896
-0.312952
-0.313006
-0.313058
-0.313103
-0.313145
-0.313182
-0.313215
-0.313242
-0.313267
-0.313288
-0.313304
-0.313317
-0.313323
-0.313327
-0.313328
-0.313324
-0.313316
-0.313304
-0.313289
-0.313269
-0.313247
-0.313217
-0.313188
-0.313149
-0.31311
-0.313064
-0.313014
-0.312963
-0.312908
-0.312849
-0.312787
-0.312721
-0.312646
-0.312573
-0.312496
-0.312416
-0.31233
-0.312243
-0.312153
-0.312059
-0.311963
-0.311863
-0.31176
-0.311654
-0.311546
-0.311434
-0.31132
-0.311203
-0.311081
-0.310962
-0.310838
-0.310711
-0.310583
-0.310454
-0.310322
-0.310187
-0.310051
-0.309913
-0.309774
-0.309633
-0.309493
-0.309352
-0.309206
-0.309061
-0.308915
-0.308768
-0.308624
-0.308474
-0.308327
-0.30818
-0.30803
-0.307886
-0.307739
-0.307593
-0.307448
-0.307304
-0.307164
-0.30702
-0.306878
-0.30674
-0.306601
-0.306467
-0.306333
-0.306204
-0.306075
-0.305951
-0.30583
-0.305711
-0.305597
-0.305487
-0.305383
-0.305278
-0.305178
-0.305085
-0.304996
-0.304915
-0.304838
-0.304768
-0.304702
-0.304642
-0.304586
-0.30454
-0.304496
-0.304458
-0.304427
-0.304403
-0.304385
-0.304374
-0.30437
-0.304373
-0.304384
-0.3044
-0.304425
-0.304458
-0.304499
-0.304548
-0.304604
-0.304665
-0.304737
-0.304819
-0.304909
-0.305004
-0.305106
-0.305217
-0.305335
-0.305461
-0.305594
-0.305735
-0.305888
-0.306043
-0.306205
-0.306374
-0.30655
-0.306733
-0.306919
-0.307115
-0.307316
-0.307521
-0.307733
-0.307952
-0.308175
-0.308403
-0.308634
-0.308874
-0.309113
-0.309361
-0.309613
-0.309863
-0.310122
-0.31038
-0.310642
-0.310905
-0.311173
-0.311436
-0.311707
-0.311974
-0.312241
-0.312512
-0.312784
-0.313056
-0.313327
-0.313601
-0.313869
-0.314138
-0.314407
-0.314673
-0.314941
-0.315206
-0.315467
-0.315726
-0.315981
-0.316234
-0.316482
-0.316728
-0.316972
-0.317211
-0.317447
-0.317676
-0.317906
-0.318127
-0.318346
-0.31856
-0.318769
-0.318976
-0.319176
-0.319373
-0.319557
-0.319741
-0.319922
-0.320095
-0.320263
-0.320425
-0.320581
-0.320731
-0.320873
-0.321009
-0.321142
-0.321268
-0.321389
-0.321505
-0.321614
-0.321713
-0.321809
-0.321899
-0.321983
-0.322062
-0.322133
-0.322198
-0.322257
-0.322309
-0.322353
-0.322393
-0.322422
-0.32245
-0.322469
-0.322484
-0.322493
-0.322496
-0.322493
-0.322481
-0.322466
-0.322447
-0.322419
-0.322384
-0.32234
-0.322297
-0.322244
-0.322185
-0.322123
-0.322054
-0.321981
-0.321903
-0.321818
-0.321728
-0.321629
-0.321525
-0.32142
-0.321306
-0.32119
-0.321068
-0.320939
-0.320806
-0.320668
-0.320525
-0.320376
-0.320221
-0.320063
-0.3199
-0.319735
-0.319565
-0.319388
-0.319205
-0.319019
-0.318829
-0.318632
-0.318431
-0.318229
-0.31802
-0.317811
-0.317597
-0.317376
-0.317154
-0.31693
-0.316696
-0.316463
-0.316227
-0.315983
-0.315743
-0.315497
-0.315248
-0.314996
-0.314742
-0.314487
-0.314225
-0.313962
-0.313702
-0.313435
-0.313169
-0.3129
-0.312626
-0.312351
-0.312075
-0.311796
-0.311516
-0.311235
-0.310955
-0.310671
-0.310387
-0.310101
-0.309815
-0.309527
-0.30924
-0.308952
-0.308664
-0.308377
-0.308086
-0.307798
-0.30751
-0.307222
-0.306932
-0.306647
-0.306361
-0.306076
-0.305791
-0.305508
-0.305226
-0.304947
-0.304668
-0.30439
-0.304118
-0.303841
-0.303566
-0.303298
-0.30303
-0.302761
-0.302498
-0.302236
-0.30198
-0.301724
-0.30147
-0.30122
-0.30097
-0.300723
-0.30048
-0.300242
-0.30001
-0.299779
-0.299551
-0.299328
-0.299105
-0.298887
-0.298672
-0.298464
-0.298259
-0.298059
-0.297863
-0.297672
-0.297485
-0.297302
-0.297124
-0.29695
-0.296783
-0.296619
-0.296462
-0.29631
-0.29616
-0.296015
-0.295877
-0.295745
-0.295615
-0.295493
-0.295376
-0.295262
-0.295153
-0.295049
-0.294951
-0.294858
-0.294771
-0.294693
-0.294617
-0.294548
-0.294483
-0.294421
-0.294367
-0.294318
-0.294275
-0.294238
-0.294207
-0.294181
-0.294161
-0.294147
-0.294141
-0.294138
-0.294141
-0.29415
-0.294162
-0.29418
-0.294209
-0.294241
-0.294282
-0.294323
-0.294375
-0.294428
-0.294489
-0.294559
-0.294634
-0.294712
-0.294794
-0.294885
-0.29498
-0.295079
-0.295184
-0.295297
-0.295416
-0.295537
-0.295667
-0.2958
-0.29594
-0.296086
-0.296236
-0.296392
-0.296552
-0.29672
-0.29689
-0.297068
-0.297249
-0.297437
-0.297628
-0.297826
-0.298026
-0.298234
-0.298444
-0.298661
-0.298885
-0.299111
-0.299342
-0.299577
-0.299816
-0.30006
-0.30031
-0.300563
-0.300821
-0.30108
-0.301343
-0.30161
-0.30188
-0.302153
-0.302429
-0.302709
-0.302994
-0.303282
-0.30357
-0.303861
-0.30416
-0.304453
-0.304753
-0.305049
-0.305351
-0.305655
-0.30596
-0.30627
-0.306583
-0.306893
-0.307201
-0.307512
-0.307825
-0.308135
-0.308448
-0.308761
-0.309072
-0.309383
-0.309696
-0.31001
-0.310322
-0.31063
-0.310939
-0.311245
-0.311557
-0.311861
-0.312164
-0.312465
-0.312766
-0.313062
-0.313356
-0.313646
-0.313933
-0.314217
-0.314499
-0.314776
-0.315048
-0.315316
-0.315579
-0.31584
-0.316093
-0.316344
-0.316587
-0.316824
-0.317055
-0.31728
-0.317498
-0.317708
-0.317913
-0.318108
-0.3183
-0.318488
-0.31866
-0.318822
-0.31898
-0.319129
-0.319269
-0.319401
-0.319522
-0.319635
-0.319737
-0.319826
-0.31991
-0.319981
-0.320041
-0.320088
-0.320125
-0.320151
-0.320162
-0.320164
-0.320156
-0.320133
-0.320094
-0.320045
-0.319986
-0.31991
-0.319823
-0.319722
-0.319605
-0.319472
-0.319326
-0.319166
-0.318991
-0.318801
-0.318593
-0.318373
-0.318138
-0.317887
-0.317623
-0.317342
-0.317044
-0.316728
-0.316402
-0.316057
-0.315697
-0.31532
-0.314928
-0.314518
-0.314094
-0.313657
-0.313203
-0.312733
-0.312247
-0.311747
-0.311232
-0.310704
-0.310164
-0.309603
-0.309028
-0.30844
-0.30784
-0.30723
-0.306606
-0.305969
-0.30532
-0.304661
-0.303993
-0.30331
-0.30262
-0.301921
-0.301213
-0.300498
-0.299773
-0.299044
-0.29831
-0.29757
-0.296827
-0.296077
-0.295325
-0.294573
-0.29382
-0.293068
-0.292315
-0.291564
-0.290818
-0.290073
-0.28933
-0.288594
-0.287863
-0.287138
-0.286422
-0.285715
-0.285017
-0.284329
-0.283653
-0.282988
-0.282339
-0.281703
-0.281076
-0.280465
-0.279871
-0.279294
-0.278734
-0.278192
-0.27767
-0.277165
-0.276679
-0.276212
-0.275769
-0.275344
-0.274937
-0.274557
-0.274196
-0.273857
-0.273541
-0.273246
-0.272975
-0.272726
-0.272499
-0.272296
-0.272115
-0.27196
-0.271825
-0.271713
-0.271623
-0.271561
-0.271516
-0.2715
-0.271499
-0.271522
-0.271562
-0.271628
-0.271712
-0.271816
-0.271941
-0.272086
-0.272252
-0.272433
-0.272635
-0.272855
-0.27309
-0.273345
-0.273613
-0.273902
-0.274207
-0.274532
-0.274866
-0.275216
-0.275579
-0.275957
-0.276349
-0.276756
-0.277173
-0.277601
-0.278043
-0.278496
-0.278959
-0.279429
-0.279904
-0.280392
-0.280889
-0.281393
-0.281904
-0.282422
-0.282943
-0.283473
-0.284007
-0.284544
-0.285087
-0.285634
-0.286184
-0.286734
-0.287287
-0.287843
-0.288404
-0.288962
-0.289519
-0.290081
-0.29064
-0.2912
-0.291757
-0.292312
-0.292868
-0.29342
-0.293968
-0.294514
-0.295059
-0.295599
-0.296137
-0.296669
-0.297199
-0.297722
-0.298241
-0.29876
-0.299269
-0.299771
-0.300272
-0.300766
-0.301252
-0.301735
-0.302212
-0.302686
-0.303152
-0.303615
-0.304522
-0.304967
-0.305407
-0.30584
-0.306268
-0.30669
-0.307109
-0.307517
-0.307925
-0.308324
-0.308718
-0.309107
-0.30949
-0.309869
-0.310244
-0.310615
-0.310978
-0.311337
-0.311691
-0.31204
-0.312387
-0.312725
-0.313061
-0.313394
-0.313717
-0.31404
-0.314362
-0.314677
-0.314985
-0.315293
-0.315596
-0.315893
-0.316191
-0.316482
-0.316772
-0.317056
-0.317332
-0.317608
-0.31788
-0.318146
-0.31841
-0.31867
-0.318926
-0.319176
-0.319423
-0.319666
-0.319907
-0.320139
-0.320368
-0.32059
-0.320807
-0.321021
-0.321229
-0.321433
-0.32163
-0.32182
-0.322006
-0.322188
-0.322361
-0.322528
-0.322681
-0.322836
-0.322982
-0.323121
-0.323255
-0.323378
-0.323494
-0.323601
-0.3237
-0.32379
-0.32387
-0.323945
-0.324009
-0.324063
-0.324108
-0.324143
-0.324168
-0.32418
-0.324183
-0.324177
-0.324163
-0.324137
-0.324099
-0.324055
-0.323996
-0.323925
-0.323843
-0.323749
-0.323642
-0.323526
-0.323398
-0.323257
-0.323106
-0.322944
-0.32277
-0.322585
-0.322389
-0.322181
-0.321962
-0.321727
-0.321485
-0.321233
-0.320971
-0.3207
-0.320414
-0.320121
-0.319815
-0.319499
-0.319177
-0.318848
-0.318509
-0.318161
-0.317802
-0.317438
-0.317068
-0.31669
-0.316308
-0.315919
-0.315526
-0.315125
-0.314721
-0.314312
-0.3139
-0.313484
-0.313067
-0.312647
-0.312226
-0.311805
-0.311383
-0.310961
-0.31054
-0.310118
-0.3097
-0.30928
-0.308868
-0.308456
-0.308054
-0.307653
-0.30726
-0.30687
-0.306486
-0.306108
-0.305737
-0.305375
-0.305016
-0.304667
-0.304329
-0.303997
-0.303674
-0.303359
-0.303052
-0.302759
-0.302473
-0.302197
-0.301931
-0.301677
-0.301428
-0.301192
-0.300966
-0.300746
-0.300543
-0.300347
-0.300164
-0.299989
-0.299826
-0.29967
-0.299523
-0.299386
-0.299259
-0.29914
-0.299031
-0.29893
-0.298835
-0.29875
-0.298674
-0.298608
-0.298547
-0.298494
-0.298447
-0.298407
-0.298375
-0.298346
-0.298328
-0.298316
-0.298304
-0.298301
-0.298303
-0.29831
-0.29832
-0.298337
-0.298358
-0.298381
-0.298408
-0.298442
-0.298477
-0.298516
-0.298563
-0.298611
-0.298659
-0.298711
-0.298768
-0.298828
-0.298891
-0.298958
-0.299025
-0.299095
-0.299167
-0.299241
-0.299315
-0.29939
-0.299472
-0.299553
-0.299635
-0.299721
-0.299806
-0.299892
-0.299982
-0.300067
-0.300154
-0.300243
-0.300333
-0.300425
-0.300515
-0.300608
-0.300701
-0.30079
-0.30088
-0.300967
-0.301055
-0.301141
-0.301227
-0.301315
-0.3014
-0.301483
-0.301569
-0.301649
-0.301727
-0.301803
-0.301879
-0.301949
-0.302018
-0.302085
-0.302149
-0.302211
-0.302267
-0.302323
-0.302376
-0.302425
-0.302471
-0.30251
-0.302549
-0.302585
-0.302617
-0.302648
-0.30267
-0.302691
-0.302708
-0.302723
-0.302733
-0.302738
-0.302738
-0.302738
-0.30273
-0.302719
-0.302706
-0.302688
-0.302664
-0.302636
-0.302606
-0.302569
-0.302531
-0.302486
-0.302435
-0.302382
-0.302325
-0.302264
-0.302195
-0.302126
-0.302053
-0.301977
-0.301899
-0.30182
-0.30173
-0.301636
-0.301541
-0.301441
-0.301339
-0.301235
-0.301126
-0.301015
-0.300901
-0.300786
-0.300666
-0.300543
-0.300417
-0.300289
-0.30016
-0.300026
-0.299891
-0.299753
-0.299612
-0.29947
-0.299325
-0.299184
-0.299038
-0.298886
-0.298735
-0.298582
-0.298428
-0.298273
-0.298114
-0.297957
-0.297798
-0.297639
-0.29748
-0.297319
-0.297159
-0.296998
-0.296837
-0.296678
-0.296517
-0.296356
-0.296196
-0.296034
-0.295874
-0.295716
-0.295556
-0.2954
-0.295245
-0.295091
-0.294939
-0.294788
-0.294639
-0.294494
-0.29435
-0.294207
-0.294067
-0.293929
-0.293794
-0.293662
-0.293531
-0.293405
-0.293282
-0.293163
-0.293049
-0.292937
-0.292829
-0.292722
-0.292625
-0.292526
-0.292437
-0.29235
-0.29227
-0.292195
-0.292123
-0.29205
-0.291988
-0.291933
-0.291881
-0.291834
-0.291793
-0.291757
-0.29173
-0.291701
-0.291685
-0.291673
-0.291666
-0.291666
-0.291671
-0.291683
-0.2917
-0.29172
-0.291749
-0.291786
-0.291828
-0.291874
-0.291929
-0.291989
-0.292056
-0.292132
-0.292213
-0.292298
-0.292389
-0.292484
-0.292589
-0.292697
-0.292812
-0.292932
-0.293055
-0.293186
-0.293322
-0.293463
-0.293612
-0.293764
-0.293919
-0.29408
-0.294244
-0.294419
-0.294595
-0.294774
-0.29496
-0.295148
-0.295339
-0.295534
-0.295733
-0.295933
-0.296141
-0.29635
-0.296564
-0.296778
-0.296995
-0.297215
-0.297437
-0.297661
-0.297885
-0.298113
-0.298343
-0.29857
-0.298803
-0.299037
-0.299272
-0.299509
-0.299746
-0.299984
-0.300222
-0.300461
-0.3007
-0.300937
-0.301177
-0.301416
-0.301655
-0.301894
-0.302133
-0.30237
-0.302608
-0.302844
-0.30308
-0.303314
-0.303548
-0.303782
-0.304013
-0.304243
-0.304474
-0.304701
-0.304928
-0.305156
-0.305381
-0.305601
-0.305819
-0.306035
-0.306249
-0.306464
-0.306674
-0.306882
-0.307088
-0.307292
-0.307493
-0.307693
-0.307889
-0.308084
-0.308278
-0.308466
-0.30865
-0.308835
-0.309018
-0.309198
-0.309375
-0.309552
-0.309722
-0.309894
-0.310057
-0.310221
-0.310386
-0.310543
-0.3107
-0.310855
-0.311007
-0.311151
-0.311298
-0.311443
-0.311585
-0.311724
-0.311861
-0.311993
-0.312125
-0.312252
-0.312379
-0.312508
-0.312628
-0.312748
-0.312865
-0.312985
-0.313102
-0.313213
-0.313321
-0.313429
-0.313533
-0.313636
-0.313736
-0.313832
-0.313927
-0.314022
-0.314113
-0.314203
-0.314292
-0.314374
-0.314458
-0.314538
-0.314617
-0.314693
-0.314769
-0.314842
-0.314917
-0.314985
-0.315052
-0.315119
-0.315184
-0.315243
-0.315305
-0.315365
-0.315421
-0.315472
-0.315523
-0.315573
-0.315622
-0.315665
-0.315711
-0.315755
-0.3158
-0.315841
-0.315881
-0.315919
-0.315955
-0.315993
-0.316026
-0.316058
-0.316091
-0.316123
-0.31615
-0.316179
-0.316201
-0.316225
-0.316247
-0.31627
-0.316292
-0.31631
-0.316326
-0.316341
-0.316355
-0.31637
-0.316382
-0.316392
-0.3164
-0.316408
-0.316416
-0.316421
-0.316422
-0.316424
-0.316428
-0.316427
-0.316423
-0.316421
-0.316414
-0.316406
-0.3164
-0.316392
-0.316382
-0.316372
-0.31636
-0.316347
-0.316333
-0.316314
-0.316295
-0.316277
-0.316257
-0.316236
-0.316211
-0.316188
-0.316158
-0.316132
-0.316104
-0.316075
-0.316044
-0.316012
-0.315977
-0.315942
-0.315906
-0.315868
-0.315829
-0.31579
-0.315748
-0.315707
-0.315661
-0.315612
-0.315561
-0.315511
-0.31546
-0.315406
-0.315354
-0.315295
-0.315237
-0.315174
-0.315115
-0.315051
-0.314986
-0.314921
-0.31485
-0.314779
-0.314711
-0.314639
-0.314563
-0.314487
-0.314406
-0.314324
-0.31424
-0.314156
-0.314065
-0.313975
-0.313882
-0.313788
-0.313691
-0.313592
-0.313491
-0.313388
-0.313283
-0.313175
-0.313066
-0.312954
-0.312842
-0.312725
-0.312606
-0.31249
-0.312369
-0.312243
-0.312115
-0.311985
-0.31185
-0.311713
-0.311576
-0.311439
-0.311299
-0.311157
-0.311011
-0.310864
-0.310713
-0.31056
-0.310404
-0.310244
-0.310084
-0.30992
-0.309753
-0.309586
-0.309413
-0.309242
-0.309069
-0.308894
-0.308717
-0.308539
-0.308358
-0.308178
-0.307992
-0.307806
-0.30762
-0.307429
-0.307238
-0.307046
-0.306853
-0.306655
-0.306459
-0.306262
-0.306064
-0.305865
-0.305664
-0.305459
-0.305255
-0.305053
-0.30485
-0.304647
-0.304444
-0.304243
-0.304039
-0.303836
-0.30363
-0.303427
-0.303225
-0.303023
-0.302822
-0.302619
-0.302422
-0.302226
-0.302029
-0.301833
-0.301642
-0.301449
-0.301258
-0.301069
-0.300882
-0.300699
-0.300517
-0.300337
-0.300159
-0.299986
-0.299816
-0.299647
-0.299481
-0.299318
-0.299155
-0.298999
-0.298844
-0.298694
-0.298551
-0.298406
-0.298268
-0.298134
-0.298004
-0.297878
-0.297759
-0.297639
-0.297526
-0.297413
-0.297309
-0.297207
-0.297111
-0.297021
-0.296935
-0.296854
-0.296782
-0.296712
-0.296645
-0.296583
-0.296523
-0.29647
-0.296419
-0.296378
-0.296341
-0.296306
-0.296277
-0.296251
-0.29623
-0.296214
-0.296202
-0.296197
-0.296193
-0.296192
-0.296197
-0.296208
-0.296224
-0.29624
-0.296264
-0.296288
-0.296316
-0.296348
-0.296383
-0.296415
-0.296457
-0.296502
-0.29655
-0.296602
-0.296661
-0.296718
-0.296777
-0.29684
-0.296902
-0.29697
-0.297042
-0.297113
-0.297187
-0.297266
-0.297344
-0.297426
-0.297505
-0.297587
-0.297667
-0.297753
-0.297841
-0.29793
-0.298021
-0.298113
-0.298206
-0.2983
-0.298397
-0.298491
-0.29859
-0.298687
-0.298781
-0.298878
-0.298977
-0.299078
-0.299181
-0.299282
-0.299386
-0.299488
-0.29959
-0.299691
-0.299796
-0.299902
-0.300008
-0.300109
-0.300213
-0.300317
-0.300418
-0.300522
-0.300626
-0.30073
-0.30083
-0.300934
-0.30104
-0.301144
-0.301248
-0.301352
-0.301455
-0.301556
-0.301665
-0.30177
-0.301873
-0.301978
-0.302081
-0.302184
-0.302286
-0.302388
-0.30249
-0.302594
-0.302695
-0.302796
-0.302895
-0.302995
-0.303098
-0.303198
-0.303297
-0.303397
-0.303495
-0.303594
-0.303692
-0.30379
-0.30389
-0.303987
-0.304083
-0.304177
-0.304273
-0.30437
-0.304467
-0.304561
-0.304655
-0.304748
-0.304841
-0.30493
-0.305021
-0.305112
-0.305204
-0.305291
-0.30538
-0.30547
-0.305557
-0.305643
-0.305726
-0.30581
-0.305894
-0.305979
-0.30606
-0.306141
-0.30622
-0.306299
-0.306378
-0.306452
-0.30653
-0.306603
-0.306676
-0.306749
-0.306819
-0.306885
-0.306951
-0.307017
-0.30708
-0.307143
-0.307201
-0.307259
-0.307314
-0.307369
-0.307425
-0.307476
-0.307526
-0.307573
-0.307616
-0.307659
-0.307702
-0.307741
-0.307778
-0.307812
-0.307843
-0.307875
-0.307899
-0.307924
-0.307945
-0.307964
-0.30798
-0.307993
-0.308004
-0.308007
-0.308011
-0.308013
-0.30801
-0.308005
-0.307998
-0.307987
-0.307973
-0.307956
-0.307933
-0.307907
-0.30788
-0.307849
-0.307815
-0.30778
-0.307739
-0.307694
-0.307644
-0.307594
-0.307542
-0.307488
-0.307423
-0.307359
-0.307287
-0.307214
-0.307137
-0.307056
-0.306972
-0.306884
-0.306792
-0.306695
-0.306596
-0.306492
-0.306383
-0.306274
-0.306159
-0.306045
-0.305923
-0.305801
-0.305674
-0.305545
-0.305412
-0.305277
-0.305138
-0.304996
-0.304851
-0.304704
-0.304551
-0.304398
-0.304245
-0.304089
-0.303926
-0.303763
-0.303595
-0.303428
-0.303258
-0.303084
-0.302908
-0.302733
-0.302554
-0.302376
-0.302196
-0.302012
-0.301837
-0.301656
-0.301472
-0.301286
-0.301103
-0.300916
-0.300732
-0.300544
-0.300357
-0.300169
-0.299981
-0.299793
-0.299606
-0.299421
-0.299234
-0.299048
-0.298863
-0.298683
-0.298502
-0.298317
-0.298138
-0.297958
-0.297779
-0.297602
-0.297426
-0.297255
-0.297083
-0.296913
-0.296745
-0.296571
-0.296408
-0.296246
-0.296089
-0.295932
-0.295778
-0.295629
-0.29548
-0.295332
-0.295189
-0.295048
-0.294785
-0.294654
-0.294529
-0.294402
-0.29428
-0.294162
-0.294052
-0.29394
-0.293832
-0.293724
-0.293625
-0.293525
-0.29343
-0.293339
-0.293251
-0.293167
-0.293084
-0.293007
-0.292931
-0.292861
-0.292795
-0.292732
-0.29267
-0.292611
-0.292558
-0.292508
-0.292465
-0.292419
-0.292379
-0.292343
-0.292307
-0.292276
-0.292246
-0.292215
-0.292193
-0.292174
-0.292157
-0.292143
-0.292129
-0.292123
-0.292113
-0.292109
-0.292111
-0.29211
-0.292116
-0.292118
-0.292123
-0.292129
-0.292136
-0.292144
-0.292156
-0.292166
-0.292177
-0.292187
-0.292199
-0.29221
-0.292223
-0.292236
-0.292247
-0.292258
-0.292271
-0.292284
-0.292298
-0.29231
-0.292323
-0.292336
-0.292343
-0.292353
-0.29236
-0.292366
-0.292371
-0.292374
-0.292378
-0.292378
-0.292377
-0.292373
-0.292373
-0.292366
-0.29236
-0.292349
-0.292336
-0.292319
-0.2923
-0.292281
-0.292258
-0.292232
-0.292207
-0.292177
-0.292145
-0.292116
-0.29208
-0.292044
-0.292001
-0.291961
-0.291916
-0.291872
-0.291823
-0.291775
-0.291722
-0.29167
-0.291616
-0.291561
-0.291505
-0.291444
-0.291388
-0.291323
-0.291257
-0.291191
-0.291124
-0.291056
-0.290987
-0.290921
-0.290847
-0.290769
-0.290695
-0.290616
-0.29054
-0.290463
-0.290386
-0.290303
-0.290225
-0.290145
-0.290061
-0.289979
-0.289899
-0.289818
-0.289737
-0.289654
-0.289573
-0.289493
-0.289412
-0.289334
-0.289254
-0.289174
-0.289092
-0.289013
-0.288935
-0.288858
-0.288783
-0.28871
-0.288635
-0.288561
-0.288488
-0.288413
-0.288343
-0.288274
-0.288208
-0.288144
-0.288079
-0.288014
-0.287953
-0.287893
-0.287835
-0.287782
-0.287728
-0.287674
-0.287622
-0.287573
-0.287528
-0.287485
-0.287445
-0.287407
-0.287372
-0.287337
-0.287309
-0.287281
-0.287256
-0.287236
-0.287219
-0.287202
-0.287187
-0.287175
-0.287161
-0.287154
-0.28715
-0.287148
-0.287154
-0.287154
-0.287159
-0.287167
-0.287177
-0.287188
-0.287202
-0.287215
-0.28723
-0.287249
-0.287272
-0.287294
-0.287319
-0.287346
-0.287374
-0.287397
-0.287424
-0.287449
-0.287477
-0.287505
-0.287534
-0.287562
-0.28759
-0.287618
-0.287645
-0.287671
-0.2877
-0.287725
-0.287746
-0.287769
-0.287796
-0.287816
-0.287835
-0.28785
-0.287863
-0.287874
-0.287887
-0.287899
-0.287905
-0.28791
-0.287914
-0.287917
-0.287915
-0.287914
-0.287911
-0.287906
-0.287899
-0.28789
-0.28788
-0.287865
-0.287852
-0.287836
-0.28782
-0.287803
-0.287784
-0.287764
-0.287744
-0.287723
-0.287702
-0.287683
-0.287664
-0.287643
-0.28762
-0.2876
-0.287578
-0.28756
-0.287543
-0.287528
-0.287515
-0.287501
-0.287493
-0.287487
-0.287484
-0.287484
-0.287487
-0.287495
-0.287506
-0.287521
-0.287542
-0.287569
-0.287599
-0.287635
-0.287674
-0.287723
-0.287779
-0.287838
-0.287904
-0.28798
-0.28806
-0.28815
-0.288245
-0.288347
-0.288458
-0.288574
-0.288701
-0.288837
-0.288981
-0.289134
-0.289295
-0.289466
-0.289643
-0.289829
-0.290027
-0.290234
-0.290455
-0.29068
-0.290915
-0.291159
-0.291415
-0.291678
-0.291952
-0.292235
-0.292527
-0.292826
-0.293135
-0.293451
-0.293773
-0.294106
-0.294446
-0.294795
-0.295153
-0.295516
-0.295889
-0.296266
-0.296652
-0.297042
-0.297436
-0.297835
-0.298241
-0.29865
-0.299064
-0.299487
-0.299911
-0.300338
-0.300768
-0.301201
-0.301637
-0.302074
-0.302514
-0.302958
-0.303398
-0.303841
-0.304276
-0.304715
-0.305155
-0.305589
-0.306026
-0.306456
-0.306885
-0.307309
-0.307733
-0.30815
-0.308564
-0.308973
-0.309377
-0.309776
-0.310169
-0.310556
-0.310936
-0.311312
-0.311681
-0.312039
-0.31239
-0.312733
-0.313067
-0.313395
-0.313712
-0.31402
-0.314315
-0.314604
-0.31488
-0.315149
-0.315409
-0.315657
-0.315896
-0.316122
-0.316338
-0.316542
-0.316734
-0.316913
-0.317083
-0.317243
-0.317392
-0.317526
-0.317649
-0.317759
-0.317857
-0.317943
-0.318015
-0.318077
-0.318126
-0.318163
-0.318188
-0.318201
-0.318204
-0.318192
-0.31817
-0.318134
-0.31809
-0.318029
-0.317957
-0.31787
-0.317773
-0.317662
-0.317542
-0.317413
-0.31727
-0.317115
-0.316949
-0.31677
-0.316582
-0.316385
-0.316176
-0.315956
-0.315726
-0.315486
-0.315235
-0.314975
-0.314706
-0.314428
-0.31414
-0.313846
-0.313541
-0.313231
-0.312915
-0.312586
-0.31225
-0.311905
-0.311558
-0.311202
-0.310837
-0.310467
-0.310094
-0.309713
-0.30933
-0.308943
-0.308554
-0.308159
-0.307763
-0.307367
-0.306963
-0.306553
-0.306146
-0.305738
-0.305331
-0.304929
-0.304519
-0.304108
-0.3037
-0.303295
-0.30289
-0.302487
-0.302086
-0.301688
-0.301296
-0.300907
-0.300521
-0.300138
-0.299761
-0.299388
-0.299022
-0.298661
-0.298306
-0.297956
-0.297615
-0.297282
-0.296956
-0.296636
-0.296326
-0.296025
-0.295735
-0.295451
-0.295177
-0.294913
-0.294661
-0.294416
-0.294182
-0.293958
-0.293747
-0.293545
-0.293353
-0.293173
-0.293006
-0.292848
-0.292702
-0.292567
-0.292446
-0.292335
-0.292235
-0.292147
-0.292072
-0.292013
-0.291963
-0.291923
-0.291896
-0.29188
-0.291876
-0.291882
-0.291902
-0.291934
-0.291978
-0.292032
-0.2921
-0.292179
-0.29227
-0.292372
-0.292486
-0.292611
-0.292748
-0.292895
-0.293051
-0.293221
-0.293401
-0.293591
-0.293795
-0.294006
-0.294225
-0.294458
-0.294699
-0.294949
-0.295208
-0.295479
-0.295759
-0.296047
-0.296342
-0.296644
-0.296955
-0.297273
-0.297598
-0.297931
-0.298268
-0.298614
-0.298964
-0.29932
-0.299682
-0.300049
-0.300424
-0.300803
-0.301187
-0.301577
-0.301971
-0.302367
-0.302765
-0.303169
-0.303573
-0.303979
-0.304386
-0.304798
-0.305208
-0.305619
-0.306029
-0.30644
-0.306849
-0.30726
-0.307669
-0.308078
-0.308487
-0.308891
-0.309293
-0.30969
-0.310087
-0.310477
-0.310866
-0.311249
-0.311634
-0.312009
-0.31238
-0.312745
-0.313101
-0.313452
-0.313796
-0.314136
-0.314469
-0.314797
-0.315112
-0.315421
-0.315723
-0.316016
-0.316299
-0.316569
-0.316832
-0.31709
-0.317336
-0.317573
-0.317798
-0.31801
-0.318211
-0.318403
-0.318583
-0.318752
-0.318908
-0.319053
-0.319185
-0.319305
-0.319409
-0.319505
-0.319586
-0.319654
-0.319708
-0.319751
-0.319777
-0.319788
-0.319786
-0.319766
-0.319736
-0.319694
-0.319635
-0.319564
-0.319476
-0.319374
-0.319258
-0.319128
-0.318981
-0.318815
-0.318638
-0.318448
-0.318244
-0.318021
-0.317785
-0.317537
-0.317272
-0.316992
-0.316703
-0.316393
-0.316069
-0.315733
-0.315384
-0.315022
-0.314647
-0.314259
-0.313858
-0.313448
-0.313021
-0.312583
-0.312136
-0.311679
-0.311214
-0.310737
-0.310251
-0.309756
-0.309253
-0.308742
-0.308227
-0.307704
-0.307177
-0.30664
-0.306102
-0.30556
-0.305015
-0.304468
-0.30392
-0.303371
-0.302823
-0.302268
-0.301725
-0.301183
-0.300642
-0.300105
-0.299574
-0.299051
-0.298535
-0.298023
-0.297529
-0.297042
-0.296566
-0.296099
-0.295639
-0.295197
-0.294761
-0.294347
-0.293948
-0.293562
-0.293195
-0.292846
-0.292516
-0.292205
-0.29191
-0.291635
-0.291376
-0.29114
-0.290922
-0.290722
-0.290548
-0.290395
-0.29026
-0.290149
-0.290062
-0.289992
-0.289944
-0.289921
-0.289916
-0.289929
-0.289963
-0.290016
-0.290088
-0.290185
-0.2903
-0.290433
-0.290582
-0.29075
-0.290936
-0.291138
-0.291356
-0.291586
-0.291832
-0.292095
-0.29237
-0.292653
-0.292952
-0.293262
-0.293583
-0.293914
-0.294253
-0.294601
-0.294957
-0.295322
-0.295689
-0.296061
-0.296444
-0.296826
-0.297214
-0.297605
-0.297996
-0.298392
-0.298787
-0.299185
-0.299583
-0.299982
-0.300379
-0.300776
-0.301172
-0.301565
-0.301959
-0.302347
-0.30274
-0.303122
-0.303506
-0.303881
-0.304249
-0.304615
-0.304977
-0.305333
-0.305682
-0.306028
-0.306369
-0.306704
-0.307033
-0.307353
-0.307673
-0.307983
-0.308288
-0.308586
-0.308877
-0.309164
-0.309444
-0.309718
-0.309982
-0.31024
-0.31049
-0.310734
-0.31097
-0.311199
-0.311419
-0.311634
-0.311844
-0.312042
-0.312236
-0.312424
-0.312602
-0.312776
-0.31294
-0.313094
-0.313246
-0.31339
-0.313527
-0.313655
-0.313772
-0.313885
-0.31399
-0.314089
-0.314179
-0.314263
-0.31434
-0.314409
-0.314469
-0.314524
-0.314573
-0.314617
-0.314649
-0.314675
-0.314696
-0.314714
-0.314722
-0.314724
-0.314721
-0.314711
-0.314695
-0.314674
-0.314644
-0.314614
-0.314574
-0.314532
-0.314484
-0.314432
-0.314375
-0.314317
-0.31425
-0.314181
-0.314109
-0.314035
-0.313954
-0.313872
-0.313788
-0.313701
-0.313614
-0.313526
-0.313433
-0.313336
-0.31324
-0.313143
-0.313045
-0.312951
-0.312851
-0.312752
-0.312652
-0.312551
-0.312451
-0.312351
-0.312251
-0.312152
-0.31205
-0.311954
-0.311856
-0.311758
-0.311663
-0.311565
-0.311469
-0.311373
-0.311278
-0.311183
-0.311088
-0.310996
-0.310901
-0.310806
-0.310709
-0.310611
-0.310514
-0.310417
-0.310318
-0.310218
-0.310117
-0.310012
-0.309906
-0.309801
-0.309691
-0.309576
-0.309461
-0.309342
-0.309219
-0.309096
-0.308966
-0.308832
-0.308693
-0.308551
-0.308401
-0.308249
-0.308091
-0.307929
-0.307762
-0.307589
-0.307414
-0.307231
-0.307042
-0.306849
-0.30665
-0.306446
-0.306239
-0.306027
-0.305808
-0.305584
-0.305356
-0.305124
-0.304888
-0.304648
-0.304406
-0.30416
-0.30391
-0.303658
-0.303404
-0.303148
-0.30289
-0.302632
-0.302372
-0.302111
-0.301851
-0.301595
-0.301335
-0.301079
-0.300825
-0.300573
-0.300323
-0.300077
-0.299834
-0.29959
-0.299352
-0.299122
-0.298896
-0.298675
-0.298462
-0.298252
-0.298047
-0.297849
-0.297657
-0.297471
-0.297294
-0.297122
-0.296953
-0.296794
-0.296641
-0.296495
-0.296355
-0.296222
-0.296098
-0.295978
-0.295864
-0.295757
-0.295655
-0.295559
-0.295471
-0.295386
-0.295309
-0.295232
-0.295161
-0.295098
-0.295034
-0.294978
-0.294924
-0.294871
-0.294821
-0.294775
-0.294733
-0.294695
-0.294654
-0.29462
-0.294585
-0.294548
-0.294518
-0.294493
-0.294462
-0.294431
-0.2944
-0.294369
-0.294338
-0.294312
-0.29428
-0.294248
-0.294216
-0.29418
-0.294149
-0.294116
-0.294083
-0.294046
-0.294008
-0.293969
-0.293932
-0.293891
-0.293849
-0.293808
-0.293764
-0.293721
-0.293673
-0.293626
-0.293577
-0.293528
-0.293478
-0.293427
-0.293375
-0.293322
-0.293266
-0.293211
-0.293156
-0.2931
-0.293043
-0.292985
-0.292926
-0.292867
-0.292807
-0.292746
-0.292685
-0.292625
-0.292564
-0.2925
-0.292438
-0.292373
-0.292307
-0.29224
-0.292169
-0.292101
-0.292031
-0.291958
-0.291887
-0.291815
-0.291742
-0.291665
-0.29159
-0.291515
-0.291438
-0.29136
-0.291279
-0.291202
-0.291122
-0.291042
-0.29096
-0.290876
-0.29079
-0.290705
-0.290621
-0.290537
-0.290453
-0.290369
-0.290282
-0.290197
-0.290113
-0.290029
-0.289866
-0.28977
-0.289677
-0.289586
-0.289495
-0.289403
-0.289315
-0.289229
-0.289144
-0.289061
-0.28898
-0.288901
-0.288825
-0.288758
-0.288686
-0.288616
-0.28855
-0.288486
-0.288424
-0.288368
-0.288312
-0.288264
-0.288213
-0.288166
-0.288121
-0.288079
-0.288039
-0.288002
-0.287965
-0.287934
-0.287904
-0.287875
-0.287853
-0.287827
-0.287803
-0.28778
-0.287758
-0.287738
-0.287717
-0.287696
-0.287674
-0.287652
-0.287629
-0.287605
-0.28758
-0.287553
-0.287524
-0.287492
-0.287463
-0.287426
-0.287387
-0.287344
-0.287299
-0.287249
-0.287197
-0.287138
-0.287073
-0.287006
-0.286931
-0.286855
-0.286773
-0.286687
-0.286596
-0.2865
-0.286399
-0.286294
-0.286186
-0.286072
-0.285951
-0.285828
-0.285704
-0.285572
-0.285436
-0.285298
-0.285159
-0.28502
-0.284877
-0.284733
-0.284588
-0.284445
-0.284298
-0.284153
-0.284009
-0.283867
-0.28373
-0.283593
-0.283462
-0.283332
-0.283207
-0.283088
-0.282973
-0.282865
-0.282764
-0.28267
-0.282581
-0.282506
-0.282434
-0.282372
-0.282321
-0.282281
-0.282253
-0.282231
-0.282225
-0.282228
-0.282239
-0.282267
-0.282305
-0.282354
-0.282414
-0.282487
-0.282571
-0.282666
-0.282774
-0.282892
-0.283024
-0.283164
-0.283315
-0.283476
-0.283646
-0.283829
-0.284015
-0.284213
-0.284418
-0.284631
-0.284856
-0.285084
-0.285314
-0.285551
-0.285792
-0.286038
-0.286287
-0.286541
-0.286795
-0.28705
-0.287307
-0.287563
-0.287821
-0.288079
-0.288328
-0.288575
-0.288824
-0.289072
-0.289314
-0.289552
-0.289785
-0.290013
-0.290238
-0.290454
-0.290664
-0.290865
-0.291064
-0.291253
-0.291432
-0.291604
-0.291769
-0.291924
-0.292073
-0.292213
-0.292342
-0.292465
-0.292578
-0.292683
-0.292774
-0.292861
-0.292937
-0.293006
-0.293066
-0.29312
-0.293162
-0.293197
-0.293225
-0.293241
-0.293255
-0.293257
-0.293252
-0.293239
-0.293218
-0.293191
-0.293158
-0.293118
-0.293072
-0.29302
-0.292962
-0.2929
-0.292833
-0.292761
-0.292682
-0.292602
-0.292518
-0.292429
-0.292339
-0.292245
-0.29215
-0.292051
-0.291951
-0.291851
-0.291751
-0.29165
-0.291547
-0.291446
-0.291345
-0.291245
-0.291141
-0.291046
-0.29095
-0.290855
-0.290763
-0.290673
-0.290586
-0.290501
-0.29042
-0.290342
-0.290265
-0.290194
-0.290127
-0.290066
-0.290005
-0.289951
-0.289902
-0.289854
-0.289814
-0.289775
-0.289742
-0.289715
-0.289695
-0.289681
-0.28967
-0.289666
-0.289668
-0.289675
-0.28969
-0.289711
-0.289732
-0.289756
-0.289791
-0.289833
-0.28988
-0.289933
-0.289989
-0.290045
-0.290111
-0.290182
-0.290257
-0.290338
-0.290423
-0.290513
-0.290607
-0.290708
-0.290806
-0.290915
-0.291026
-0.291138
-0.291256
-0.291378
-0.291501
-0.291627
-0.291759
-0.291889
-0.292024
-0.292166
-0.292308
-0.292453
-0.292597
-0.292744
-0.292895
-0.293042
-0.293204
-0.293359
-0.293513
-0.293669
-0.293827
-0.293987
-0.294145
-0.294303
-0.294464
-0.294623
-0.294784
-0.294946
-0.295107
-0.295267
-0.29543
-0.29559
-0.295746
-0.295902
-0.296059
-0.296215
-0.296367
-0.296521
-0.296673
-0.296821
-0.296967
-0.297112
-0.297259
-0.297402
-0.29754
-0.297679
-0.297815
-0.297949
-0.298081
-0.29821
-0.298336
-0.298459
-0.298579
-0.298699
-0.298814
-0.298927
-0.299035
-0.299143
-0.299244
-0.299344
-0.299439
-0.29953
-0.299617
-0.299701
-0.299779
-0.299855
-0.299927
-0.299995
-0.300062
-0.300122
-0.300179
-0.300231
-0.300281
-0.300325
-0.300365
-0.300398
-0.300429
-0.300451
-0.300474
-0.300492
-0.300506
-0.300511
-0.300516
-0.300517
-0.300514
-0.300508
-0.300496
-0.30048
-0.300459
-0.300434
-0.300405
-0.300372
-0.300335
-0.300291
-0.300245
-0.300198
-0.300145
-0.300085
-0.300024
-0.299959
-0.29989
-0.299818
-0.29974
-0.299661
-0.299576
-0.299491
-0.299403
-0.299316
-0.299222
-0.299125
-0.299025
-0.298926
-0.298822
-0.298716
-0.298607
-0.298497
-0.298386
-0.298272
-0.298158
-0.298042
-0.297926
-0.297809
-0.297686
-0.297568
-0.297447
-0.297328
-0.29721
-0.297092
-0.296975
-0.296858
-0.296743
-0.296624
-0.296514
-0.296402
-0.296295
-0.296186
-0.296083
-0.29598
-0.295883
-0.295788
-0.295694
-0.295603
-0.295515
-0.295431
-0.295351
-0.295274
-0.295202
-0.295134
-0.29507
-0.295011
-0.294959
-0.29491
-0.294865
-0.294825
-0.294791
-0.294761
-0.294735
-0.294712
-0.294701
-0.294695
-0.294691
-0.294694
-0.294706
-0.29472
-0.29474
-0.294764
-0.294795
-0.29483
-0.294872
-0.29492
-0.294973
-0.295029
-0.295092
-0.295163
-0.295235
-0.295318
-0.295401
-0.295489
-0.295583
-0.295682
-0.29578
-0.295885
-0.295993
-0.296105
-0.29622
-0.296338
-0.296459
-0.29658
-0.296707
-0.296833
-0.296964
-0.297096
-0.29723
-0.297365
-0.297501
-0.297638
-0.297773
-0.297909
-0.298047
-0.298184
-0.298317
-0.298451
-0.298584
-0.298715
-0.298848
-0.298981
-0.29911
-0.299236
-0.299362
-0.299483
-0.299601
-0.299718
-0.29983
-0.299937
-0.300041
-0.30014
-0.300235
-0.300325
-0.30041
-0.30049
-0.300565
-0.300637
-0.300701
-0.300759
-0.300811
-0.300854
-0.300893
-0.300926
-0.300952
-0.300971
-0.300984
-0.300986
-0.300982
-0.300972
-0.300955
-0.300927
-0.300892
-0.30085
-0.300804
-0.300747
-0.300685
-0.300612
-0.300529
-0.300439
-0.300344
-0.300236
-0.300123
-0.300003
-0.299871
-0.299729
-0.29958
-0.299423
-0.299257
-0.299086
-0.298903
-0.298712
-0.298512
-0.298304
-0.298088
-0.297866
-0.29763
-0.297389
-0.297138
-0.29688
-0.296615
-0.296344
-0.296064
-0.295775
-0.295479
-0.295178
-0.294867
-0.294549
-0.294224
-0.293896
-0.293557
-0.293216
-0.292861
-0.292502
-0.292137
-0.291765
-0.291385
-0.291002
-0.290612
-0.29022
-0.289819
-0.289416
-0.289005
-0.288588
-0.288167
-0.287738
-0.287307
-0.286871
-0.286431
-0.285988
-0.285539
-0.285083
-0.284623
-0.284162
-0.283696
-0.283226
-0.282753
-0.282278
-0.281793
-0.281308
-0.28082
-0.280328
-0.279833
-0.279335
-0.278833
-0.278325
-0.277817
-0.277306
-0.276791
-0.276273
-0.275755
-0.275232
-0.274703
-0.274172
-0.27364
-0.273107
-0.272573
-0.272034
-0.271496
-0.270952
-0.270408
-0.269864
-0.269318
-0.268771
-0.268221
-0.267674
-0.267129
-0.266582
-0.266037
-0.265495
-0.264953
-0.264414
-0.263877
-0.263344
-0.262816
-0.262292
-0.261774
-0.261262
-0.260762
-0.260263
-0.259772
-0.259293
-0.258827
-0.258369
-0.257924
-0.257491
-0.257072
-0.256668
-0.256281
-0.255909
-0.255557
-0.25522
-0.254903
-0.254606
-0.25433
-0.254076
-0.253845
-0.253639
-0.253455
-0.253296
-0.253162
-0.253054
-0.252971
-0.252917
-0.252893
-0.252895
-0.252925
-0.252984
-0.253068
-0.253184
-0.253327
-0.2535
-0.253702
-0.253932
-0.254191
-0.25448
-0.254794
-0.25513
-0.255497
-0.25589
-0.256309
-0.256749
-0.257218
-0.257708
-0.258217
-0.258749
-0.259302
-0.259876
-0.260467
-0.261076
-0.261702
-0.262338
-0.26299
-0.263656
-0.264332
-0.26502
-0.265714
-0.26642
-0.267132
-0.267851
-0.268575
-0.269303
-0.270034
-0.27077
-0.271504
-0.272239
-0.272973
-0.273705
-0.274434
-0.27516
-0.275884
-0.276601
-0.277313
-0.278018
-0.278713
-0.279403
-0.280088
-0.280761
-0.281425
-0.282081
-0.282725
-0.283356
-0.283978
-0.284588
-0.285187
-0.285774
-0.286348
-0.286907
-0.287453
-0.287989
-0.288511
-0.28902
-0.289514
-0.289998
-0.290466
-0.29092
-0.291363
-0.291789
-0.292202
-0.2926
-0.292985
-0.293356
-0.29371
-0.294048
-0.294377
-0.294695
-0.294999
-0.295287
-0.295561
-0.295822
-0.296072
-0.296306
-0.296528
-0.296736
-0.296931
-0.297116
-0.297284
-0.297441
-0.297586
-0.297716
-0.297839
-0.297948
-0.298043
-0.298125
-0.298199
-0.298261
-0.298312
-0.298352
-0.298381
-0.2984
-0.298405
-0.298404
-0.298393
-0.298372
-0.298339
-0.298296
-0.298242
-0.298182
-0.29811
-0.298029
-0.297938
-0.297841
-0.297734
-0.297615
-0.297491
-0.297357
-0.297217
-0.297066
-0.296907
-0.29674
-0.296566
-0.296386
-0.296196
-0.295999
-0.295796
-0.295582
-0.295361
-0.295135
-0.294903
-0.294663
-0.294413
-0.29416
-0.293904
-0.293639
-0.293365
-0.293088
-0.292804
-0.292515
-0.29222
-0.291919
-0.291612
-0.2913
-0.290985
-0.290665
-0.290334
-0.29
-0.289662
-0.289318
-0.288969
-0.288618
-0.288257
-0.287893
-0.287525
-0.287152
-0.286775
-0.286388
-0.285999
-0.285607
-0.285214
-0.284814
-0.284408
-0.283999
-0.283587
-0.283168
-0.282747
-0.28232
-0.281891
-0.281461
-0.281025
-0.280585
-0.280141
-0.279694
-0.279246
-0.278791
-0.278334
-0.277873
-0.277409
-0.276942
-0.276475
-0.276002
-0.275527
-0.275048
-0.274568
-0.274085
-0.273597
-0.273112
-0.272623
-0.27213
-0.271637
-0.271139
-0.270646
-0.270149
-0.269652
-0.269154
-0.268654
-0.268155
-0.267659
-0.267161
-0.266663
-0.266168
-0.265672
-0.265177
-0.264681
-0.264191
-0.263699
-0.263212
-0.262727
-0.262248
-0.26177
-0.261295
-0.260826
-0.260359
-0.259897
-0.25944
-0.258988
-0.258539
-0.258098
-0.257664
-0.257236
-0.256814
-0.2564
-0.255994
-0.255596
-0.255203
-0.254821
-0.254451
-0.254087
-0.25373
-0.253383
-0.253049
-0.252727
-0.252416
-0.252113
-0.251822
-0.251542
-0.251271
-0.251017
-0.250772
-0.25054
-0.25032
-0.250113
-0.249917
-0.249735
-0.249569
-0.249414
-0.249272
-0.249144
-0.249029
-0.248928
-0.24884
-0.248765
-0.248704
-0.248655
-0.248621
-0.248601
-0.248594
-0.248601
-0.248621
-0.248656
-0.248705
-0.248764
-0.248836
-0.248925
-0.249022
-0.249132
-0.249251
-0.249384
-0.249527
-0.249684
-0.249852
-0.250031
-0.25022
-0.250421
-0.250631
-0.250851
-0.251082
-0.251326
-0.251572
-0.251829
-0.252095
-0.252369
-0.252651
-0.252941
-0.253238
-0.253541
-0.253852
-0.254171
-0.254494
-0.254822
-0.255156
-0.255495
-0.255843
-0.256191
-0.256543
-0.256902
-0.257261
-0.257624
-0.25799
-0.258358
-0.258729
-0.259099
-0.259474
-0.25985
-0.26023
-0.260608
-0.26099
-0.261372
-0.261749
-0.262129
-0.262509
-0.262889
-0.263268
-0.263646
-0.264023
-0.264394
-0.264769
-0.265142
-0.265514
-0.265881
-0.266245
-0.26661
-0.266974
-0.267335
-0.267696
-0.268048
-0.268401
-0.268752
-0.269103
-0.269448
-0.26979
-0.27013
-0.270466
-0.270799
-0.271127
-0.271451
-0.271775
-0.272096
-0.272413
-0.272727
-0.273038
-0.273344
-0.273651
-0.273952
-0.274248
-0.274543
-0.274838
-0.275127
-0.275411
-0.275694
-0.275975
-0.276252
-0.276524
-0.276794
-0.277066
-0.277332
-0.277597
-0.277861
-0.27812
-0.278377
-0.278631
-0.278884
-0.279136
-0.279387
-0.279628
-0.279872
-0.28011
-0.280351
-0.280589
-0.280827
-0.281062
-0.281294
-0.281524
-0.281755
-0.281985
-0.282214
-0.282441
