                   1           0.0276336           0.0276336                   0
                   2           0.0273496           0.0274916            0.000142
                   3            0.025268           0.0267504          0.00074572
                   4           0.0266832           0.0267336         0.000527571
                   5            0.030028           0.0273925          0.00077532
                   6           0.0261172           0.0271799         0.000667775
                   7           0.0241688           0.0267498         0.000709617
                   8           0.0286188           0.0269834         0.000657457
                   9           0.0237764           0.0266271         0.000680564
                  10           0.0238204           0.0263464         0.000670304
                  11           0.0267272            0.026381         0.000607301
                  12           0.0264348           0.0263855         0.000554405
                  13            0.022882            0.026116         0.000576809
                  14           0.0286956           0.0263003         0.000564915
                  15           0.0262544           0.0262972         0.000525916
                  16            0.026976           0.0263396         0.000493776
                  17           0.0269772           0.0263771         0.000465335
                  18           0.0270396           0.0264139         0.000440263
                  19            0.027368           0.0264641         0.000419464
                  20           0.0259504           0.0264385         0.000398767
                  21           0.0292404           0.0265719         0.000402086
                  22           0.0252104             0.02651         0.000388336
                  23           0.0312872           0.0267177         0.000425244
                  24           0.0262588           0.0266986         0.000407589
                  25            0.028058            0.026753         0.000394709
                  26            0.029328            0.026852         0.000391944
                  27           0.0244596           0.0267634         0.000387417
                  28             0.02779           0.0268001         0.000375121
                  29           0.0283976           0.0268551         0.000366123
                  30            0.027516           0.0268772         0.000354393
                  31           0.0252136           0.0268235         0.000346946
                  32           0.0272848           0.0268379         0.000336238
                  33           0.0273524           0.0268535         0.000326263
                  34           0.0329728           0.0270335         0.000364113
                  35            0.027846           0.0270567         0.000354318
                  36             0.02774           0.0270757         0.000344858
                  37           0.0309452           0.0271803         0.000351334
                  38           0.0237328           0.0270895         0.000353793
                  39            0.029442           0.0271499         0.000349842
                  40           0.0270964           0.0271485         0.000340986
                  41           0.0259332           0.0271189         0.000333884
                  42           0.0306716           0.0272035         0.000336638
                  43            0.029114           0.0272479         0.000331705
                  44           0.0312776           0.0273395         0.000336771
                  45           0.0270636           0.0273334         0.000329259
                  46           0.0256396           0.0272965          0.00032412
                  47           0.0250172            0.027248         0.000320835
                  48           0.0257988           0.0272179         0.000315528
                  49           0.0268268           0.0272099         0.000309125
                  50           0.0291752           0.0272492         0.000305419
