                   1           0.0009388           0.0009388                   0
                   2             3.6e-06           0.0004712           0.0004676
                   3          -0.0021092        -0.000388933         0.000901506
                   4            -0.00057          -0.0004342         0.000639066
                   5           0.0033052          0.00031368         0.000896865
                   6          -0.0011316            7.28e-05         0.000770888
                   7          -0.0028484        -0.000344514         0.000773711
                   8           0.0024336            2.75e-06         0.000754695
                   9          -0.0032168        -0.000354978         0.000755621
                  10          -0.0027288         -0.00059236         0.000716325
                  11           -6.84e-05        -0.000544727         0.000649688
                  12           -0.000604        -0.000549667         0.000593102
                  13           -0.003968        -0.000812615         0.000605635
                  14           0.0014796        -0.000648886         0.000584125
                  15          -0.0006312        -0.000647707         0.000543792
                  16           0.0004012         -0.00058215         0.000512878
                  17          -0.0003376        -0.000567765          0.00048198
                  18          -0.0005888        -0.000568933         0.000454416
                  19           0.0006692        -0.000503768         0.000434746
                  20          -0.0009652         -0.00052684         0.000413081
                  21           0.0015212        -0.000429314         0.000404841
                  22           -0.001582        -0.000481709         0.000389541
                  23           0.0040968        -0.000282643         0.000422107
                  24          -0.0005268        -0.000292817         0.000404265
                  25            0.001226        -0.000232064         0.000392487
                  26           0.0022644        -0.000136046         0.000389122
                  27            -0.00268        -0.000230267         0.000386106
                  28            3.16e-05        -0.000220914         0.000372178
                  29           0.0006688        -0.000190234         0.000360423
                  30           0.0003488        -0.000172267         0.000348665
                  31          -0.0021448        -0.000235897         0.000343181
                  32           0.0002668        -0.000220187         0.000332655
                  33           0.0003832        -0.000201903         0.000322935
                  34           0.0057232        -2.76353e-05         0.000358499
                  35           0.0004956        -1.26857e-05         0.000348426
                  36           -5.08e-05        -1.37444e-05         0.000338611
                  37           0.0036736         8.59135e-05         0.000344081
                  38          -0.0038232        -1.69579e-05         0.000350347
                  39           0.0018348         3.05231e-05         0.000344533
                  40          -0.0011952            -1.2e-07         0.000337204
                  41          -0.0009456        -2.31805e-05         0.000329685
                  42            0.003112         5.14667e-05         0.000330285
                  43           0.0026504         0.000111907         0.000328127
                  44           0.0036224         0.000191691         0.000330362
                  45            6.48e-05         0.000188871         0.000322949
                  46          -0.0010456         0.000162035         0.000316989
                  47          -0.0013564         0.000129728         0.000311849
                  48          -0.0013684         9.85167e-05         0.000306874
                  49           -0.001048         7.51184e-05         0.000301456
                  50           0.0020944         0.000115504         0.000298113
