                   1            0.196101            0.196101                   0
                   2            0.197476            0.196789         0.000687568
                   3            0.195642            0.196406         0.000550989
                   4            0.196649            0.196467         0.000394315
                   5            0.196134            0.196401         0.000312629
                   6            0.197348            0.196559         0.000300189
                   7            0.196827            0.196597         0.000256582
                   8            0.197274            0.196682         0.000237804
                   9            0.196542            0.196666         0.000210294
                  10            0.196175            0.196617         0.000194391
                  11            0.196435              0.1966         0.000176607
                  12             0.19436            0.196414           0.0002467
                  13            0.195911            0.196375         0.000230203
                  14            0.196729              0.1964         0.000214618
                  15            0.198065            0.196511         0.000228536
                  16            0.196691            0.196523         0.000214071
                  17            0.192791            0.196303         0.000297683
                  18            0.195617            0.196265         0.000283234
                  19            0.195971            0.196249         0.000268357
                  20            0.196832            0.196279         0.000256244
                  21            0.198573            0.196388         0.000267112
                  22             0.19754             0.19644         0.000260006
                  23            0.197186            0.196473         0.000250549
                  24            0.196147            0.196459         0.000240265
                  25            0.195408            0.196417         0.000234255
                  26            0.197137            0.196445          0.00022676
                  27            0.196511            0.196447         0.000218214
                  28            0.195996            0.196431         0.000210893
                  29             0.19622            0.196424         0.000203621
                  30            0.196163            0.196415         0.000196908
                  31            0.196889             0.19643         0.000191064
                  32            0.196657            0.196437         0.000185132
                  33            0.194899            0.196391         0.000185394
                  34            0.198233            0.196445         0.000187841
                  35            0.196398            0.196444           0.0001824
                  36            0.196842            0.196455         0.000177605
                  37            0.196349            0.196452         0.000172762
                  38            0.196365             0.19645          0.00016817
                  39            0.197111            0.196467         0.000164677
                  40             0.19619             0.19646         0.000160656
                  41            0.197186            0.196477         0.000157687
                  42            0.197051            0.196491         0.000154491
                  43            0.197256            0.196509           0.0001519
                  44            0.196381            0.196506         0.000148436
                  45            0.196312            0.196502         0.000145164
                  46            0.196611            0.196504         0.000141993
                  47            0.197361            0.196522         0.000140131
                  48            0.196937            0.196531         0.000137452
                  49            0.195803            0.196516         0.000135436
                  50            0.196924            0.196524          0.00013295
