                   1           -0.461414           -0.461414                   0
                   2           -0.462384           -0.461899           0.0004852
                   3           -0.461818           -0.461872         0.000281409
                   4           -0.462251           -0.461967         0.000220415
                   5           -0.462953           -0.462164          0.00026084
                   6           -0.462505           -0.462221         0.000220419
                   7           -0.461774           -0.462157         0.000196938
                   8           -0.462358           -0.462182         0.000172403
                   9           -0.463593           -0.462339         0.000218372
                  10           -0.462413           -0.462346         0.000195458
                  11           -0.462295           -0.462342          0.00017686
                  12           -0.461714           -0.462289         0.000169699
                  13           -0.461794           -0.462251         0.000160691
                  14           -0.461602           -0.462205         0.000155839
                  15           -0.462746           -0.462241         0.000149504
                  16           -0.463196           -0.462301         0.000152055
                  17           -0.461963           -0.462281         0.000144203
                  18           -0.461721            -0.46225          0.00013947
                  19           -0.462026           -0.462238         0.000132447
                  20            -0.46321           -0.462287         0.000134731
                  21           -0.461083           -0.462229         0.000140382
                  22            -0.46208           -0.462222         0.000134021
                  23           -0.462883           -0.462251         0.000131244
                  24           -0.461283           -0.462211         0.000131971
                  25            -0.46345            -0.46226         0.000135946
                  26           -0.462959           -0.462287         0.000133349
                  27           -0.461101           -0.462243         0.000135632
                  28            -0.46213           -0.462239          0.00013076
                  29            -0.46287           -0.462261         0.000128034
                  30           -0.461548           -0.462237         0.000125955
                  31           -0.462132           -0.462234         0.000121872
                  32           -0.461381           -0.462207         0.000120976
                  33           -0.461268           -0.462179         0.000120658
                  34            -0.46281           -0.462197          0.00011852
                  35           -0.461405           -0.462175         0.000117291
                  36           -0.462026           -0.462171         0.000114061
                  37           -0.461704           -0.462158          0.00011165
                  38           -0.461019           -0.462128         0.000112729
                  39           -0.461928           -0.462123          0.00010992
                  40            -0.46162            -0.46211         0.000107872
                  41           -0.462364           -0.462116          0.00010539
                  42           -0.462607           -0.462128         0.000103511
                  43           -0.461698           -0.462118          0.00010157
                  44           -0.462253           -0.462121          9.9282e-05
                  45           -0.462451           -0.462129         9.73273e-05
                  46           -0.462076           -0.462127         9.51948e-05
                  47           -0.462766           -0.462141         9.41343e-05
                  48           -0.462214           -0.462143         9.21647e-05
                  49           -0.462057           -0.462141         9.02812e-05
                  50           -0.461897           -0.462136         8.85916e-05
