                   1             1.37539             1.37539                   0
                   2             1.36789             1.37164           0.0037468
                   3             1.37473             1.37267          0.00239626
                   4             1.37134             1.37234          0.00172651
                   5             1.38461             1.37479          0.00279528
                   6             1.36363             1.37293          0.00294451
                   7              1.3639             1.37164          0.00280352
                   8             1.34587             1.36842          0.00403366
                   9              1.3833             1.37007          0.00392283
                  10             1.37402             1.37047           0.0035308
                  11              1.3555             1.36911          0.00347144
                  12             1.37712             1.36978          0.00323861
                  13             1.35765             1.36884          0.00312174
                  14             1.34124             1.36687          0.00349869
                  15             1.35729             1.36623          0.00331914
                  16             1.36697             1.36628          0.00310511
                  17              1.3635             1.36612          0.00292131
                  18             1.35368             1.36542          0.00283955
                  19             1.35787             1.36503          0.00271518
                  20             1.35719             1.36464          0.00260546
                  21             1.36375             1.36459          0.00247864
                  22             1.35974             1.36437          0.00237355
                  23             1.36174             1.36426          0.00227089
                  24             1.34274             1.36336          0.00235178
                  25             1.36409             1.36339          0.00225594
                  26             1.36115              1.3633          0.00216915
                  27             1.37472             1.36373          0.00212965
                  28             1.37012             1.36396          0.00206484
                  29             1.36088             1.36385          0.00199519
                  30             1.33971             1.36305           0.0020887
                  31             1.36977             1.36326          0.00203183
                  32             1.35785             1.36309          0.00197457
                  33             1.32866             1.36205          0.00217982
                  34             1.35999             1.36199           0.0021156
                  35              1.3616             1.36198           0.0020543
                  36               1.356             1.36181           0.0020033
                  37             1.33814             1.36117          0.00205075
                  38              1.3253             1.36023          0.00220803
                  39             1.37006             1.36048           0.0021654
                  40             1.36512              1.3606          0.00211376
                  41             1.34098             1.36012          0.00211634
                  42             1.35588             1.36002           0.0020678
                  43             1.35234             1.35984          0.00202702
                  44             1.36693                1.36          0.00198695
                  45             1.36368             1.36008          0.00194402
                  46             1.35307             1.35993          0.00190738
                  47             1.37131             1.36017          0.00188199
                  48             1.36468             1.36027          0.00184476
                  49             1.35377             1.36013          0.00181158
                  50             1.34779             1.35989          0.00179205
