                   1            0.196992            0.196992                   0
                   2            0.198465            0.197729         0.000736621
                   3            0.196783            0.197413         0.000529448
                   4            0.198021            0.197565         0.000404009
                   5            0.196828            0.197418         0.000345908
                   6            0.198138            0.197538         0.000306893
                   7            0.198128            0.197622         0.000272717
                   8            0.198024            0.197673          0.00024147
                   9            0.196302             0.19752         0.000261777
                  10             0.19727            0.197495         0.000235476
                  11            0.197444            0.197491         0.000213047
                  12            0.195743            0.197345         0.000242994
                  13            0.196514            0.197281         0.000232479
                  14            0.197537            0.197299         0.000216007
                  15            0.198258            0.197363         0.000211009
                  16            0.197025            0.197342         0.000198511
                  17             0.19394            0.197142         0.000273539
                  18            0.196568             0.19711          0.00025986
                  19            0.196957            0.197102         0.000245935
                  20             0.19688            0.197091         0.000233579
                  21            0.199425            0.197202         0.000248425
                  22            0.198024            0.197239         0.000239791
                  23            0.198566            0.197297         0.000236281
                  24            0.196963            0.197283         0.000226649
                  25            0.197088            0.197275         0.000217534
                  26            0.197901            0.197299          0.00021038
                  27            0.197256            0.197298         0.000202444
                  28            0.196605            0.197273         0.000196642
                  29            0.196834            0.197258         0.000190344
                  30             0.19784            0.197277         0.000184912
                  31             0.19754            0.197286         0.000179048
                  32            0.197725              0.1973         0.000173904
                  33            0.196215            0.197267         0.000171723
                  34             0.19947            0.197331          0.00017876
                  35            0.197175            0.197327         0.000173635
                  36            0.198002            0.197346         0.000169781
                  37            0.197131             0.19734         0.000165231
                  38            0.196925            0.197329         0.000161194
                  39            0.198232            0.197352         0.000158704
                  40             0.19792            0.197366         0.000155335
                  41            0.198308            0.197389         0.000153231
                  42            0.197711            0.197397         0.000149734
                  43            0.198424            0.197421          0.00014815
                  44            0.197552            0.197424         0.000144775
                  45            0.198132             0.19744         0.000142393
                  46            0.198133            0.197455         0.000140076
                  47            0.198676            0.197481         0.000139503
                  48            0.197913             0.19749         0.000136862
                  49            0.196838            0.197476         0.000134698
                  50            0.198128            0.197489         0.000132618
