                   1             1.39096             1.39096                   0
                   2             1.38438             1.38767           0.0032868
                   3             1.39294             1.38943          0.00258536
                   4             1.38595             1.38856          0.00202444
                   5             1.40905             1.39265          0.00438871
                   6             1.37876             1.39034          0.00426655
                   7             1.37992             1.38885          0.00390082
                   8             1.36462             1.38582          0.00453716
                   9             1.39221             1.38653          0.00406396
                  10             1.38608             1.38649           0.0036352
                  11             1.37471             1.38542          0.00345812
                  12             1.39994             1.38663          0.00338079
                  13             1.36178             1.38471           0.0036502
                  14             1.35715             1.38275          0.00391124
                  15              1.3688             1.38182          0.00375797
                  16             1.39129             1.38241          0.00356473
                  17             1.37213              1.3818          0.00340261
                  18             1.37004             1.38115          0.00327389
                  19             1.37718             1.38094          0.00310384
                  20             1.38035             1.38091          0.00294471
                  21             1.38279               1.381          0.00280241
                  22              1.3727             1.38062          0.00269851
                  23             1.38192             1.38068          0.00257913
                  24             1.36128             1.37987           0.0025983
                  25             1.38659             1.38014          0.00250664
                  26             1.37491             1.37994          0.00241669
                  27             1.38331             1.38006          0.00232882
                  28             1.38952              1.3804          0.00226937
                  29             1.38357             1.38051          0.00219245
                  30             1.35667             1.37972           0.0022623
                  31             1.38507             1.37989           0.0021949
                  32             1.37995             1.37989          0.00212521
                  33             1.34734              1.3789          0.00228384
                  34             1.38523             1.37909          0.00222345
                  35             1.37491             1.37897          0.00216229
                  36               1.376             1.37889          0.00210299
                  37             1.35983             1.37837          0.00210925
                  38             1.33956             1.37735          0.00229305
                  39             1.39097              1.3777          0.00226062
                  40             1.37081             1.37753          0.00221011
                  41             1.36111             1.37713          0.00219243
                  42             1.37788             1.37715          0.00213966
                  43             1.37587             1.37712          0.00208952
                  44             1.39202             1.37746          0.00206941
                  45             1.37857             1.37748          0.00202305
                  46             1.36985             1.37731          0.00198553
                  47             1.38764             1.37753          0.00195521
                  48             1.37393             1.37746          0.00191551
                  49             1.36596             1.37722          0.00189062
                  50             1.36745             1.37703           0.0018627
