                   1           -0.462329           -0.462329                   0
                   2           -0.463349           -0.462839          0.00050996
                   3           -0.462792           -0.462823          0.00029484
                   4           -0.462983           -0.462863         0.000212298
                   5           -0.463965           -0.463084         0.000275034
                   6           -0.463435           -0.463142         0.000232085
                   7           -0.462658           -0.463073         0.000207994
                   8           -0.463456           -0.463121         0.000186396
                   9           -0.463992           -0.463218         0.000190739
                  10            -0.46319           -0.463215         0.000170624
                  11           -0.462704           -0.463168         0.000161168
                  12           -0.462632           -0.463124         0.000153769
                  13            -0.46225           -0.463057         0.000156587
                  14           -0.462403            -0.46301         0.000152308
                  15            -0.46356           -0.463047         0.000146463
                  16           -0.464096           -0.463112         0.000151883
                  17             -0.4624            -0.46307         0.000148685
                  18            -0.46252            -0.46304         0.000143476
                  19            -0.46267            -0.46302         0.000137104
                  20           -0.463725           -0.463055         0.000134763
                  21           -0.462086           -0.463009         0.000136251
                  22           -0.462753           -0.462998         0.000130431
                  23           -0.464076           -0.463045         0.000133161
                  24           -0.461877           -0.462996         0.000136455
                  25           -0.464276           -0.463047         0.000140548
                  26           -0.463891            -0.46308         0.000138877
                  27           -0.461999            -0.46304           0.0001395
                  28           -0.462973           -0.463037         0.000134446
                  29           -0.464046           -0.463072         0.000134314
                  30           -0.462499           -0.463053         0.000131157
                  31           -0.462931           -0.463049         0.000126916
                  32           -0.462276           -0.463025         0.000125237
                  33           -0.462282           -0.463002          0.00012345
                  34           -0.463915           -0.463029         0.000122734
                  35           -0.462374            -0.46301         0.000120638
                  36           -0.462882           -0.463007         0.000117293
                  37           -0.462871           -0.463003         0.000114138
                  38           -0.461667           -0.462968         0.000116522
                  39           -0.462932           -0.462967         0.000113499
                  40           -0.462312           -0.462951         0.000111832
                  41           -0.463319            -0.46296         0.000109441
                  42           -0.463467           -0.462972         0.000107484
                  43           -0.462619           -0.462964         0.000105275
                  44           -0.463402           -0.462974         0.000103337
                  45           -0.463119           -0.462977         0.000101066
                  46           -0.463063           -0.462979         9.88622e-05
                  47           -0.463701           -0.462994         9.79496e-05
                  48           -0.462834           -0.462991          9.5945e-05
                  49           -0.462724           -0.462985         9.41243e-05
                  50           -0.462816           -0.462982         9.22851e-05
