                   1           0.0682564           0.0682564                   0
                   2           0.0713524           0.0698044            0.001548
                   3           0.0641068           0.0679052          0.00209898
                   4            0.072122           0.0689594          0.00182049
                   5            0.074484           0.0700643          0.00179147
                   6           0.0696024           0.0699873          0.00146475
                   7           0.0626552           0.0689399          0.00162162
                   8           0.0676488           0.0687785          0.00141361
                   9           0.0665136           0.0685268          0.00127183
                  10           0.0676436           0.0684385          0.00114098
                  11           0.0662816           0.0682424          0.00105052
                  12           0.0746552           0.0687768          0.00109783
                  13           0.0647692           0.0684686          0.00105587
                  14           0.0749456           0.0689312           0.0010815
                  15           0.0701984           0.0690157          0.00101036
                  16           0.0685268           0.0689851         0.000945594
                  17           0.0721236           0.0691697         0.000907214
                  18           0.0656592           0.0689747         0.000877283
                  19           0.0724584           0.0691581         0.000849842
                  20           0.0735872           0.0693795         0.000836093
                  21           0.0689364           0.0693584         0.000795563
                  22           0.0757836           0.0696505          0.00081282
                  23           0.0753776           0.0698995         0.000815617
                  24           0.0708144           0.0699376         0.000781824
                  25           0.0694648           0.0699187         0.000750137
                  26           0.0779552           0.0702278         0.000784195
                  27           0.0619752           0.0699221         0.000814145
                  28           0.0700076           0.0699252         0.000784535
                  29            0.068874           0.0698889         0.000757866
                  30           0.0684504            0.069841         0.000733737
                  31           0.0635576           0.0696383         0.000738051
                  32           0.0655428           0.0695103         0.000725985
                  33           0.0687868           0.0694884         0.000703983
                  34           0.0780816           0.0697411          0.00072823
                  35           0.0719504           0.0698043         0.000709929
                  36           0.0657656           0.0696921         0.000698988
                  37            0.072692           0.0697731         0.000684652
                  38           0.0623384           0.0695775         0.000694519
                  39           0.0747172           0.0697093         0.000689194
                  40           0.0678648           0.0696632         0.000673324
                  41           0.0679156           0.0696205         0.000658078
                  42           0.0799908           0.0698675         0.000688048
                  43           0.0756952            0.070003         0.000685389
                  44           0.0802044           0.0702348         0.000708633
                  45           0.0688624           0.0702043         0.000693377
                  46           0.0702704           0.0702058         0.000678138
                  47           0.0737044           0.0702802         0.000667715
                  48           0.0652216           0.0701748         0.000662098
                  49           0.0726068           0.0702245         0.000650341
                  50           0.0696292           0.0702126         0.000637313
