                   1          -0.0038548          -0.0038548                   0
                   2          -0.0004524          -0.0021536           0.0017012
                   3           -0.007282         -0.00386307          0.00197154
                   4           0.0021756          -0.0023534          0.00205489
                   5            0.001766         -0.00152952           0.0017923
                   6          -0.0021504           -0.001633          0.00146706
                   7          -0.0089328         -0.00267583          0.00162013
                   8          -0.0044208         -0.00289395          0.00141993
                   9          -0.0051568         -0.00314538          0.00127725
                  10          -0.0017988         -0.00301072          0.00115031
                  11           -0.006206          -0.0033012          0.00108029
                  12            0.002996         -0.00277643          0.00111709
                  13           -0.008682         -0.00323071          0.00112351
                  14           0.0044856         -0.00267954          0.00117717
                  15          -0.0030456         -0.00270395          0.00109616
                  16          -0.0024932         -0.00269078          0.00102545
                  17          -0.0019772          -0.0026488         0.000964154
                  18           -0.005576         -0.00281142         0.000923445
                  19           0.0014328         -0.00258804         0.000901602
                  20           0.0029972         -0.00230878          0.00089977
                  21            -0.00183         -0.00228598         0.000856155
                  22           0.0003188         -0.00216758         0.000824854
                  23           0.0043988         -0.00188209         0.000838288
                  24           0.0027076         -0.00169085         0.000825068
                  25            8.64e-05         -0.00161976         0.000794564
                  26           0.0063576         -0.00131294         0.000822744
                  27          -0.0090088         -0.00159797         0.000841433
                  28          -0.0039456         -0.00168181         0.000815149
                  29           -0.004444         -0.00177706         0.000792284
                  30           0.0001048         -0.00171433         0.000767985
                  31          -0.0106272         -0.00200185           0.0007965
                  32           -0.001646         -0.00199073         0.000771288
                  33          -0.0022852         -0.00199965         0.000747604
                  34           0.0047484         -0.00180118         0.000751948
                  35          -0.0019124         -0.00180435         0.000730155
                  36          -0.0079796         -0.00197589         0.000730022
                  37           0.0018988         -0.00187117         0.000717699
                  38          -0.0086804         -0.00205036         0.000721173
                  39            0.002062         -0.00194491         0.000710308
                  40             -0.0035         -0.00198379         0.000693414
                  41          -0.0027792         -0.00200319         0.000676568
                  42           0.0073288           -0.001781         0.000696646
                  43           0.0034084         -0.00166032         0.000690874
                  44           0.0082716         -0.00143459         0.000711732
                  45          -0.0017628         -0.00144188         0.000695775
                  46          -0.0011244         -0.00143498         0.000680516
                  47           0.0021388         -0.00135894         0.000670207
                  48          -0.0054012         -0.00144316         0.000661478
                  49          -0.0004832         -0.00142357         0.000648134
                  50             -0.0013          -0.0014211         0.000635044
