                   1           -0.649203           -0.649203                   0
                   2           -0.649383           -0.649293           9.016e-05
                   3           -0.647967           -0.648851         0.000445039
                   4           -0.648655           -0.648802         0.000318469
                   5           -0.649868           -0.649015         0.000326061
                   6           -0.649611           -0.649115         0.000284158
                   7            -0.64976           -0.649207         0.000257225
                   8            -0.64849           -0.649117         0.000240112
                   9           -0.647935           -0.648986         0.000249179
                  10           -0.649258           -0.649013         0.000224535
                  11            -0.64708           -0.648837         0.000268568
                  12           -0.650512           -0.648977          0.00028212
                  13           -0.647735           -0.648881         0.000276547
                  14           -0.649169           -0.648902         0.000256854
                  15           -0.649594           -0.648948         0.000243524
                  16           -0.648895           -0.648945          0.00022782
                  17           -0.648262           -0.648905         0.000217729
                  18           -0.647336           -0.648817         0.000222999
                  19           -0.648794           -0.648816         0.000210939
                  20           -0.649018           -0.648826         0.000200369
                  21           -0.648496           -0.648811         0.000191235
                  22           -0.648914           -0.648815         0.000182397
                  23           -0.649993           -0.648866         0.000181654
                  24           -0.648536           -0.648853         0.000174464
                  25           -0.648279            -0.64883         0.000168907
                  26           -0.648579            -0.64882         0.000162567
                  27           -0.648263           -0.648799         0.000157786
                  28            -0.64885           -0.648801         0.000152057
                  29           -0.649409           -0.648822         0.000148208
                  30           -0.649354            -0.64884         0.000144275
                  31           -0.649034           -0.648846         0.000139683
                  32            -0.64864            -0.64884           0.0001354
                  33           -0.647762           -0.648807         0.000135235
                  34           -0.650354           -0.648853         0.000138858
                  35           -0.648469           -0.648842         0.000135278
                  36           -0.648907           -0.648843         0.000131479
                  37           -0.649495           -0.648861         0.000129085
                  38           -0.647751           -0.648832         0.000128994
                  39           -0.649964           -0.648861         0.000128953
                  40           -0.647848           -0.648836         0.000128215
                  41           -0.648979           -0.648839         0.000125097
                  42           -0.649629           -0.648858         0.000123522
                  43            -0.64942           -0.648871         0.000121322
                  44           -0.649935           -0.648895         0.000120976
                  45           -0.649648           -0.648912         0.000119436
                  46           -0.647953           -0.648891         0.000118654
                  47           -0.649113           -0.648896         0.000116199
                  48           -0.648809           -0.648894         0.000113766
                  49           -0.648735           -0.648891         0.000111468
                  50           -0.648941           -0.648892          0.00010922
