                   1            0.344504            0.344504                   0
                   2            0.341352            0.342928          0.00157618
                   3            0.342572            0.342809           0.0009177
                   4            0.345592            0.343505         0.000951393
                   5            0.346632             0.34413         0.000966595
                   6            0.343114            0.343961         0.000807193
                   7            0.347061            0.344404         0.000813301
                   8            0.345532            0.344545         0.000718324
                   9            0.344477            0.344537         0.000633548
                  10             0.34311            0.344395         0.000584356
                  11            0.344852            0.344436         0.000530202
                  12            0.346121            0.344577         0.000503954
                  13            0.345861            0.344675         0.000473976
                  14            0.345836            0.344758         0.000446584
                  15            0.341707            0.344555         0.000462837
                  16            0.346536            0.344679         0.000450312
                  17            0.345518            0.344728         0.000425867
                  18            0.346433            0.344823         0.000412532
                  19            0.347612             0.34497         0.000416923
                  20            0.346351            0.345039         0.000401518
                  21            0.347344            0.345148         0.000397383
                  22             0.34316            0.345058         0.000389519
                  23            0.344931            0.345053         0.000372239
                  24            0.347549            0.345157          0.00037126
                  25            0.342511            0.345051         0.000371494
                  26            0.344962            0.345047         0.000356936
                  27            0.346181            0.345089         0.000346019
                  28            0.339025            0.344873         0.000397603
                  29            0.344227             0.34485         0.000384293
                  30            0.344711            0.344846         0.000371292
                  31            0.345822            0.344877         0.000360493
                  32            0.342968            0.344818         0.000354109
                  33            0.339126            0.344645         0.000384115
                  34            0.341021            0.344539         0.000387594
                  35            0.343212            0.344501          0.00037826
                  36            0.343164            0.344464         0.000369473
                  37            0.342391            0.344408         0.000363687
                  38            0.343226            0.344376          0.00035535
                  39            0.344291            0.344374         0.000346126
                  40            0.346735            0.344433         0.000342485
                  41            0.345693            0.344464         0.000335438
                  42             0.34271            0.344422         0.000330007
                  43            0.346188            0.344463         0.000324849
                  44            0.346997            0.344521         0.000322562
                  45            0.345974            0.344553         0.000316961
                  46            0.343615            0.344533         0.000310664
                  47            0.343193            0.344504         0.000305316
                  48            0.344269            0.344499         0.000298928
                  49            0.345763            0.344525         0.000293898
                  50            0.342652            0.344488         0.000290386
