                   1             3.71658             3.71658                   0
                   2              3.7531             3.73484           0.0182591
                   3             3.69748             3.72239           0.0163163
                   4             3.71219             3.71984           0.0118158
                   5             3.76597             3.72906           0.0129965
                   6              3.7264             3.72862           0.0106209
                   7             3.76131             3.73329           0.0101184
                   8             3.69176              3.7281           0.0101849
                   9             3.70313             3.72532          0.00940095
                  10             3.76801             3.72959          0.00942992
                  11             3.69806             3.72673          0.00899846
                  12             3.84041              3.7362            0.012539
                  13             3.68284             3.73209           0.0122429
                  14             3.74838             3.73326           0.0113943
                  15             3.67629             3.72946            0.011267
                  16             3.79873             3.73379           0.0113938
                  17              3.7665             3.73571           0.0108743
                  18             3.71234             3.73442           0.0103342
                  19             3.83793             3.73986            0.011191
                  20             3.70323             3.73803           0.0107736
                  21             3.72584             3.73745           0.0102641
                  22             3.77675             3.73924          0.00994813
                  23             3.82578               3.743           0.0102234
                  24             3.74438             3.74306          0.00978831
                  25              3.7421             3.74302           0.0093887
                  26             3.77445             3.74423          0.00910101
                  27             3.75999             3.74481          0.00877689
                  28             3.70375             3.74335          0.00858383
                  29             3.79018             3.74496           0.0084385
                  30             3.70081             3.74349          0.00828412
                  31             3.76184             3.74408          0.00803428
                  32             3.70969             3.74301          0.00785306
                  33             3.68001              3.7411          0.00784709
                  34             3.69054             3.73961          0.00775666
                  35             3.79906             3.74131          0.00772093
                  36             3.77927             3.74236          0.00757712
                  37             3.74414             3.74241          0.00736964
                  38             3.69458             3.74115          0.00728267
                  39             3.82804             3.74338          0.00743507
                  40             3.68165             3.74184          0.00740932
                  41             3.71459             3.74117          0.00725684
                  42             3.75699             3.74155          0.00709195
                  43             3.75413             3.74184          0.00693123
                  44             3.86883             3.74473           0.0073612
                  45             3.76275             3.74513           0.0072069
                  46             3.68031             3.74372          0.00718795
                  47             3.83333             3.74563          0.00728722
                  48             3.68648             3.74439          0.00723941
                  49             3.70293             3.74355          0.00714044
                  50             3.74157             3.74351          0.00699629
