                   1            0.349235            0.349235                   0
                   2            0.346702            0.347969          0.00126657
                   3            0.346748            0.347562         0.000836876
                   4            0.349778            0.348116         0.000810591
                   5            0.350775            0.348648         0.000822874
                   6            0.346808            0.348341         0.000738491
                   7            0.350404            0.348636         0.000690219
                   8             0.35207            0.349065         0.000735915
                   9            0.347953            0.348941         0.000660671
                  10            0.348744            0.348922         0.000591252
                  11            0.351401            0.349147         0.000580359
                  12            0.350328            0.349246         0.000538854
                  13            0.351784            0.349441         0.000532762
                  14            0.350414             0.34951         0.000498112
                  15            0.346299            0.349296         0.000510757
                  16            0.351816            0.349454         0.000503065
                  17            0.352307            0.349622         0.000501478
                  18            0.349333            0.349606          0.00047307
                  19            0.353413            0.349806         0.000490298
                  20            0.351529            0.349892         0.000473045
                  21            0.352535            0.350018         0.000467229
                  22            0.347481            0.349903         0.000460168
                  23            0.351461             0.34997         0.000444897
                  24             0.35171            0.350043         0.000432082
                  25            0.348114            0.349966          0.00042156
                  26            0.351913            0.350041         0.000411888
                  27            0.350268            0.350049         0.000396428
                  28            0.344039            0.349834         0.000438184
                  29            0.348918            0.349803         0.000423984
                  30            0.349236            0.349784         0.000410043
                  31            0.349254            0.349767         0.000396964
                  32            0.349393            0.349755         0.000384537
                  33            0.344599            0.349599         0.000404126
                  34            0.347866            0.349548          0.00039536
                  35            0.349702            0.349552         0.000383923
                  36            0.346397            0.349465          0.00038326
                  37            0.348773            0.349446         0.000373226
                  38            0.349652            0.349451         0.000363312
                  39            0.351282            0.349498         0.000356972
                  40            0.351269            0.349543         0.000350737
                  41            0.350401            0.349564         0.000342717
                  42            0.350884            0.349595         0.000335931
                  43            0.351827            0.349647         0.000332109
                  44            0.353298             0.34973         0.000334918
                  45            0.350458            0.349746          0.00032779
                  46            0.347729            0.349702         0.000323571
                  47            0.348487            0.349676         0.000317665
                  48            0.349714            0.349677         0.000310978
                  49            0.352172            0.349728         0.000308793
                  50            0.347945            0.349692         0.000304649
