                   1             3.55267             3.55267                   0
                   2             3.57187             3.56227              0.0096
                   3             3.59065             3.57173           0.0109635
                   4               3.543             3.56455            0.010569
                   5             3.59497             3.57063           0.0102004
                   6             3.59644             3.57493           0.0093735
                   7              3.6512             3.58583           0.0134704
                   8             3.56866             3.58368           0.0118614
                   9             3.55499             3.58049           0.0109359
                  10             3.57984             3.58043          0.00978159
                  11             3.63344             3.58525            0.010075
                  12             3.62803             3.58881          0.00986405
                  13             3.54038             3.58509           0.0098086
                  14             3.55075             3.58263          0.00940645
                  15             3.54006              3.5798          0.00920545
                  16             3.66042             3.58484          0.00997705
                  17             3.59791              3.5856          0.00940332
                  18             3.59779             3.58628          0.00889135
                  19             3.69341             3.59192           0.0101256
                  20             3.53174             3.58891           0.0100663
                  21             3.52926             3.58607          0.00998733
                  22             3.58386             3.58597          0.00952308
                  23             3.60285              3.5867          0.00912915
                  24              3.5897             3.58683          0.00874139
                  25             3.59644             3.58721          0.00839326
                  26             3.60215             3.58779          0.00808442
                  27             3.58518             3.58769          0.00777983
                  28             3.59289             3.58788          0.00749913
                  29             3.61235             3.58872          0.00728497
                  30             3.58342             3.58854          0.00704016
                  31             3.61397             3.58936          0.00685849
                  32             3.63341             3.59074          0.00678187
                  33              3.5247             3.58874          0.00687104
                  34             3.50323             3.58622          0.00712458
                  35             3.58042             3.58606          0.00692001
                  36             3.63002             3.58728          0.00683501
                  37             3.58658             3.58726          0.00664774
                  38             3.59897             3.58757          0.00647776
                  39             3.58005             3.58738          0.00631242
                  40             3.56511             3.58682          0.00617772
                  41             3.61049              3.5874          0.00605276
                  42             3.52677             3.58595          0.00608073
                  43             3.55979             3.58535          0.00596873
                  44             3.67777             3.58745          0.00619826
                  45             3.57437             3.58715          0.00606592
                  46             3.58065             3.58701          0.00593427
                  47             3.65174             3.58839          0.00596773
                  48             3.54056             3.58739          0.00592646
                  49             3.51494             3.58592          0.00598965
                  50             3.60689             3.58634          0.00588361
