                   1           -0.646572           -0.646572                   0
                   2           -0.647091           -0.646832           0.0002596
                   3           -0.645606           -0.646423         0.000435034
                   4           -0.645955           -0.646306         0.000329114
                   5           -0.646969           -0.646439         0.000287317
                   6           -0.647517           -0.646618         0.000295498
                   7           -0.647938           -0.646807         0.000312938
                   8           -0.646449           -0.646762         0.000274685
                   9           -0.645585           -0.646631         0.000275317
                  10           -0.646553           -0.646624         0.000246376
                  11           -0.645742           -0.646543         0.000236839
                  12           -0.646951           -0.646577         0.000218858
                  13           -0.645693           -0.646509         0.000212508
                  14           -0.646416           -0.646503         0.000196857
                  15           -0.647173           -0.646547         0.000188631
                  16           -0.646337           -0.646534         0.000176938
                  17           -0.646046           -0.646505         0.000168663
                  18           -0.645462           -0.646447         0.000169261
                  19           -0.646436           -0.646447         0.000160106
                  20           -0.646426           -0.646446         0.000151894
                  21           -0.645696            -0.64641         0.000148826
                  22           -0.646502           -0.646414         0.000141961
                  23           -0.647143           -0.646446         0.000139302
                  24           -0.646252           -0.646438         0.000133616
                  25           -0.646132           -0.646426         0.000128743
                  26           -0.646201           -0.646417         0.000123994
                  27           -0.646295           -0.646412         0.000119398
                  28           -0.646492           -0.646415          0.00011509
                  29           -0.646905           -0.646432         0.000112326
                  30           -0.647091           -0.646454         0.000110718
                  31           -0.646542           -0.646457         0.000107124
                  32           -0.646873            -0.64647         0.000104534
                  33           -0.645445           -0.646439         0.000105972
                  34            -0.64729           -0.646464         0.000105814
                  35           -0.645874           -0.646447         0.000104122
                  36              -0.646           -0.646435         0.000101948
                  37           -0.646667           -0.646441          9.9353e-05
                  38           -0.645679           -0.646421         9.87589e-05
                  39           -0.646898           -0.646433         9.69668e-05
                  40           -0.645649           -0.646414         9.65242e-05
                  41            -0.64665           -0.646419         9.43164e-05
                  42           -0.646657           -0.646425          9.2217e-05
                  43           -0.646203            -0.64642         9.01944e-05
                  44           -0.646607           -0.646424         8.82236e-05
                  45           -0.647105           -0.646439         8.75576e-05
                  46           -0.645567            -0.64642         8.77059e-05
                  47           -0.646661           -0.646425         8.59721e-05
                  48           -0.646424           -0.646425         8.41619e-05
                  49           -0.645834           -0.646413         8.33063e-05
                  50           -0.647239            -0.64643         8.32781e-05
