0
-0.0351882
-0.0351883
-0.0351885
-0.0351887
-0.035189
-0.0351893
-0.0351897
-0.0351902
-0.0351908
-0.0351914
-0.035192
-0.0351928
-0.0351936
-0.0351944
-0.0351953
-0.0351963
-0.0351974
-0.0351985
-0.0351997
-0.0352009
-0.0352022
-0.0352036
-0.035205
-0.0352065
-0.0352081
-0.0352097
-0.0352114
-0.0352131
-0.035215
-0.0352168
-0.0352188
-0.0352208
-0.0352228
-0.035225
-0.0352272
-0.0352294
-0.0352317
-0.0352341
-0.0352365
-0.0352391
-0.0352416
-0.0352443
-0.0352469
-0.0352497
-0.0352525
-0.0352554
-0.0352584
-0.0352614
-0.0352644
-0.0352676
-0.0352708
-0.035274
-0.0352774
-0.0352808
-0.0352842
-0.0352877
-0.0352913
-0.0352949
-0.0352987
-0.0353024
-0.0353062
-0.0353101
-0.0353141
-0.0353181
-0.0353222
-0.0353263
-0.0353306
-0.0353348
-0.0353392
-0.0353436
-0.035348
-0.0353525
-0.0353571
-0.0353618
-0.0353665
-0.0353713
-0.0353761
-0.035381
-0.035386
-0.035391
-0.0353961
-0.0354012
-0.0354065
-0.0354117
-0.0354171
-0.0354225
-0.035428
-0.0354335
-0.0354391
-0.0354448
-0.0354505
-0.0354563
-0.0354621
-0.035468
-0.035474
-0.0354801
-0.0354862
-0.0354923
-0.0354986
-0.0355049
-0.0355112
-0.0355177
-0.0355241
-0.0355307
-0.0355373
-0.035544
-0.0355507
-0.0355575
-0.0355644
-0.0355713
-0.0355783
-0.0355854
-0.0355925
-0.0355997
-0.035607
-0.0356143
-0.0356217
-0.0356291
-0.0356366
-0.0356442
-0.0356518
-0.0356595
-0.0356673
-0.0356751
-0.035683
-0.035691
-0.035699
-0.0357071
-0.0357153
-0.0357259
-0.0357342
-0.0357449
-0.0357533
-0.0357618
-0.0357704
-0.035779
-0.0357901
-0.0357988
-0.0358076
-0.0358189
-0.0358302
-0.0358393
-0.0358484
-0.0358575
-0.0358691
-0.0358784
-0.0358878
-0.0358972
-0.0359091
-0.0359187
-0.0359307
-0.0359404
-0.0359501
-0.03596
-0.0359699
-0.0359799
-0.0359923
-0.0360024
-0.0360125
-0.0360252
-0.0360355
-0.0360458
-0.0360563
-0.0360668
-0.0360798
-0.0360975
-0.0361106
-0.0361262
-0.0361394
-0.0361528
-0.0361638
-0.0361749
-0.0361861
-0.036202
-0.0362157
-0.0362271
-0.0362385
-0.0362501
-0.0362664
-0.036278
-0.0362945
-0.0363087
-0.0363229
-0.0363396
-0.0363517
-0.0363638
-0.0363759
-0.0363929
-0.0364052
-0.03642
-0.0364396
-0.0364545
-0.0364671
-0.0364798
-0.0364949
-0.0365125
-0.0365254
-0.0365407
-0.0365561
-0.036574
-0.0365872
-0.0366028
-0.0366162
-0.0366367
-0.0366502
-0.0366638
-0.0366798
-0.0366959
-0.036712
-0.0367259
-0.0367398
-0.0367538
-0.0367703
-0.0367845
-0.0368011
-0.0368201
-0.0368368
-0.0368537
-0.0368777
-0.0368923
-0.036907
-0.0369218
-0.0369366
-0.0369539
-0.0369689
-0.0369887
-0.0370062
-0.0370238
-0.0370415
-0.0370568
-0.0370746
-0.0370949
-0.0371129
-0.0371286
-0.0371443
-0.0371602
-0.0371808
-0.0371992
-0.03722
-0.0372409
-0.0372595
-0.0372829
-0.0373016
-0.0373181
-0.0373394
-0.0373655
-0.0373846
-0.0374061
-0.0374254
-0.0374424
-0.0374641
-0.0374836
-0.0375056
-0.0375228
-0.0375426
-0.0375624
-0.0375846
-0.0376046
-0.0376247
-0.0376424
-0.0376627
-0.0376853
-0.0377081
-0.0377285
-0.0377467
-0.0377697
-0.037788
-0.0378112
-0.0378321
-0.0378554
-0.0378741
-0.0378928
-0.037914
-0.0379377
-0.0379614
-0.0379852
-0.0380068
-0.0380284
-0.0380501
-0.0380719
-0.0380914
-0.0381134
-0.0381378
-0.0381599
-0.0381869
-0.0382068
-0.0382292
-0.0382493
-0.0382743
-0.0382969
-0.0383173
-0.0383401
-0.038363
-0.0383836
-0.0384067
-0.0384298
-0.0384531
-0.038474
-0.0384974
-0.0385209
-0.0385422
-0.0385682
-0.038592
-0.0386158
-0.0386374
-0.0386591
-0.0386856
-0.0387169
-0.0387412
-0.0387632
-0.0387901
-0.0388146
-0.0388393
-0.0388617
-0.0388841
-0.0389091
-0.0389341
-0.0389592
-0.0389868
-0.0390121
-0.0390351
-0.0390582
-0.0390814
-0.0391047
-0.039128
-0.0391563
-0.0391822
-0.0392058
-0.039232
-0.0392582
-0.0392821
-0.0393109
-0.0393397
-0.0393639
-0.039393
-0.0394198
-0.0394443
-0.0394712
-0.0395007
-0.0395254
-0.0395503
-0.0395753
-0.0396027
-0.0396303
-0.039665
-0.0396904
-0.0397182
-0.0397438
-0.0397742
-0.0397999
-0.0398282
-0.0398565
-0.0398825
-0.039911
-0.0399397
-0.0399707
-0.0399996
-0.0400261
-0.0400575
-0.0400842
-0.0401111
-0.0401404
-0.0401675
-0.0401946
-0.0402266
-0.0402539
-0.0402814
-0.040309
-0.040339
-0.0403715
-0.0403994
-0.040425
-0.0404554
-0.040486
-0.0405143
-0.040545
-0.0405735
-0.0406069
-0.0406356
-0.0406668
-0.0406981
-0.0407294
-0.040761
-0.0407902
-0.0408195
-0.0408466
-0.0408786
-0.0409106
-0.0409404
-0.0409703
-0.0410003
-0.0410304
-0.041063
-0.0410957
-0.0411261
-0.041159
-0.0411897
-0.0412252
-0.0412584
-0.0412894
-0.0413205
-0.0413517
-0.041383
-0.0414169
-0.0414484
-0.0414777
-0.0415095
-0.0415414
-0.0415734
-0.0416055
-0.0416378
-0.0416701
-0.0417026
-0.0417352
-0.0417679
-0.0418007
-0.041836
-0.0418714
-0.0419046
-0.0419379
-0.0419713
-0.0420048
-0.0420409
-0.0420794
-0.0421109
-0.0421425
-0.0421814
-0.0422157
-0.0422524
-0.0422869
-0.0423216
-0.0423587
-0.0423936
-0.042438
-0.0424779
-0.0425155
-0.0425557
-0.0425935
-0.0426292
-0.0426649
-0.0427032
-0.0427368
-0.042773
-0.0428092
-0.0428456
-0.0428822
-0.0429188
-0.042958
-0.0429949
-0.0430319
-0.0430691
-0.0431064
-0.0431462
-0.0431838
-0.0432191
-0.0432593
-0.0432997
-0.0433401
-0.043376
-0.0434144
-0.0434529
-0.0434916
-0.0435327
-0.043574
-0.0436131
-0.0436523
-0.043694
-0.0437335
-0.0437754
-0.0438152
-0.0438551
-0.0438951
-0.0439353
-0.0439756
-0.0440161
-0.0440567
-0.0440974
-0.0441383
-0.0441841
-0.0442276
-0.0442713
-0.0443128
-0.0443544
-0.0443986
-0.0444405
-0.0444825
-0.0445271
-0.0445695
-0.0446144
-0.044657
-0.0446998
-0.0447428
-0.0447859
-0.0448292
-0.0448726
-0.0449162
-0.0449623
-0.0450038
-0.0450479
-0.0450921
-0.0451364
-0.0451786
-0.0452232
-0.0452704
-0.0453154
-0.0453582
-0.0454035
-0.045449
-0.0454946
-0.0455428
-0.0455911
-0.0456372
-0.0456835
-0.04573
-0.0457766
-0.0458233
-0.0458679
-0.0459174
-0.045967
-0.0460192
-0.0460692
-0.046117
-0.046165
-0.0462107
-0.046259
-0.0463028
-0.0463538
-0.046405
-0.046454
-0.0465032
-0.0465525
-0.046602
-0.0466517
-0.0467087
-0.0467612
-0.0468114
-0.0468642
-0.0469148
-0.0469632
-0.0470142
-0.0470677
-0.0471238
-0.0471753
-0.0472294
-0.0472836
-0.0473381
-0.0473903
-0.0474451
-0.0474954
-0.0475506
-0.047606
-0.0476592
-0.0477126
-0.0477686
-0.0478224
-0.0478764
-0.0479329
-0.0479873
-0.0480419
-0.048099
-0.0481516
-0.0482068
-0.0482621
-0.0483201
-0.0483806
-0.0484366
-0.0484928
-0.0485539
-0.0486129
-0.0486673
-0.0487267
-0.0487816
-0.048839
-0.0488966
-0.0489545
-0.0490125
-0.0490708
-0.0491317
-0.0491928
-0.0492517
-0.0493108
-0.0493749
-0.0494368
-0.049499
-0.049559
-0.0496192
-0.0496797
-0.0497404
-0.0498037
-0.0498648
-0.0499261
-0.0499901
-0.0500519
-0.0501139
-0.0501762
-0.0502411
-0.0503038
-0.0503715
-0.0504347
-0.0505005
-0.0505665
-0.0506328
-0.0506969
-0.0507613
-0.0508259
-0.0508956
-0.0509583
-0.051026
-0.0510916
-0.0511575
-0.0512236
-0.0512899
-0.0513541
-0.0514209
-0.051488
-0.0515577
-0.0516253
-0.0516932
-0.0517613
-0.051832
-0.051903
-0.0519719
-0.052041
-0.0521081
-0.0521801
-0.05225
-0.0523202
-0.0523907
-0.0524638
-0.0525348
-0.0526132
-0.0526848
-0.0527566
-0.0528287
-0.052901
-0.0529737
-0.0530466
-0.0531198
-0.0531933
-0.0532671
-0.0533435
-0.0534154
-0.0534877
-0.053565
-0.0536402
-0.0537157
-0.0537962
-0.0538747
-0.0539558
-0.0540325
-0.0541094
-0.0541867
-0.0542643
-0.0543422
-0.0544203
-0.0544964
-0.05458
-0.0546591
-0.0547385
-0.0548206
-0.0549006
-0.054981
-0.0550616
-0.055145
-0.0552263
-0.0553079
-0.0553899
-0.0554722
-0.0555548
-0.05564
-0.0557233
-0.0558045
-0.0558884
-0.0559798
-0.0560644
-0.0561469
-0.0562322
-0.0563178
-0.0564014
-0.0564877
-0.0565767
-0.0566637
-0.056751
-0.0568411
-0.0569291
-0.0570175
-0.0571063
-0.0571978
-0.0572896
-0.0573795
-0.0574697
-0.0575603
-0.0576465
-0.0577401
-0.0578318
-0.0579239
-0.058014
-0.0581068
-0.0582
-0.0582936
-0.0583875
-0.0584819
-0.058579
-0.0586741
-0.0587696
-0.0588655
-0.0589642
-0.0590633
-0.0591604
-0.0592555
-0.0593582
-0.0594542
-0.0595529
-0.059652
-0.0597516
-0.0598563
-0.0599567
-0.0600575
-0.0601588
-0.0602604
-0.0603601
-0.0604627
-0.0605656
-0.060669
-0.0607728
-0.0608794
-0.0609794
-0.0610845
-0.0611901
-0.0612961
-0.0614026
-0.0615095
-0.0616193
-0.0617295
-0.0618402
-0.061949
-0.0620606
-0.062175
-0.0622852
-0.0623959
-0.0625094
-0.0626233
-0.0627354
-0.0628504
-0.0629634
-0.063077
-0.0631934
-0.0633079
-0.0634253
-0.0635432
-0.0636569
-0.0637734
-0.0638929
-0.0640104
-0.0641309
-0.0642494
-0.0643709
-0.0644906
-0.0646107
-0.0647338
-0.064855
-0.0649791
-0.065099
-0.0652218
-0.0653452
-0.0654691
-0.0655959
-0.065721
-0.0658465
-0.0659727
-0.0660993
-0.0662266
-0.0663544
-0.0664828
-0.0666141
-0.0667437
-0.0668738
-0.0670021
-0.0671334
-0.0672653
-0.0673954
-0.067526
-0.0676597
-0.067794
-0.0679289
-0.0680643
-0.0682004
-0.0683372
-0.0684745
-0.0686124
-0.068751
-0.0688902
-0.0690301
-0.0691706
-0.0693117
-0.0694535
-0.0695959
-0.069739
-0.0698803
-0.0700247
-0.0701698
-0.0703155
-0.0704619
-0.0706066
-0.0707567
-0.0709075
-0.0710542
-0.0712064
-0.0713569
-0.0715081
-0.0716576
-0.0718126
-0.0719659
-0.0721199
-0.072277
-0.0724325
-0.072591
-0.072748
-0.0729056
-0.073064
-0.0732231
-0.073383
-0.073546
-0.0737121
-0.0738742
-0.0740371
-0.0742007
-0.0743675
-0.0745327
-0.0746987
-0.0748631
-0.0750283
-0.075199
-0.0753681
-0.0755381
-0.0757088
-0.075878
-0.0760527
-0.0762283
-0.0764023
-0.0765795
-0.0767551
-0.0769316
-0.0771089
-0.0772871
-0.0774661
-0.077646
-0.0778315
-0.0780154
-0.0781979
-0.0783812
-0.078563
-0.0787481
-0.078934
-0.0791209
-0.0793086
-0.0794973
-0.0796844
-0.0798749
-0.0800662
-0.0802609
-0.080454
-0.0806458
-0.0808408
-0.0810368
-0.0812361
-0.0814339
-0.0816327
-0.0818325
-0.0820332
-0.0822372
-0.0824399
-0.0826435
-0.082848
-0.0830512
-0.0832601
-0.0834677
-0.0836762
-0.0838857
-0.0841009
-0.0843124
-0.084525
-0.0847385
-0.084953
-0.0851686
-0.0853852
-0.0856052
-0.0858263
-0.086046
-0.0862644
-0.0864862
-0.0867091
-0.086933
-0.0871579
-0.0873863
-0.0876134
-0.0878416
-0.0880709
-0.0883012
-0.0885326
-0.0887675
-0.089001
-0.0892357
-0.0894715
-0.0897107
-0.0899487
-0.0901878
-0.090428
-0.0906692
-0.0909117
-0.0911528
-0.0913975
-0.0916409
-0.0918902
-0.0921406
-0.0923898
-0.0926401
-0.0928939
-0.0931465
-0.0934002
-0.0936527
-0.0939087
-0.0941659
-0.0944266
-0.094686
-0.0949466
-0.0952084
-0.0954713
-0.0957354
-0.0960006
-0.0962693
-0.0965368
-0.0968055
-0.0970729
-0.0973439
-0.097616
-0.0978893
-0.0981637
-0.0984369
-0.098716
-0.0989938
-0.0992728
-0.0995553
-0.0998366
-0.100119
-0.100402
-0.100687
-0.100973
-0.10126
-0.10155
-0.101839
-0.102129
-0.102421
-0.102713
-0.103007
-0.103301
-0.103597
-0.103894
-0.104191
-0.10449
-0.10479
-0.105093
-0.105395
-0.105698
-0.106002
-0.106307
-0.106612
-0.106922
-0.107227
-0.107533
-0.10784
-0.108151
-0.108462
-0.108774
-0.109088
-0.109402
-0.109719
-0.110032
-0.11035
-0.110668
-0.110985
-0.111304
-0.111623
-0.111945
-0.112266
-0.112587
-0.112909
-0.113233
-0.113558
-0.113884
-0.114208
-0.114532
-0.114857
-0.115184
-0.115509
-0.115835
-0.116163
-0.116489
-0.116815
0
-0.117789
-0.118108
-0.118425
-0.118744
-0.119063
-0.119379
-0.119697
-0.120018
-0.120336
-0.120653
-0.120972
-0.121288
-0.121604
-0.121919
-0.122234
-0.122543
-0.122855
-0.123167
-0.123478
-0.123788
-0.124097
-0.124407
-0.124708
-0.125016
-0.125319
-0.125621
-0.125924
-0.126225
-0.126522
-0.126821
-0.127114
-0.127407
-0.127698
-0.127985
-0.128271
-0.128552
-0.128831
-0.129107
-0.12938
-0.12965
-0.129917
-0.130181
-0.130441
-0.130698
-0.130952
-0.131201
-0.131447
-0.131689
-0.131924
-0.132157
-0.132386
-0.132612
-0.132831
-0.133046
-0.133255
-0.133461
-0.13366
-0.133853
-0.13404
-0.134222
-0.134397
-0.134566
-0.134731
-0.134887
-0.135039
-0.135181
-0.135314
-0.135441
-0.135562
-0.135674
-0.135779
-0.135876
-0.135964
-0.136044
-0.136111
-0.136173
-0.136227
-0.136272
-0.136307
-0.136333
-0.136351
-0.136352
-0.136346
-0.136332
-0.136306
-0.136273
-0.136226
-0.13617
-0.1361
-0.136022
-0.135935
-0.13584
-0.135728
-0.135605
-0.135475
-0.135329
-0.135168
-0.134999
-0.134822
-0.134629
-0.134424
-0.134207
-0.133979
-0.133741
-0.133489
-0.133223
-0.132948
-0.132662
-0.132362
-0.132054
-0.131732
-0.131406
-0.131066
-0.130715
-0.130354
-0.129983
-0.129603
-0.129215
-0.128819
-0.128411
-0.127997
-0.127579
-0.127151
-0.126716
-0.126276
-0.12583
-0.12538
-0.124925
-0.124467
-0.124009
-0.123548
-0.123081
-0.122615
-0.122152
-0.121687
-0.121227
-0.120765
-0.120308
-0.119853
-0.119404
-0.118958
-0.118518
-0.118088
-0.117667
-0.117251
-0.116848
-0.116458
-0.116078
-0.11571
-0.115355
-0.115011
-0.114686
-0.114375
-0.114079
-0.113803
-0.113544
-0.113304
-0.113084
-0.112883
-0.112703
-0.112546
-0.112409
-0.112296
-0.112204
-0.11213
-0.112084
-0.112067
-0.112072
-0.112098
-0.112147
-0.112222
-0.112325
-0.112451
-0.112601
-0.112777
-0.112979
-0.113204
-0.113453
-0.113727
-0.114025
-0.114347
-0.114692
-0.11506
-0.115449
-0.115862
-0.116297
-0.116753
-0.117228
-0.117725
-0.118242
-0.11878
-0.119334
-0.119903
-0.120491
-0.121095
-0.121713
-0.122349
-0.122997
-0.12366
-0.124334
-0.12502
-0.125718
-0.126422
-0.127135
-0.127856
-0.128585
-0.129319
-0.130058
-0.130802
-0.13155
-0.1323
-0.133052
-0.133807
-0.13456
-0.135312
-0.136062
-0.13681
-0.137555
-0.138296
-0.139034
-0.139765
-0.140494
-0.141208
-0.141917
-0.142616
-0.143303
-0.143987
-0.144658
-0.145321
-0.14597
-0.146607
-0.147234
-0.147845
-0.148442
-0.149026
-0.149595
-0.15015
-0.150691
-0.151213
-0.151722
-0.152215
-0.152692
-0.153152
-0.153597
-0.154021
-0.154433
-0.154829
-0.155209
-0.155573
-0.155921
-0.156251
-0.156568
-0.15687
-0.157157
-0.157429
-0.157688
-0.157933
-0.158164
-0.158383
-0.158593
-0.158789
-0.158974
-0.159147
-0.15931
-0.159467
-0.159616
-0.159759
-0.159895
-0.160029
-0.160155
-0.160281
-0.160402
-0.160522
-0.160641
-0.160763
-0.160884
-0.16101
-0.161138
-0.16127
-0.161407
-0.161549
-0.161696
-0.161861
-0.162031
-0.162212
-0.162403
-0.162608
-0.162823
-0.163052
-0.163298
-0.163557
-0.163835
-0.16413
-0.164443
-0.164771
-0.16512
-0.165489
-0.165876
-0.166284
-0.166711
-0.167158
-0.167622
-0.16811
-0.168619
-0.16915
-0.169702
-0.170273
-0.170865
-0.171471
-0.172099
-0.172745
-0.173408
-0.17409
-0.174789
-0.175505
-0.176237
-0.176983
-0.177742
-0.178516
-0.179305
-0.180103
-0.180915
-0.181734
-0.182562
-0.183398
-0.184244
-0.185092
-0.185946
-0.186807
-0.187667
-0.18853
-0.189396
-0.190262
-0.191124
-0.191982
-0.192839
-0.193695
-0.194543
-0.195386
-0.196221
-0.197045
-0.197865
-0.198677
-0.199483
-0.200272
-0.20105
-0.201814
-0.202569
-0.203313
-0.204038
-0.204748
-0.205443
-0.206122
-0.20678
-0.207426
-0.208053
-0.208664
-0.209255
-0.20983
-0.210391
-0.210929
-0.211445
-0.211944
-0.212424
-0.212884
-0.213322
-0.213743
-0.214143
-0.214522
-0.214878
-0.215219
-0.21554
-0.215839
-0.21612
-0.21638
-0.216622
-0.216847
-0.217051
-0.217233
-0.217396
-0.217541
-0.21767
-0.217781
-0.217874
-0.217947
-0.218005
-0.218047
-0.218072
-0.218076
-0.218071
-0.218051
-0.218013
-0.217961
-0.217895
-0.21781
-0.217712
-0.217605
-0.217487
-0.217356
-0.217214
-0.21706
-0.216894
-0.21672
-0.216537
-0.216346
-0.216145
-0.215935
-0.215716
-0.215491
-0.21526
-0.215023
-0.214785
-0.214534
-0.214283
-0.214025
-0.213764
-0.213499
-0.213231
-0.21296
-0.212689
-0.212414
-0.212138
-0.21186
-0.211582
-0.211301
-0.211023
-0.210747
-0.210469
-0.210192
-0.209916
-0.20964
-0.209367
-0.209096
-0.208827
-0.20856
-0.208296
-0.208034
-0.207775
-0.207519
-0.207266
-0.207016
-0.206766
-0.206523
-0.206282
-0.206047
-0.205813
-0.205582
-0.205355
-0.205129
-0.20491
-0.204696
-0.204479
-0.204271
-0.204068
-0.203866
-0.203664
-0.203468
-0.203275
-0.203087
-0.202897
-0.20271
-0.202526
-0.202344
-0.202166
-0.201989
-0.201817
-0.201644
-0.201475
-0.201306
-0.201139
-0.200971
-0.200807
-0.200647
-0.200486
-0.200326
-0.200168
-0.200012
-0.199858
-0.199704
-0.199551
-0.199396
-0.199241
-0.199084
-0.198929
-0.198775
-0.198617
-0.198462
-0.198306
-0.198149
-0.197992
-0.197833
-0.197671
-0.197507
-0.197344
-0.197177
-0.197013
-0.196844
-0.196671
-0.196498
-0.196323
-0.196147
-0.195966
-0.195785
-0.195598
-0.195411
-0.195218
-0.195024
-0.194827
-0.194622
-0.194416
-0.194207
-0.193992
-0.193774
-0.193555
-0.193334
-0.193112
-0.192884
-0.192654
-0.192425
-0.192193
-0.191957
-0.191719
-0.191481
-0.191241
-0.191002
-0.190757
-0.190518
-0.190279
-0.190045
-0.18981
-0.189578
-0.189349
-0.189126
-0.188903
-0.188688
-0.18848
-0.188277
-0.188081
-0.187895
-0.187715
-0.187542
-0.187382
-0.187233
-0.187095
-0.186969
-0.186857
-0.186758
-0.186677
-0.18661
-0.186555
-0.186518
-0.186496
-0.186495
-0.186509
-0.186545
-0.186597
-0.186673
-0.186766
-0.186887
-0.187027
-0.187183
-0.187364
-0.187567
-0.187793
-0.188043
-0.188314
-0.188608
-0.188924
-0.189261
-0.189623
-0.190008
-0.190413
-0.190843
-0.191295
-0.19177
-0.192266
-0.192781
-0.193318
-0.193877
-0.194457
-0.195057
-0.195677
-0.196315
-0.196974
-0.197649
-0.198341
-0.19905
-0.199775
-0.200513
-0.201269
-0.202038
-0.202824
-0.203627
-0.204436
-0.205254
-0.206084
-0.206923
-0.207773
-0.20863
-0.209499
-0.210371
-0.211252
-0.212139
-0.21303
-0.213926
-0.214826
-0.215729
-0.216636
-0.217545
-0.218453
-0.219358
-0.220265
-0.221171
-0.222073
-0.222975
-0.223874
-0.22477
-0.225658
-0.226545
-0.227425
-0.228305
-0.229173
-0.230034
-0.230887
-0.231732
-0.232569
-0.233396
-0.234214
-0.235017
-0.235814
-0.2366
-0.237372
-0.238135
-0.238885
-0.239623
-0.240346
-0.241058
-0.241754
-0.242436
-0.243109
-0.243768
-0.244409
-0.245035
-0.245647
-0.246243
-0.246823
-0.247388
-0.247935
-0.248473
-0.24899
-0.249491
-0.249973
-0.250441
-0.250893
-0.251331
-0.251752
-0.252155
-0.252543
-0.252913
-0.253268
-0.253603
-0.253925
-0.25423
-0.254523
-0.254795
-0.255051
-0.255291
-0.255516
-0.255725
-0.255919
-0.256098
-0.256262
-0.256413
-0.256543
-0.256663
-0.256769
-0.256862
-0.25694
-0.257005
-0.257058
-0.257097
-0.257126
-0.257139
-0.257142
-0.257133
-0.257113
-0.257082
-0.257045
-0.256993
-0.256932
-0.256861
-0.25678
-0.256691
-0.256594
-0.256488
-0.256375
-0.256254
-0.256127
-0.255993
-0.255851
-0.255706
-0.255555
-0.255399
-0.255239
-0.255075
-0.254908
-0.254737
-0.254564
-0.254388
-0.254211
-0.254034
-0.253852
-0.253671
-0.253492
-0.253312
-0.253129
-0.25295
-0.25277
-0.252595
-0.252419
-0.252248
-0.252082
-0.251918
-0.251754
-0.2516
-0.251446
-0.251298
-0.251158
-0.251022
-0.250893
-0.250763
-0.250645
-0.250533
-0.250428
-0.250331
-0.250243
-0.250166
-0.250094
-0.250027
-0.24997
-0.249921
-0.24988
-0.249851
-0.249833
-0.24982
-0.249816
-0.249821
-0.249836
-0.249861
-0.249895
-0.249939
-0.249993
-0.250056
-0.250132
-0.250214
-0.250307
-0.250412
-0.250521
-0.250643
-0.250774
-0.250916
-0.251066
-0.251227
-0.251395
-0.251574
-0.25176
-0.251956
-0.252159
-0.252367
-0.252586
-0.252813
-0.25305
-0.253294
-0.253541
-0.253797
-0.254062
-0.254331
-0.254609
-0.254891
-0.255178
-0.255473
-0.255771
-0.256072
-0.256377
-0.256686
-0.257002
-0.25732
-0.257643
-0.25797
-0.258299
-0.258631
-0.258968
-0.259305
-0.259641
-0.259981
-0.260325
-0.260672
-0.261017
-0.26136
-0.261704
-0.262045
-0.262388
-0.26273
-0.263072
-0.263413
-0.263747
-0.264085
-0.264423
-0.264756
-0.265085
-0.265414
-0.265743
-0.266067
-0.266389
-0.266704
-0.267018
-0.267328
-0.267634
-0.267936
-0.268235
-0.268526
-0.268816
-0.269102
-0.269385
-0.269661
-0.269932
-0.270198
-0.27046
-0.270716
-0.27097
-0.271216
-0.27146
-0.271696
-0.271926
-0.272151
-0.272376
-0.272591
-0.2728
-0.273002
-0.273201
-0.273394
-0.273583
-0.273766
-0.273947
-0.27412
-0.27429
-0.274453
-0.274611
-0.274763
-0.274914
-0.275058
-0.2752
-0.275335
-0.275469
-0.275596
-0.275719
-0.27584
-0.275953
-0.276064
-0.276177
-0.276282
-0.276383
-0.276478
-0.276574
-0.276666
-0.276755
-0.276842
-0.276927
-0.277009
-0.277089
-0.277166
-0.27724
-0.277317
-0.277389
-0.27746
-0.27753
-0.277598
-0.277665
-0.277731
-0.277798
-0.277862
-0.277928
-0.27799
-0.27805
-0.278114
-0.278175
-0.278238
-0.278298
-0.27836
-0.27842
-0.278478
-0.278537
-0.278597
-0.278656
-0.278715
-0.278777
-0.278834
-0.278893
-0.27895
-0.27901
-0.279067
-0.279126
-0.279186
-0.279245
-0.279304
-0.279363
-0.279423
-0.279484
-0.27954
-0.279599
-0.279657
-0.279715
-0.279773
-0.279828
-0.279885
-0.279942
-0.279998
-0.280054
-0.280111
-0.280165
-0.280219
-0.28027
-0.280323
-0.280377
-0.280431
-0.280481
-0.280531
-0.280579
-0.280627
-0.280677
-0.280718
-0.280764
-0.280809
-0.280852
-0.280895
-0.280938
-0.280979
-0.281015
-0.281054
-0.281096
-0.281134
-0.281172
-0.281206
-0.281242
-0.281276
-0.281311
-0.281343
-0.281377
-0.281414
-0.281447
-0.28148
-0.281513
-0.281549
-0.281584
-0.281616
-0.281649
-0.281679
-0.281712
-0.281745
-0.281776
-0.28181
-0.281844
-0.281876
-0.281909
-0.281947
-0.281984
-0.282023
-0.282061
-0.2821
-0.282139
-0.282179
-0.282221
-0.282263
-0.282304
-0.282349
-0.282394
-0.282441
-0.282492
-0.282541
-0.282591
-0.282643
-0.282696
-0.282748
-0.282804
-0.282861
-0.282919
-0.282979
-0.28304
-0.283102
-0.283168
-0.283233
-0.283296
-0.283362
-0.28343
-0.283503
-0.283576
-0.283649
-0.283722
-0.283797
0
-0.284031
-0.284104
-0.284181
-0.284259
-0.284336
-0.284416
-0.284497
-0.284578
-0.284661
-0.284744
-0.284829
-0.284916
-0.285001
-0.285088
-0.285177
-0.285268
-0.285356
-0.285446
-0.285539
-0.285632
-0.285726
-0.285821
-0.285917
-0.286011
-0.286108
-0.286211
-0.286309
-0.286408
-0.286508
-0.286608
-0.286709
-0.28681
-0.286915
-0.287018
-0.287121
-0.287228
-0.287333
-0.287438
-0.287547
-0.287654
-0.287762
-0.287871
-0.28798
-0.288091
-0.288202
-0.288312
-0.288425
-0.288539
-0.288656
-0.288772
-0.288892
-0.289013
-0.289132
-0.289253
-0.28937
-0.289491
-0.289613
-0.289737
-0.289864
-0.289993
-0.290125
-0.290257
-0.29039
-0.290525
-0.290661
-0.290802
-0.290942
-0.291084
-0.291225
-0.29137
-0.291517
-0.291666
-0.291814
-0.291967
-0.292121
-0.292276
-0.292432
-0.292592
-0.292755
-0.29292
-0.293086
-0.293255
-0.293424
-0.293597
-0.293772
-0.293949
-0.294128
-0.294311
-0.294495
-0.294685
-0.294874
-0.295066
-0.295257
-0.295449
-0.295644
-0.295841
-0.296038
-0.296237
-0.29644
-0.296647
-0.296852
-0.297062
-0.297273
-0.297485
-0.297698
-0.297913
-0.29813
-0.298351
-0.298575
-0.298796
-0.299019
-0.299242
-0.29947
-0.299698
-0.299926
-0.300157
-0.300384
-0.300614
-0.300845
-0.301075
-0.301308
-0.301541
-0.301778
-0.302015
-0.30225
-0.302485
-0.302723
-0.302962
-0.303196
-0.303432
-0.303671
-0.303907
-0.304141
-0.304377
-0.304613
-0.304849
-0.305081
-0.305316
-0.30555
-0.305783
-0.306013
-0.306245
-0.306474
-0.306708
-0.306935
-0.30716
-0.307389
-0.307615
-0.307837
-0.308059
-0.30828
-0.3085
-0.308718
-0.308932
-0.309144
-0.309357
-0.309567
-0.309776
-0.309983
-0.310187
-0.310392
-0.310589
-0.310789
-0.310984
-0.311177
-0.311365
-0.311552
-0.311737
-0.311919
-0.312098
-0.312277
-0.31245
-0.31262
-0.312787
-0.312951
-0.313114
-0.313266
-0.31342
-0.313571
-0.313716
-0.313859
-0.314001
-0.31414
-0.314272
-0.314401
-0.314523
-0.314644
-0.314761
-0.314874
-0.314983
-0.315087
-0.315188
-0.315284
-0.315376
-0.315463
-0.315549
-0.315632
-0.315706
-0.315778
-0.315848
-0.315909
-0.315965
-0.316016
-0.316062
-0.316104
-0.316138
-0.31617
-0.316197
-0.31622
-0.316237
-0.316249
-0.316257
-0.316257
-0.316254
-0.316246
-0.316236
-0.316218
-0.316191
-0.316165
-0.316135
-0.316094
-0.316049
-0.316001
-0.315948
-0.315885
-0.315822
-0.315752
-0.315679
-0.315599
-0.315517
-0.315429
-0.315337
-0.315241
-0.315137
-0.315031
-0.31492
-0.314801
-0.314681
-0.314556
-0.314428
-0.314299
-0.314165
-0.314026
-0.31388
-0.313735
-0.313585
-0.313431
-0.313274
-0.313113
-0.31295
-0.312786
-0.312618
-0.312442
-0.312268
-0.312095
-0.311917
-0.311737
-0.311556
-0.311376
-0.311192
-0.311007
-0.310821
-0.310634
-0.310445
-0.310257
-0.310068
-0.309878
-0.309696
-0.309507
-0.309327
-0.30914
-0.308959
-0.308777
-0.308599
-0.308421
-0.308245
-0.308071
-0.307899
-0.30773
-0.307564
-0.307398
-0.307238
-0.307086
-0.306933
-0.306783
-0.30664
-0.306498
-0.30636
-0.306226
-0.306097
-0.30597
-0.305849
-0.30574
-0.305629
-0.305523
-0.305423
-0.305326
-0.305234
-0.305142
-0.305059
-0.304982
-0.304909
-0.30484
-0.304779
-0.30472
-0.304665
-0.304615
-0.304572
-0.30453
-0.30449
-0.304459
-0.304429
-0.304403
-0.304382
-0.304362
-0.304343
-0.304332
-0.304323
-0.304317
-0.304313
-0.304308
-0.304303
-0.304301
-0.304301
-0.304302
-0.3043
-0.304302
-0.304304
-0.304303
-0.304304
-0.304304
-0.304303
-0.3043
-0.304296
-0.30429
-0.30428
-0.304271
-0.30426
-0.304244
-0.304224
-0.304202
-0.304177
-0.304145
-0.304106
-0.304068
-0.304022
-0.30397
-0.303914
-0.303851
-0.303783
-0.303708
-0.303628
-0.30354
-0.303446
-0.303345
-0.303237
-0.303124
-0.303001
-0.302871
-0.302733
-0.302587
-0.302431
-0.30227
-0.302103
-0.301925
-0.30174
-0.301544
-0.301339
-0.301132
-0.300914
-0.300691
-0.300457
-0.300215
-0.299965
-0.299708
-0.299446
-0.299173
-0.298891
-0.298605
-0.298312
-0.298012
-0.297705
-0.297393
-0.297075
-0.296748
-0.29642
-0.296086
-0.295748
-0.295408
-0.295062
-0.294713
-0.294363
-0.294009
-0.293651
-0.293294
-0.292936
-0.292578
-0.29222
-0.291863
-0.291508
-0.291155
-0.290803
-0.290456
-0.290114
-0.289776
-0.289444
-0.289118
-0.288799
-0.28849
-0.288187
-0.28789
-0.287604
-0.287332
-0.28707
-0.286817
-0.286576
-0.286352
-0.286141
-0.285945
-0.285765
-0.285598
-0.28545
-0.28532
-0.285207
-0.285113
-0.285037
-0.284987
-0.284948
-0.284928
-0.284936
-0.284959
-0.285009
-0.28508
-0.285172
-0.28529
-0.285428
-0.285588
-0.285771
-0.285973
-0.286202
-0.286454
-0.286727
-0.287024
-0.287345
-0.287687
-0.288052
-0.288438
-0.288847
-0.28928
-0.28973
-0.2902
-0.29069
-0.291199
-0.291724
-0.292267
-0.292828
-0.293407
-0.294005
-0.294618
-0.295244
-0.295883
-0.296537
-0.297201
-0.297874
-0.29856
-0.299257
-0.299961
-0.300673
-0.301392
-0.302116
-0.302846
-0.30358
-0.304317
-0.305056
-0.305797
-0.306539
-0.30728
-0.30802
-0.308757
-0.309492
-0.310222
-0.310946
-0.311666
-0.31238
-0.313086
-0.313782
-0.314471
-0.31515
-0.315819
-0.316479
-0.317125
-0.317755
-0.318374
-0.318979
-0.319569
-0.320144
-0.320702
-0.321238
-0.321762
-0.322267
-0.322753
-0.323223
-0.32367
-0.324094
-0.324499
-0.324883
-0.325244
-0.325583
-0.325899
-0.326189
-0.326457
-0.326701
-0.326922
-0.327118
-0.327281
-0.327423
-0.327538
-0.327625
-0.327687
-0.327722
-0.32773
-0.327713
-0.327666
-0.327593
-0.327493
-0.327362
-0.32721
-0.327024
-0.32681
-0.326568
-0.326303
-0.326007
-0.325683
-0.325335
-0.324961
-0.324556
-0.324129
-0.323676
-0.3232
-0.322697
-0.322175
-0.32163
-0.321065
-0.320479
-0.319873
-0.319251
-0.318612
-0.317958
-0.31729
-0.31661
-0.315918
-0.315217
-0.314503
-0.313788
-0.313068
-0.312346
-0.311622
-0.310895
-0.310176
-0.309459
-0.308751
-0.30805
-0.307365
-0.30669
-0.306027
-0.305384
-0.30476
-0.304156
-0.303576
-0.30302
-0.302493
-0.301992
-0.301515
-0.301075
-0.300671
-0.300298
-0.299963
-0.299663
-0.299403
-0.299179
-0.298995
-0.298851
-0.298748
-0.298686
-0.298665
-0.298686
-0.298749
-0.298853
-0.299001
-0.299189
-0.299415
-0.299681
-0.299988
-0.300331
-0.30071
-0.301125
-0.301578
-0.302061
-0.302576
-0.303123
-0.3037
-0.304303
-0.30493
-0.305589
-0.306266
-0.306966
-0.307684
-0.30842
-0.309175
-0.309937
-0.310718
-0.311512
-0.312313
-0.313123
-0.313937
-0.314761
-0.315586
-0.316413
-0.317241
-0.318071
-0.318894
-0.319717
-0.320532
-0.321344
-0.322149
-0.322948
-0.323733
-0.324506
-0.325274
-0.326028
-0.326769
-0.327496
-0.328208
-0.328904
-0.329587
-0.330252
-0.330896
-0.331522
-0.332129
-0.332716
-0.333283
-0.333831
-0.334357
-0.334856
-0.335338
-0.335795
-0.336227
-0.336637
-0.337021
-0.337381
-0.337719
-0.338029
-0.338315
-0.338573
-0.338805
-0.339013
-0.339191
-0.339345
-0.339466
-0.339563
-0.339632
-0.339673
-0.339686
-0.33967
-0.339627
-0.339549
-0.339446
-0.339317
-0.339156
-0.338968
-0.33875
-0.338504
-0.338232
-0.337929
-0.337597
-0.337237
-0.336847
-0.336428
-0.33598
-0.335503
-0.334995
-0.334461
-0.333899
-0.333311
-0.332693
-0.332044
-0.331371
-0.330671
-0.329948
-0.329194
-0.328412
-0.327604
-0.326773
-0.32592
-0.325038
-0.324132
-0.323204
-0.322255
-0.321285
-0.320292
-0.319278
-0.318245
-0.317192
-0.31612
-0.315031
-0.313926
-0.312811
-0.31168
-0.310535
-0.30937
-0.308196
-0.307013
-0.305816
-0.304614
-0.303404
-0.302188
-0.300968
-0.299745
-0.298519
-0.297291
-0.296065
-0.29484
-0.29362
-0.292403
-0.291198
-0.289997
-0.288807
-0.287627
-0.28646
-0.285306
-0.284168
-0.283049
-0.281949
-0.280866
-0.279804
-0.278765
-0.277753
-0.276764
-0.275802
-0.274865
-0.273959
-0.273086
-0.272244
-0.271434
-0.270661
-0.269923
-0.269222
-0.268558
-0.267933
-0.267347
-0.266802
-0.2663
-0.265837
-0.265416
-0.265039
-0.264704
-0.264415
-0.264168
-0.263966
-0.263805
-0.263691
-0.263621
-0.263596
-0.263614
-0.263677
-0.263793
-0.263943
-0.264136
-0.264369
-0.264646
-0.264966
-0.265322
-0.26572
-0.266159
-0.266634
-0.267145
-0.267692
-0.268274
-0.26889
-0.269538
-0.270217
-0.270926
-0.271664
-0.27243
-0.273226
-0.274043
-0.274883
-0.275743
-0.276625
-0.277525
-0.278444
-0.279383
-0.280332
-0.281297
-0.282274
-0.283262
-0.284259
-0.285265
-0.286278
-0.287299
-0.288321
-0.289347
-0.290375
-0.291404
-0.292434
-0.293461
-0.294486
-0.295507
-0.296523
-0.297527
-0.298534
-0.299532
-0.300522
-0.301501
-0.302472
-0.303434
-0.304385
-0.305327
-0.306255
-0.30717
-0.308073
-0.308965
-0.30984
-0.310705
-0.311552
-0.312385
-0.313204
-0.314002
-0.31479
-0.315563
-0.316323
-0.317068
-0.317795
-0.318503
-0.319199
-0.319875
-0.320544
-0.321193
-0.321828
-0.322447
-0.323051
-0.323637
-0.324214
-0.324774
-0.32532
-0.325849
-0.326369
-0.326872
-0.327363
-0.32784
-0.328304
-0.328757
-0.329198
-0.329624
-0.330039
-0.330441
-0.33083
-0.331207
-0.331576
-0.331936
-0.332283
-0.33262
-0.332947
-0.333265
-0.333572
-0.333871
-0.33416
-0.334443
-0.334715
-0.334979
-0.335234
-0.335482
-0.335722
-0.335954
-0.336179
-0.336397
-0.336608
-0.336812
-0.337009
-0.337203
-0.337387
-0.337564
-0.337736
-0.337908
-0.338069
-0.338222
-0.338373
-0.338518
-0.33866
-0.338795
-0.338925
-0.33905
-0.339171
-0.339287
-0.339398
-0.339508
-0.33961
-0.339712
-0.339806
-0.339897
-0.339983
-0.340069
-0.340148
-0.340221
-0.340292
-0.340361
-0.340428
-0.340487
-0.340542
-0.340597
-0.340649
-0.340695
-0.340738
-0.34078
-0.340817
-0.340854
-0.340888
-0.340919
-0.340952
-0.340978
-0.341001
-0.341021
-0.341039
-0.341058
-0.341071
-0.34108
-0.341089
-0.341098
-0.341105
-0.341105
-0.341101
-0.341097
-0.341094
-0.341089
-0.341077
-0.341069
-0.341058
-0.341049
-0.341041
-0.341028
-0.341012
-0.340995
-0.340976
-0.340956
-0.340932
-0.34091
-0.340889
-0.34086
-0.340835
-0.340809
-0.340782
-0.340755
-0.340726
-0.340695
-0.340665
-0.340643
-0.340615
-0.340588
-0.34056
-0.340528
-0.340499
-0.340467
-0.340433
-0.340406
-0.340374
-0.340339
-0.340308
-0.340278
-0.340247
-0.340216
-0.340188
-0.340157
-0.340128
-0.340098
-0.340067
-0.340039
-0.340011
-0.339982
-0.339956
-0.33993
-0.339906
-0.339882
-0.339859
-0.339838
-0.339817
-0.339797
-0.339779
-0.339764
-0.339745
-0.33973
-0.339716
-0.339703
-0.33969
-0.33968
-0.339671
-0.339664
-0.339658
-0.339654
-0.339651
0
-0.339644
-0.339644
-0.339648
-0.339653
-0.339658
-0.339664
-0.339675
-0.339687
-0.339698
-0.339713
-0.339728
-0.339744
-0.339767
-0.339789
-0.339813
-0.339836
-0.339863
-0.339892
-0.339922
-0.339954
-0.339988
-0.34002
-0.34006
-0.340098
-0.340135
-0.340177
-0.340219
-0.340264
-0.340309
-0.340356
-0.340404
-0.340452
-0.340503
-0.340555
-0.340608
-0.340662
-0.340718
-0.340774
-0.340832
-0.34089
-0.340951
-0.341011
-0.341072
-0.341134
-0.341196
-0.341258
-0.341319
-0.341384
-0.341448
-0.341514
-0.341576
-0.34164
-0.341704
-0.341768
-0.341832
-0.341895
-0.341954
-0.342016
-0.342078
-0.342137
-0.342195
-0.342259
-0.34232
-0.342377
-0.342434
-0.342491
-0.342541
-0.342593
-0.342643
-0.342693
-0.342739
-0.342783
-0.342824
-0.342863
-0.342899
-0.342933
-0.342964
-0.342991
-0.343016
-0.343039
-0.343057
-0.343071
-0.343078
-0.343079
-0.343081
-0.343079
-0.343071
-0.343059
-0.343042
-0.34302
-0.342993
-0.34296
-0.342922
-0.342875
-0.342824
-0.342767
-0.342704
-0.342634
-0.342559
-0.342475
-0.342383
-0.342286
-0.342179
-0.342067
-0.341944
-0.341812
-0.341672
-0.341523
-0.341369
-0.341204
-0.341027
-0.340835
-0.340638
-0.340433
-0.340221
-0.339992
-0.339751
-0.339501
-0.33924
-0.33897
-0.338686
-0.338392
-0.33808
-0.33776
-0.33743
-0.337085
-0.336731
-0.336363
-0.33598
-0.335585
-0.335179
-0.334757
-0.334318
-0.333865
-0.333404
-0.332929
-0.332442
-0.331941
-0.331427
-0.3309
-0.33036
-0.329807
-0.329242
-0.328663
-0.328073
-0.32747
-0.326856
-0.32623
-0.325592
-0.324944
-0.324285
-0.323614
-0.322935
-0.322247
-0.321552
-0.320847
-0.320135
-0.319415
-0.318689
-0.317958
-0.317221
-0.316485
-0.315741
-0.314994
-0.314248
-0.313501
-0.312754
-0.312005
-0.311263
-0.310519
-0.309778
-0.309043
-0.30831
-0.307585
-0.306867
-0.306162
-0.305468
-0.304782
-0.304108
-0.303446
-0.302798
-0.302166
-0.301551
-0.30095
-0.300365
-0.2998
-0.299255
-0.298734
-0.298232
-0.297746
-0.297285
-0.296849
-0.296436
-0.296044
-0.295676
-0.295333
-0.295014
-0.294721
-0.294452
-0.294209
-0.293989
-0.293796
-0.293631
-0.293489
-0.293374
-0.293284
-0.293213
-0.293168
-0.293147
-0.293149
-0.293173
-0.29322
-0.293285
-0.293374
-0.29348
-0.29361
-0.293756
-0.293915
-0.294097
-0.294294
-0.294507
-0.294734
-0.294976
-0.295235
-0.295503
-0.295781
-0.296069
-0.296367
-0.296674
-0.296988
-0.297313
-0.297641
-0.297976
-0.298315
-0.298659
-0.299007
-0.299358
-0.299709
-0.300057
-0.300413
-0.30077
-0.301128
-0.301489
-0.301846
-0.302201
-0.302555
-0.302911
-0.303258
-0.303603
-0.303947
-0.304287
-0.304627
-0.30496
-0.30529
-0.305618
-0.305939
-0.306251
-0.306563
-0.30687
-0.307173
-0.30747
-0.307763
-0.308051
-0.308333
-0.308613
-0.30889
-0.30916
-0.309422
-0.309678
-0.309927
-0.310174
-0.310415
-0.310649
-0.310882
-0.311108
-0.311329
-0.311545
-0.311756
-0.311962
-0.312166
-0.312362
-0.312552
-0.312741
-0.312923
-0.313101
-0.313276
-0.313444
-0.313608
-0.313765
-0.313925
-0.314075
-0.314224
-0.314363
-0.3145
-0.314633
-0.314762
-0.314886
-0.315009
-0.315123
-0.315237
-0.315345
-0.315448
-0.315545
-0.31564
-0.315731
-0.315815
-0.315896
-0.315972
-0.316046
-0.316117
-0.316185
-0.316247
-0.316303
-0.316357
-0.316409
-0.316454
-0.316496
-0.316533
-0.316566
-0.316593
-0.316618
-0.316639
-0.316655
-0.316668
-0.316674
-0.316678
-0.316679
-0.316675
-0.316667
-0.316655
-0.31664
-0.31662
-0.316598
-0.316568
-0.316538
-0.3165
-0.316461
-0.316415
-0.316365
-0.316314
-0.316259
-0.3162
-0.316138
-0.316072
-0.315997
-0.315924
-0.315847
-0.315767
-0.315681
-0.315594
-0.315504
-0.31541
-0.315314
-0.315214
-0.315111
-0.315005
-0.314897
-0.314785
-0.314671
-0.314554
-0.314432
-0.314313
-0.314189
-0.314062
-0.313934
-0.313805
-0.313673
-0.313538
-0.313402
-0.313264
-0.313125
-0.312984
-0.312844
-0.312703
-0.312557
-0.312412
-0.312266
-0.312119
-0.311975
-0.311825
-0.311678
-0.311531
-0.311381
-0.311236
-0.31109
-0.310944
-0.310799
-0.310655
-0.310515
-0.310371
-0.310229
-0.310091
-0.309952
-0.309818
-0.309684
-0.309555
-0.309426
-0.309302
-0.309181
-0.309062
-0.308948
-0.308838
-0.308734
-0.308629
-0.308529
-0.308436
-0.308347
-0.308266
-0.308189
-0.308118
-0.308053
-0.307993
-0.307937
-0.307891
-0.307847
-0.307809
-0.307778
-0.307754
-0.307736
-0.307725
-0.307721
-0.307724
-0.307735
-0.307751
-0.307776
-0.307809
-0.30785
-0.307899
-0.307955
-0.308016
-0.308088
-0.30817
-0.30826
-0.308355
-0.308457
-0.308568
-0.308686
-0.308812
-0.308945
-0.309086
-0.309239
-0.309394
-0.309556
-0.309725
-0.309901
-0.310084
-0.31027
-0.310466
-0.310667
-0.310872
-0.311084
-0.311303
-0.311526
-0.311754
-0.311985
-0.312225
-0.312464
-0.312712
-0.312964
-0.313214
-0.313473
-0.313731
-0.313992
-0.314256
-0.314524
-0.314787
-0.315058
-0.315325
-0.315591
-0.315863
-0.316135
-0.316407
-0.316678
-0.316952
-0.31722
-0.317489
-0.317758
-0.318024
-0.318292
-0.318557
-0.318818
-0.319077
-0.319332
-0.319585
-0.319833
-0.320079
-0.320323
-0.320562
-0.320798
-0.321027
-0.321257
-0.321478
-0.321697
-0.321911
-0.32212
-0.322327
-0.322527
-0.322724
-0.322908
-0.323092
-0.323273
-0.323446
-0.323614
-0.323776
-0.323932
-0.324082
-0.324224
-0.32436
-0.324493
-0.324619
-0.32474
-0.324856
-0.324965
-0.325064
-0.32516
-0.32525
-0.325334
-0.325413
-0.325484
-0.325549
-0.325608
-0.32566
-0.325704
-0.325744
-0.325773
-0.325801
-0.32582
-0.325835
-0.325844
-0.325847
-0.325844
-0.325832
-0.325817
-0.325798
-0.32577
-0.325735
-0.325691
-0.325648
-0.325595
-0.325536
-0.325474
-0.325405
-0.325331
-0.325254
-0.325169
-0.325079
-0.32498
-0.324876
-0.324771
-0.324657
-0.324541
-0.324418
-0.32429
-0.324157
-0.324019
-0.323876
-0.323727
-0.323572
-0.323414
-0.323251
-0.323086
-0.322916
-0.322739
-0.322556
-0.32237
-0.32218
-0.321983
-0.321782
-0.32158
-0.321371
-0.321162
-0.320948
-0.320727
-0.320505
-0.320281
-0.320047
-0.319814
-0.319578
-0.319334
-0.319094
-0.318848
-0.318599
-0.318347
-0.318093
-0.317838
-0.317576
-0.317313
-0.317053
-0.316786
-0.31652
-0.316251
-0.315977
-0.315702
-0.315426
-0.315147
-0.314867
-0.314586
-0.314306
-0.314022
-0.313738
-0.313452
-0.313166
-0.312878
-0.312591
-0.312303
-0.312014
-0.311728
-0.311437
-0.311149
-0.310861
-0.310573
-0.310283
-0.309998
-0.309712
-0.309427
-0.309142
-0.308859
-0.308577
-0.308298
-0.308019
-0.307741
-0.307469
-0.307192
-0.306917
-0.306649
-0.306381
-0.306112
-0.305848
-0.305587
-0.305331
-0.305075
-0.304821
-0.304571
-0.304321
-0.304074
-0.303831
-0.303593
-0.303361
-0.30313
-0.302902
-0.302678
-0.302456
-0.302237
-0.302023
-0.301814
-0.30161
-0.30141
-0.301214
-0.301023
-0.300836
-0.300653
-0.300475
-0.300301
-0.300134
-0.29997
-0.299813
-0.299661
-0.299511
-0.299366
-0.299228
-0.299096
-0.298966
-0.298844
-0.298727
-0.298613
-0.298504
-0.2984
-0.298302
-0.298209
-0.298122
-0.298044
-0.297968
-0.297899
-0.297834
-0.297772
-0.297718
-0.297669
-0.297626
-0.297589
-0.297558
-0.297532
-0.297512
-0.297498
-0.297492
-0.297489
-0.297492
-0.297501
-0.297513
-0.297531
-0.29756
-0.297592
-0.297632
-0.297674
-0.297726
-0.297779
-0.29784
-0.29791
-0.297985
-0.298063
-0.298145
-0.298235
-0.298331
-0.29843
-0.298535
-0.298648
-0.298767
-0.298888
-0.299018
-0.299151
-0.299291
-0.299437
-0.299587
-0.299743
-0.299903
-0.300071
-0.300241
-0.300419
-0.3006
-0.300788
-0.300979
-0.301177
-0.301377
-0.301585
-0.301795
-0.302012
-0.302236
-0.302462
-0.302693
-0.302928
-0.303167
-0.303411
-0.303661
-0.303914
-0.304172
-0.304431
-0.304694
-0.304961
-0.305231
-0.305504
-0.30578
-0.30606
-0.306345
-0.306633
-0.306921
-0.307212
-0.307511
-0.307804
-0.308104
-0.3084
-0.308702
-0.309006
-0.309311
-0.309621
-0.309934
-0.310244
-0.310552
-0.310863
-0.311176
-0.311486
-0.311799
-0.312112
-0.312423
-0.312734
-0.313047
-0.313361
-0.313673
-0.313981
-0.31429
-0.314596
-0.314907
-0.315212
-0.315515
-0.315816
-0.316117
-0.316413
-0.316707
-0.316997
-0.317284
-0.317568
-0.31785
-0.318126
-0.318399
-0.318667
-0.31893
-0.319191
-0.319444
-0.319695
-0.319938
-0.320175
-0.320406
-0.320631
-0.320849
-0.321059
-0.321264
-0.321459
-0.321651
-0.321839
-0.322011
-0.322173
-0.322331
-0.32248
-0.32262
-0.322752
-0.322873
-0.322985
-0.323088
-0.323177
-0.323261
-0.323332
-0.323392
-0.323438
-0.323476
-0.323502
-0.323513
-0.323515
-0.323507
-0.323484
-0.323445
-0.323396
-0.323337
-0.323261
-0.323174
-0.323073
-0.322956
-0.322823
-0.322677
-0.322517
-0.322342
-0.322152
-0.321944
-0.321724
-0.321489
-0.321238
-0.320974
-0.320692
-0.320395
-0.320079
-0.319753
-0.319408
-0.319048
-0.318671
-0.318279
-0.317869
-0.317445
-0.317008
-0.316554
-0.316084
-0.315598
-0.315098
-0.314583
-0.314055
-0.313515
-0.312954
-0.312379
-0.311791
-0.311191
-0.310581
-0.309957
-0.30932
-0.308671
-0.308011
-0.307344
-0.306661
-0.305971
-0.305271
-0.304564
-0.303849
-0.303124
-0.302395
-0.301661
-0.300921
-0.300178
-0.299428
-0.298676
-0.297924
-0.297171
-0.296418
-0.295666
-0.294915
-0.294169
-0.293424
-0.292681
-0.291945
-0.291214
-0.290489
-0.289773
-0.289066
-0.288368
-0.28768
-0.287004
-0.286339
-0.28569
-0.285054
-0.284427
-0.283816
-0.283222
-0.282645
-0.282085
-0.281543
-0.281021
-0.280515
-0.28003
-0.279563
-0.27912
-0.278695
-0.278288
-0.277908
-0.277547
-0.277208
-0.276891
-0.276597
-0.276326
-0.276077
-0.27585
-0.275647
-0.275466
-0.275311
-0.275176
-0.275064
-0.274974
-0.274912
-0.274867
-0.274851
-0.27485
-0.274873
-0.274913
-0.274979
-0.275063
-0.275167
-0.275292
-0.275437
-0.275603
-0.275784
-0.275985
-0.276206
-0.276441
-0.276696
-0.276964
-0.277253
-0.277558
-0.277883
-0.278217
-0.278567
-0.27893
-0.279308
-0.2797
-0.280107
-0.280524
-0.280952
-0.281394
-0.281847
-0.28231
-0.28278
-0.283255
-0.283743
-0.28424
-0.284744
-0.285255
-0.285773
-0.286294
-0.286823
-0.287358
-0.287895
-0.288438
-0.288985
-0.289535
-0.290085
-0.290638
-0.291194
-0.291755
-0.292313
-0.29287
-0.293432
-0.293991
-0.294551
-0.295108
-0.295663
-0.296219
-0.296771
-0.297319
-0.297865
-0.29841
-0.29895
-0.299488
-0.30002
-0.30055
-0.301073
-0.301592
-0.302111
-0.30262
-0.303122
-0.303623
-0.304117
-0.304603
-0.305086
-0.305563
-0.306037
-0.306503
-0.306966
0
-0.308318
-0.308758
-0.309191
-0.309619
-0.310041
-0.31046
-0.310868
-0.311276
-0.311675
-0.312069
-0.312458
-0.312841
-0.31322
-0.313595
-0.313966
-0.314329
-0.314688
-0.315042
-0.315391
-0.315738
-0.316076
-0.316412
-0.316745
-0.317068
-0.317391
-0.317713
-0.318028
-0.318336
-0.318644
-0.318947
-0.319244
-0.319542
-0.319833
-0.320123
-0.320407
-0.320683
-0.320959
-0.321231
-0.321497
-0.321761
-0.322021
-0.322277
-0.322527
-0.322774
-0.323017
-0.323258
-0.32349
-0.323719
-0.323941
-0.324157
-0.324372
-0.32458
-0.324784
-0.324981
-0.325171
-0.325357
-0.325539
-0.325712
-0.325879
-0.326032
-0.326187
-0.326333
-0.326472
-0.326606
-0.326729
-0.326845
-0.326952
-0.327051
-0.327141
-0.327221
-0.327296
-0.327359
-0.327414
-0.327458
-0.327493
-0.327519
-0.327531
-0.327534
-0.327528
-0.327514
-0.327488
-0.32745
-0.327406
-0.327346
-0.327276
-0.327194
-0.3271
-0.326993
-0.326877
-0.326749
-0.326608
-0.326457
-0.326295
-0.326121
-0.325936
-0.32574
-0.325532
-0.325313
-0.325078
-0.324836
-0.324584
-0.324322
-0.324051
-0.323765
-0.323471
-0.323166
-0.32285
-0.322528
-0.322199
-0.32186
-0.321512
-0.321153
-0.320789
-0.320419
-0.320041
-0.319659
-0.31927
-0.318877
-0.318476
-0.318072
-0.317663
-0.317251
-0.316835
-0.316418
-0.315998
-0.315577
-0.315156
-0.314734
-0.314312
-0.313891
-0.313469
-0.313051
-0.312631
-0.312219
-0.311807
-0.311405
-0.311004
-0.310611
-0.310221
-0.309837
-0.309459
-0.309088
-0.308726
-0.308367
-0.308018
-0.30768
-0.307348
-0.307025
-0.30671
-0.306403
-0.30611
-0.305824
-0.305548
-0.305282
-0.305028
-0.304779
-0.304543
-0.304317
-0.304097
-0.303894
-0.303698
-0.303515
-0.30334
-0.303177
-0.303021
-0.302874
-0.302737
-0.30261
-0.302491
-0.302382
-0.302281
-0.302186
-0.302101
-0.302025
-0.301959
-0.301898
-0.301845
-0.301798
-0.301758
-0.301725
-0.301697
-0.301679
-0.301666
-0.301655
-0.301652
-0.301654
-0.301661
-0.301671
-0.301688
-0.301709
-0.301732
-0.301759
-0.301793
-0.301828
-0.301867
-0.301914
-0.301962
-0.30201
-0.302062
-0.302119
-0.302179
-0.302242
-0.302309
-0.302376
-0.302446
-0.302518
-0.302592
-0.302666
-0.302741
-0.302823
-0.302904
-0.302986
-0.303072
-0.303157
-0.303243
-0.303333
-0.303418
-0.303505
-0.303594
-0.303684
-0.303776
-0.303866
-0.303959
-0.304051
-0.304141
-0.304231
-0.304318
-0.304406
-0.304492
-0.304578
-0.304666
-0.304751
-0.304834
-0.30492
-0.305
-0.305078
-0.305154
-0.30523
-0.305299
-0.305369
-0.305436
-0.3055
-0.305562
-0.305618
-0.305674
-0.305727
-0.305776
-0.305822
-0.30586
-0.3059
-0.305936
-0.305968
-0.305999
-0.306021
-0.306042
-0.306059
-0.306074
-0.306083
-0.306088
-0.306089
-0.306089
-0.306081
-0.30607
-0.306056
-0.306039
-0.306015
-0.305987
-0.305957
-0.30592
-0.305882
-0.305837
-0.305786
-0.305733
-0.305676
-0.305615
-0.305546
-0.305477
-0.305404
-0.305328
-0.30525
-0.305171
-0.305081
-0.304987
-0.304892
-0.304792
-0.30469
-0.304585
-0.304477
-0.304366
-0.304252
-0.304137
-0.304017
-0.303894
-0.303768
-0.30364
-0.303511
-0.303377
-0.303242
-0.303104
-0.302963
-0.302821
-0.302676
-0.302535
-0.302389
-0.302237
-0.302086
-0.301933
-0.301779
-0.301624
-0.301465
-0.301308
-0.301149
-0.30099
-0.300831
-0.30067
-0.30051
-0.300349
-0.300188
-0.300029
-0.299868
-0.299707
-0.299547
-0.299385
-0.299225
-0.299067
-0.298907
-0.298751
-0.298596
-0.298442
-0.298289
-0.298139
-0.29799
-0.297845
-0.297701
-0.297558
-0.297418
-0.29728
-0.297145
-0.297013
-0.296882
-0.296756
-0.296633
-0.296514
-0.2964
-0.296288
-0.29618
-0.296073
-0.295976
-0.295877
-0.295788
-0.295701
-0.295621
-0.295546
-0.295474
-0.295401
-0.295339
-0.295284
-0.295232
-0.295185
-0.295144
-0.295108
-0.295081
-0.295052
-0.295036
-0.295024
-0.295017
-0.295017
-0.295022
-0.295034
-0.295051
-0.29507
-0.2951
-0.295137
-0.295179
-0.295225
-0.29528
-0.29534
-0.295407
-0.295483
-0.295564
-0.295649
-0.29574
-0.295835
-0.29594
-0.296048
-0.296163
-0.296282
-0.296406
-0.296537
-0.296673
-0.296814
-0.296963
-0.297115
-0.29727
-0.297431
-0.297595
-0.29777
-0.297946
-0.298125
-0.298311
-0.298499
-0.29869
-0.298885
-0.299084
-0.299284
-0.299492
-0.299701
-0.299915
-0.300129
-0.300346
-0.300566
-0.300788
-0.301012
-0.301236
-0.301464
-0.301694
-0.301921
-0.302154
-0.302388
-0.302623
-0.30286
-0.303097
-0.303335
-0.303573
-0.303812
-0.304051
-0.304288
-0.304528
-0.304767
-0.305006
-0.305245
-0.305483
-0.305721
-0.305959
-0.306195
-0.30643
-0.306665
-0.306899
-0.307133
-0.307364
-0.307594
-0.307825
-0.308051
-0.308279
-0.308507
-0.308732
-0.308952
-0.30917
-0.309386
-0.3096
-0.309815
-0.310025
-0.310233
-0.310439
-0.310643
-0.310844
-0.311043
-0.31124
-0.311435
-0.311629
-0.311817
-0.312001
-0.312186
-0.312369
-0.312548
-0.312726
-0.312903
-0.313073
-0.313245
-0.313408
-0.313572
-0.313737
-0.313894
-0.314051
-0.314206
-0.314358
-0.314502
-0.314649
-0.314794
-0.314936
-0.315075
-0.315212
-0.315344
-0.315476
-0.315603
-0.31573
-0.315859
-0.315979
-0.316099
-0.316216
-0.316336
-0.316453
-0.316564
-0.316672
-0.31678
-0.316884
-0.316987
-0.317086
-0.317183
-0.317278
-0.317373
-0.317464
-0.317554
-0.317643
-0.317725
-0.317809
-0.317889
-0.317967
-0.318044
-0.31812
-0.318193
-0.318268
-0.318336
-0.318403
-0.31847
-0.318535
-0.318594
-0.318656
-0.318716
-0.318772
-0.318823
-0.318874
-0.318924
-0.318973
-0.319016
-0.319062
-0.319106
-0.319151
-0.319192
-0.319232
-0.31927
-0.319306
-0.319344
-0.319377
-0.319409
-0.319442
-0.319474
-0.319501
-0.31953
-0.319552
-0.319576
-0.319598
-0.319621
-0.319643
-0.319661
-0.319677
-0.319692
-0.319706
-0.319721
-0.319733
-0.319743
-0.319751
-0.319759
-0.319767
-0.319772
-0.319773
-0.319775
-0.319779
-0.319778
-0.319774
-0.319772
-0.319765
-0.319757
-0.319751
-0.319743
-0.319733
-0.319723
-0.319711
-0.319698
-0.319684
-0.319665
-0.319646
-0.319628
-0.319608
-0.319587
-0.319562
-0.319539
-0.319509
-0.319483
-0.319455
-0.319426
-0.319395
-0.319363
-0.319328
-0.319293
-0.319257
-0.319219
-0.31918
-0.319141
-0.319099
-0.319058
-0.319012
-0.318963
-0.318912
-0.318862
-0.318811
-0.318757
-0.318705
-0.318646
-0.318587
-0.318525
-0.318466
-0.318402
-0.318337
-0.318272
-0.318201
-0.31813
-0.318062
-0.31799
-0.317914
-0.317838
-0.317757
-0.317675
-0.317591
-0.317507
-0.317416
-0.317326
-0.317233
-0.317139
-0.317042
-0.316943
-0.316842
-0.316739
-0.316634
-0.316526
-0.316416
-0.316304
-0.316193
-0.316076
-0.315957
-0.315841
-0.31572
-0.315594
-0.315466
-0.315336
-0.315201
-0.315064
-0.314927
-0.31479
-0.31465
-0.314508
-0.314362
-0.314215
-0.314064
-0.313911
-0.313755
-0.313595
-0.313435
-0.31327
-0.313104
-0.312937
-0.312764
-0.312593
-0.31242
-0.312245
-0.312068
-0.31189
-0.311709
-0.311529
-0.311342
-0.311157
-0.310971
-0.31078
-0.310589
-0.310397
-0.310203
-0.310006
-0.30981
-0.309613
-0.309415
-0.309216
-0.309015
-0.30881
-0.308606
-0.308404
-0.308201
-0.307998
-0.307795
-0.307594
-0.30739
-0.307187
-0.306981
-0.306778
-0.306576
-0.306374
-0.306173
-0.30597
-0.305773
-0.305577
-0.30538
-0.305184
-0.304993
-0.3048
-0.304609
-0.30442
-0.304233
-0.30405
-0.303868
-0.303688
-0.30351
-0.303337
-0.303167
-0.302998
-0.302832
-0.302669
-0.302506
-0.30235
-0.302194
-0.302045
-0.301902
-0.301757
-0.301619
-0.301485
-0.301355
-0.301229
-0.30111
-0.30099
-0.300877
-0.300764
-0.30066
-0.300558
-0.300462
-0.300372
-0.300286
-0.300205
-0.300133
-0.300063
-0.299996
-0.299934
-0.299874
-0.299821
-0.29977
-0.299729
-0.299692
-0.299657
-0.299628
-0.299602
-0.299581
-0.299565
-0.299553
-0.299548
-0.299544
-0.299543
-0.299548
-0.299559
-0.299574
-0.299591
-0.299615
-0.299639
-0.299667
-0.299699
-0.299734
-0.299766
-0.299808
-0.299853
-0.299901
-0.299953
-0.300012
-0.300069
-0.300128
-0.300191
-0.300253
-0.30032
-0.300392
-0.300464
-0.300538
-0.300617
-0.300695
-0.300777
-0.300856
-0.300937
-0.301018
-0.301104
-0.301192
-0.301281
-0.301372
-0.301464
-0.301557
-0.301651
-0.301748
-0.301842
-0.301941
-0.302038
-0.302132
-0.302229
-0.302328
-0.302429
-0.302532
-0.302633
-0.302737
-0.302839
-0.302941
-0.303042
-0.303147
-0.303253
-0.303359
-0.30346
-0.303564
-0.303667
-0.303769
-0.303873
-0.303977
-0.304081
-0.304181
-0.304285
-0.304391
-0.304495
-0.304599
-0.304703
-0.304806
-0.304907
-0.305015
-0.305121
-0.305224
-0.305329
-0.305432
-0.305535
-0.305637
-0.305739
-0.305841
-0.305945
-0.306046
-0.306147
-0.306246
-0.306346
-0.306449
-0.306549
-0.306648
-0.306748
-0.306846
-0.306945
-0.307043
-0.307141
-0.307241
-0.307338
-0.307434
-0.307528
-0.307624
-0.307721
-0.307818
-0.307912
-0.308006
-0.308099
-0.308192
-0.308281
-0.308372
-0.308463
-0.308555
-0.308642
-0.308731
-0.308821
-0.308908
-0.308994
-0.309077
-0.309161
-0.309245
-0.30933
-0.309411
-0.309492
-0.309571
-0.30965
-0.309729
-0.309803
-0.309881
-0.309954
-0.310027
-0.3101
-0.31017
-0.310236
-0.310302
-0.310368
-0.310431
-0.310494
-0.310552
-0.31061
-0.310665
-0.31072
-0.310776
-0.310827
-0.310877
-0.310924
-0.310967
-0.31101
-0.311053
-0.311092
-0.311129
-0.311163
-0.311194
-0.311226
-0.31125
-0.311275
-0.311296
-0.311315
-0.311331
-0.311344
-0.311355
-0.311358
-0.311362
-0.311364
-0.31136
-0.311356
-0.311349
-0.311338
-0.311324
-0.311307
-0.311284
-0.311258
-0.31123
-0.3112
-0.311166
-0.311131
-0.31109
-0.311045
-0.310995
-0.310945
-0.310893
-0.310838
-0.310774
-0.31071
-0.310638
-0.310564
-0.310487
-0.310407
-0.310323
-0.310235
-0.310143
-0.310046
-0.309947
-0.309842
-0.309734
-0.309625
-0.30951
-0.309396
-0.309274
-0.309152
-0.309025
-0.308896
-0.308763
-0.308628
-0.308489
-0.308347
-0.308202
-0.308055
-0.307902
-0.307749
-0.307596
-0.30744
-0.307277
-0.307114
-0.306946
-0.306778
-0.306609
-0.306435
-0.306259
-0.306084
-0.305905
-0.305727
-0.305547
-0.305363
-0.305188
-0.305007
-0.304823
-0.304637
-0.304454
-0.304267
-0.304083
-0.303895
-0.303707
-0.30352
-0.303332
-0.303144
-0.302957
-0.302772
-0.302585
-0.302399
-0.302214
-0.302034
-0.301853
-0.301668
-0.301489
-0.301309
-0.30113
-0.300953
-0.300777
-0.300606
-0.300434
-0.300264
-0.300095
-0.299922
-0.299758
-0.299597
-0.29944
-0.299283
-0.299129
-0.29898
-0.298831
-0.298683
-0.29854
-0.298399
0
-0.298005
-0.29788
-0.297753
-0.297631
-0.297513
-0.297402
-0.297291
-0.297182
-0.297075
-0.296976
-0.296876
-0.296781
-0.29669
-0.296602
-0.296518
-0.296435
-0.296358
-0.296282
-0.296212
-0.296146
-0.296083
-0.29602
-0.295962
-0.295909
-0.295859
-0.295815
-0.29577
-0.29573
-0.295694
-0.295658
-0.295627
-0.295597
-0.295566
-0.295544
-0.295525
-0.295508
-0.295494
-0.29548
-0.295473
-0.295464
-0.29546
-0.295462
-0.295461
-0.295467
-0.295469
-0.295474
-0.295479
-0.295487
-0.295495
-0.295507
-0.295517
-0.295528
-0.295538
-0.29555
-0.295561
-0.295574
-0.295587
-0.295598
-0.295609
-0.295622
-0.295635
-0.295649
-0.295661
-0.295674
-0.295687
-0.295694
-0.295704
-0.295711
-0.295717
-0.295722
-0.295725
-0.295729
-0.295729
-0.295728
-0.295724
-0.295724
-0.295717
-0.295711
-0.2957
-0.295687
-0.29567
-0.295651
-0.295632
-0.295609
-0.295583
-0.295558
-0.295528
-0.295496
-0.295467
-0.295431
-0.295395
-0.295352
-0.295312
-0.295267
-0.295223
-0.295174
-0.295126
-0.295073
-0.295021
-0.294967
-0.294912
-0.294856
-0.294795
-0.294739
-0.294674
-0.294608
-0.294542
-0.294475
-0.294407
-0.294338
-0.294272
-0.294198
-0.29412
-0.294046
-0.293966
-0.293891
-0.293814
-0.293737
-0.293654
-0.293576
-0.293496
-0.293412
-0.29333
-0.293249
-0.293169
-0.293088
-0.293005
-0.292924
-0.292844
-0.292763
-0.292685
-0.292605
-0.292525
-0.292443
-0.292364
-0.292286
-0.292209
-0.292134
-0.292061
-0.291986
-0.291911
-0.291839
-0.291764
-0.291694
-0.291625
-0.291559
-0.291495
-0.29143
-0.291365
-0.291304
-0.291244
-0.291186
-0.291133
-0.291079
-0.291025
-0.290973
-0.290924
-0.290879
-0.290836
-0.290796
-0.290758
-0.290723
-0.290688
-0.29066
-0.290632
-0.290607
-0.290587
-0.29057
-0.290553
-0.290538
-0.290526
-0.290512
-0.290505
-0.290501
-0.290499
-0.290505
-0.290505
-0.29051
-0.290518
-0.290528
-0.290539
-0.290553
-0.290566
-0.290581
-0.2906
-0.290623
-0.290645
-0.29067
-0.290697
-0.290725
-0.290748
-0.290775
-0.2908
-0.290828
-0.290856
-0.290885
-0.290913
-0.290941
-0.290968
-0.290996
-0.291022
-0.291051
-0.291076
-0.291097
-0.29112
-0.291147
-0.291167
-0.291186
-0.291201
-0.291214
-0.291225
-0.291238
-0.29125
-0.291256
-0.291261
-0.291265
-0.291268
-0.291266
-0.291265
-0.291262
-0.291257
-0.29125
-0.291241
-0.291231
-0.291216
-0.291202
-0.291187
-0.291171
-0.291153
-0.291135
-0.291115
-0.291095
-0.291074
-0.291053
-0.291034
-0.291015
-0.290994
-0.290971
-0.290951
-0.290929
-0.290911
-0.290894
-0.290879
-0.290866
-0.290852
-0.290844
-0.290838
-0.290835
-0.290835
-0.290838
-0.290845
-0.290857
-0.290872
-0.290893
-0.29092
-0.29095
-0.290986
-0.291025
-0.291074
-0.291129
-0.291189
-0.291255
-0.291331
-0.291411
-0.291501
-0.291596
-0.291698
-0.291809
-0.291925
-0.292052
-0.292188
-0.292332
-0.292484
-0.292646
-0.292816
-0.292994
-0.29318
-0.293378
-0.293585
-0.293806
-0.294031
-0.294266
-0.29451
-0.294766
-0.295029
-0.295303
-0.295586
-0.295878
-0.296177
-0.296486
-0.296802
-0.297124
-0.297457
-0.297797
-0.298146
-0.298504
-0.298867
-0.29924
-0.299617
-0.300003
-0.300393
-0.300787
-0.301186
-0.301592
-0.302001
-0.302415
-0.302838
-0.303262
-0.303689
-0.304119
-0.304552
-0.304988
-0.305425
-0.305865
-0.306309
-0.306749
-0.307192
-0.307627
-0.308066
-0.308506
-0.30894
-0.309377
-0.309806
-0.310236
-0.310659
-0.311084
-0.311501
-0.311915
-0.312324
-0.312728
-0.313127
-0.31352
-0.313907
-0.314287
-0.314663
-0.315032
-0.31539
-0.315741
-0.316084
-0.316418
-0.316746
-0.317063
-0.317371
-0.317666
-0.317955
-0.318231
-0.3185
-0.31876
-0.319008
-0.319247
-0.319473
-0.319689
-0.319893
-0.320085
-0.320264
-0.320434
-0.320594
-0.320743
-0.320877
-0.320999
-0.32111
-0.321208
-0.321294
-0.321366
-0.321428
-0.321477
-0.321514
-0.321539
-0.321552
-0.321555
-0.321543
-0.321521
-0.321485
-0.321441
-0.32138
-0.321308
-0.321221
-0.321124
-0.321013
-0.320893
-0.320764
-0.320621
-0.320466
-0.3203
-0.320121
-0.319933
-0.319736
-0.319527
-0.319307
-0.319077
-0.318836
-0.318586
-0.318326
-0.318057
-0.317779
-0.317491
-0.317197
-0.316892
-0.316582
-0.316266
-0.315937
-0.315601
-0.315256
-0.314909
-0.314553
-0.314188
-0.313818
-0.313445
-0.313064
-0.312681
-0.312293
-0.311904
-0.31151
-0.311114
-0.310718
-0.310314
-0.309904
-0.309497
-0.309089
-0.308682
-0.30828
-0.30787
-0.307459
-0.307051
-0.306646
-0.306241
-0.305838
-0.305437
-0.305039
-0.304647
-0.304258
-0.303872
-0.303489
-0.303112
-0.302739
-0.302373
-0.302012
-0.301657
-0.301307
-0.300966
-0.300633
-0.300307
-0.299987
-0.299677
-0.299376
-0.299086
-0.298802
-0.298528
-0.298264
-0.298012
-0.297767
-0.297533
-0.297309
-0.297098
-0.296896
-0.296704
-0.296524
-0.296357
-0.296199
-0.296053
-0.295918
-0.295797
-0.295686
-0.295586
-0.295498
-0.295423
-0.295363
-0.295314
-0.295274
-0.295247
-0.295231
-0.295227
-0.295233
-0.295253
-0.295285
-0.295329
-0.295383
-0.295451
-0.29553
-0.295621
-0.295723
-0.295837
-0.295962
-0.296099
-0.296246
-0.296402
-0.296572
-0.296752
-0.296942
-0.297146
-0.297357
-0.297575
-0.297809
-0.29805
-0.2983
-0.298559
-0.29883
-0.29911
-0.299398
-0.299693
-0.299995
-0.300306
-0.300624
-0.300949
-0.301282
-0.301619
-0.301965
-0.302315
-0.302671
-0.303033
-0.3034
-0.303775
-0.304154
-0.304538
-0.304928
-0.305322
-0.305718
-0.306116
-0.30652
-0.306924
-0.30733
-0.307737
-0.308149
-0.308559
-0.30897
-0.30938
-0.309791
-0.3102
-0.310611
-0.31102
-0.311429
-0.311838
-0.312242
-0.312644
-0.313041
-0.313438
-0.313828
-0.314217
-0.314599
-0.314985
-0.31536
-0.315731
-0.316096
-0.316452
-0.316803
-0.317147
-0.317487
-0.31782
-0.318148
-0.318463
-0.318772
-0.319074
-0.319367
-0.31965
-0.31992
-0.320183
-0.320441
-0.320687
-0.320924
-0.321149
-0.321361
-0.321562
-0.321753
-0.321934
-0.322102
-0.322259
-0.322404
-0.322536
-0.322656
-0.32276
-0.322856
-0.322937
-0.323005
-0.323059
-0.323102
-0.323128
-0.323138
-0.323137
-0.323117
-0.323087
-0.323045
-0.322986
-0.322915
-0.322827
-0.322725
-0.322609
-0.322479
-0.322332
-0.322165
-0.321989
-0.321799
-0.321595
-0.321372
-0.321136
-0.320888
-0.320622
-0.320343
-0.320054
-0.319744
-0.31942
-0.319084
-0.318735
-0.318373
-0.317998
-0.31761
-0.317209
-0.316799
-0.316372
-0.315934
-0.315487
-0.31503
-0.314565
-0.314088
-0.313602
-0.313107
-0.312604
-0.312093
-0.311578
-0.311055
-0.310528
-0.309991
-0.309453
-0.308911
-0.308366
-0.307819
-0.307271
-0.306722
-0.306174
-0.305619
-0.305076
-0.304534
-0.303993
-0.303456
-0.302925
-0.302402
-0.301886
-0.301374
-0.30088
-0.300393
-0.299917
-0.29945
-0.29899
-0.298547
-0.298112
-0.297698
-0.297299
-0.296913
-0.296546
-0.296197
-0.295867
-0.295556
-0.295261
-0.294985
-0.294727
-0.294491
-0.294273
-0.294073
-0.293899
-0.293746
-0.293611
-0.2935
-0.293413
-0.293343
-0.293295
-0.293272
-0.293267
-0.29328
-0.293314
-0.293367
-0.293439
-0.293536
-0.293651
-0.293784
-0.293933
-0.294101
-0.294287
-0.294489
-0.294707
-0.294937
-0.295183
-0.295446
-0.295721
-0.296004
-0.296303
-0.296613
-0.296934
-0.297265
-0.297604
-0.297952
-0.298308
-0.298673
-0.29904
-0.299412
-0.299795
-0.300176
-0.300564
-0.300956
-0.301347
-0.301743
-0.302137
-0.302536
-0.302934
-0.303332
-0.30373
-0.304127
-0.304522
-0.304916
-0.30531
-0.305698
-0.306091
-0.306473
-0.306857
-0.307232
-0.3076
-0.307966
-0.308327
-0.308684
-0.309033
-0.309379
-0.30972
-0.310055
-0.310384
-0.310704
-0.311024
-0.311334
-0.311639
-0.311937
-0.312228
-0.312515
-0.312795
-0.313069
-0.313333
-0.313591
-0.313841
-0.314085
-0.314321
-0.31455
-0.31477
-0.314985
-0.315195
-0.315393
-0.315586
-0.315775
-0.315953
-0.316127
-0.316291
-0.316445
-0.316597
-0.316741
-0.316878
-0.317006
-0.317123
-0.317236
-0.317341
-0.31744
-0.31753
-0.317614
-0.317691
-0.31776
-0.31782
-0.317875
-0.317924
-0.317968
-0.318
-0.318026
-0.318047
-0.318065
-0.318073
-0.318075
-0.318072
-0.318062
-0.318046
-0.318024
-0.317995
-0.317965
-0.317925
-0.317882
-0.317835
-0.317783
-0.317726
-0.317668
-0.317601
-0.317532
-0.31746
-0.317386
-0.317305
-0.317223
-0.317139
-0.317052
-0.316965
-0.316877
-0.316784
-0.316687
-0.316591
-0.316494
-0.316396
-0.316302
-0.316202
-0.316103
-0.316002
-0.315902
-0.315802
-0.315702
-0.315602
-0.315503
-0.315401
-0.315305
-0.315207
-0.315109
-0.315014
-0.314916
-0.314819
-0.314724
-0.314629
-0.314534
-0.314439
-0.314347
-0.314252
-0.314157
-0.31406
-0.313961
-0.313865
-0.313768
-0.313669
-0.313569
-0.313468
-0.313363
-0.313257
-0.313152
-0.313042
-0.312927
-0.312812
-0.312693
-0.31257
-0.312447
-0.312317
-0.312183
-0.312044
-0.311902
-0.311752
-0.3116
-0.311442
-0.31128
-0.311113
-0.31094
-0.310765
-0.310582
-0.310393
-0.3102
-0.310001
-0.309797
-0.30959
-0.309378
-0.309159
-0.308935
-0.308707
-0.308475
-0.308239
-0.307999
-0.307757
-0.307511
-0.307261
-0.307009
-0.306755
-0.306499
-0.306241
-0.305983
-0.305723
-0.305462
-0.305202
-0.304946
-0.304686
-0.30443
-0.304176
-0.303924
-0.303674
-0.303428
-0.303185
-0.302941
-0.302703
-0.302473
-0.302247
-0.302026
-0.301813
-0.301603
-0.301398
-0.3012
-0.301008
-0.300822
-0.300645
-0.300473
-0.300304
-0.300145
-0.299992
-0.299846
-0.299706
-0.299573
-0.299449
-0.299329
-0.299215
-0.299108
-0.299006
-0.29891
-0.298822
-0.298737
-0.29866
-0.298583
-0.298512
-0.298449
-0.298385
-0.298329
-0.298275
-0.298222
-0.298171
-0.298126
-0.298084
-0.298046
-0.298005
-0.297971
-0.297936
-0.297899
-0.297869
-0.297844
-0.297813
-0.297782
-0.297751
-0.29772
-0.297689
-0.297663
-0.297631
-0.297599
-0.297567
-0.297531
-0.2975
-0.297467
-0.297434
-0.297397
-0.297359
-0.29732
-0.297283
-0.297242
-0.2972
-0.297159
-0.297115
-0.297072
-0.297024
-0.296977
-0.296928
-0.296879
-0.296829
-0.296778
-0.296726
-0.296673
-0.296617
-0.296562
-0.296507
-0.296451
-0.296394
-0.296336
-0.296277
-0.296218
-0.296158
-0.296097
-0.296036
-0.295976
-0.295915
-0.295851
-0.295789
-0.295724
-0.295658
-0.295591
-0.29552
-0.295452
-0.295382
-0.295309
-0.295238
-0.295166
-0.295093
-0.295016
-0.294941
-0.294866
-0.294789
-0.294711
-0.29463
-0.294553
-0.294473
-0.294393
-0.294311
-0.294227
-0.294141
-0.294056
-0.293972
-0.293888
-0.293804
-0.29372
-0.293633
-0.293548
-0.293464
-0.29338
0
-0.293121
-0.293028
-0.292937
-0.292846
-0.292754
-0.292666
-0.29258
-0.292495
-0.292412
-0.292331
-0.292252
-0.292176
-0.292109
-0.292037
-0.291967
-0.291901
-0.291837
-0.291775
-0.291719
-0.291663
-0.291615
-0.291564
-0.291517
-0.291472
-0.29143
-0.29139
-0.291353
-0.291316
-0.291285
-0.291255
-0.291226
-0.291204
-0.291178
-0.291154
-0.291131
-0.291109
-0.291089
-0.291068
-0.291047
-0.291025
-0.291003
-0.29098
-0.290956
-0.290931
-0.290904
-0.290875
-0.290843
-0.290814
-0.290777
-0.290738
-0.290695
-0.29065
-0.2906
-0.290548
-0.290489
-0.290424
-0.290357
-0.290282
-0.290206
-0.290124
-0.290038
-0.289947
-0.289851
-0.28975
-0.289645
-0.289537
-0.289423
-0.289302
-0.289179
-0.289055
-0.288923
-0.288787
-0.288649
-0.28851
-0.288371
-0.288228
-0.288084
-0.287939
-0.287796
-0.287648
-0.287504
-0.28736
-0.287218
-0.287081
-0.286944
-0.286813
-0.286683
-0.286558
-0.286438
-0.286324
-0.286216
-0.286115
-0.286021
-0.285932
-0.285857
-0.285785
-0.285723
-0.285672
-0.285632
-0.285604
-0.285582
-0.285576
-0.285579
-0.28559
-0.285618
-0.285656
-0.285704
-0.285765
-0.285838
-0.285922
-0.286017
-0.286125
-0.286243
-0.286375
-0.286515
-0.286666
-0.286827
-0.286997
-0.28718
-0.287366
-0.287564
-0.287769
-0.287982
-0.288207
-0.288435
-0.288665
-0.288902
-0.289143
-0.289389
-0.289638
-0.289892
-0.290146
-0.290401
-0.290658
-0.290914
-0.291172
-0.29143
-0.291679
-0.291926
-0.292175
-0.292423
-0.292665
-0.292903
-0.293136
-0.293364
-0.293589
-0.293805
-0.294015
-0.294216
-0.294415
-0.294604
-0.294783
-0.294955
-0.29512
-0.295275
-0.295424
-0.295564
-0.295693
-0.295816
-0.295929
-0.296034
-0.296125
-0.296212
-0.296287
-0.296357
-0.296417
-0.296471
-0.296513
-0.296548
-0.296576
-0.296592
-0.296606
-0.296608
-0.296602
-0.296589
-0.296569
-0.296542
-0.296509
-0.296469
-0.296423
-0.296371
-0.296313
-0.296251
-0.296184
-0.296112
-0.296033
-0.295953
-0.295869
-0.29578
-0.29569
-0.295596
-0.295501
-0.295402
-0.295302
-0.295202
-0.295102
-0.295001
-0.294898
-0.294797
-0.294696
-0.294596
-0.294492
-0.294397
-0.294301
-0.294206
-0.294114
-0.294024
-0.293937
-0.293852
-0.293771
-0.293692
-0.293616
-0.293545
-0.293478
-0.293417
-0.293356
-0.293302
-0.293253
-0.293205
-0.293165
-0.293126
-0.293093
-0.293066
-0.293046
-0.293032
-0.29302
-0.293017
-0.293019
-0.293026
-0.293041
-0.293061
-0.293083
-0.293107
-0.293141
-0.293184
-0.293231
-0.293284
-0.29334
-0.293396
-0.293462
-0.293532
-0.293608
-0.293689
-0.293774
-0.293864
-0.293958
-0.294059
-0.294157
-0.294266
-0.294377
-0.294489
-0.294607
-0.294729
-0.294852
-0.294978
-0.29511
-0.29524
-0.295374
-0.295517
-0.295659
-0.295804
-0.295948
-0.296095
-0.296246
-0.296393
-0.296555
-0.29671
-0.296864
-0.29702
-0.297178
-0.297338
-0.297496
-0.297654
-0.297815
-0.297974
-0.298135
-0.298297
-0.298458
-0.298618
-0.298781
-0.298941
-0.299097
-0.299253
-0.29941
-0.299566
-0.299718
-0.299872
-0.300024
-0.300172
-0.300318
-0.300463
-0.30061
-0.300753
-0.300891
-0.30103
-0.301166
-0.3013
-0.301432
-0.301561
-0.301687
-0.30181
-0.30193
-0.30205
-0.302165
-0.302278
-0.302386
-0.302494
-0.302595
-0.302695
-0.30279
-0.302881
-0.302968
-0.303052
-0.30313
-0.303206
-0.303278
-0.303346
-0.303413
-0.303473
-0.30353
-0.303582
-0.303632
-0.303676
-0.303716
-0.303749
-0.30378
-0.303802
-0.303825
-0.303843
-0.303857
-0.303862
-0.303867
-0.303868
-0.303865
-0.303859
-0.303847
-0.303831
-0.30381
-0.303785
-0.303756
-0.303723
-0.303686
-0.303642
-0.303596
-0.303549
-0.303495
-0.303436
-0.303375
-0.30331
-0.303241
-0.303169
-0.303091
-0.303012
-0.302927
-0.302842
-0.302754
-0.302667
-0.302573
-0.302476
-0.302376
-0.302277
-0.302173
-0.302067
-0.301958
-0.301848
-0.301737
-0.301623
-0.301509
-0.301393
-0.301277
-0.30116
-0.301037
-0.300919
-0.300798
-0.300679
-0.300561
-0.300443
-0.300326
-0.300209
-0.300094
-0.299975
-0.299864
-0.299753
-0.299646
-0.299537
-0.299434
-0.299331
-0.299234
-0.299139
-0.299044
-0.298954
-0.298866
-0.298782
-0.298702
-0.298625
-0.298553
-0.298485
-0.298421
-0.298362
-0.29831
-0.298261
-0.298216
-0.298176
-0.298142
-0.298112
-0.298086
-0.298063
-0.298052
-0.298046
-0.298042
-0.298045
-0.298057
-0.298071
-0.298091
-0.298115
-0.298146
-0.298181
-0.298223
-0.298271
-0.298324
-0.29838
-0.298443
-0.298514
-0.298586
-0.298669
-0.298752
-0.29884
-0.298934
-0.299033
-0.299131
-0.299236
-0.299344
-0.299455
-0.299571
-0.299689
-0.29981
-0.299931
-0.300058
-0.300184
-0.300315
-0.300447
-0.300581
-0.300716
-0.300852
-0.300989
-0.301124
-0.30126
-0.301398
-0.301535
-0.301668
-0.301802
-0.301935
-0.302066
-0.302199
-0.302332
-0.302461
-0.302587
-0.302713
-0.302834
-0.302952
-0.303069
-0.303181
-0.303288
-0.303392
-0.303491
-0.303586
-0.303676
-0.303761
-0.303841
-0.303916
-0.303988
-0.304052
-0.30411
-0.304162
-0.304205
-0.304244
-0.304277
-0.304303
-0.304322
-0.304335
-0.304337
-0.304333
-0.304323
-0.304306
-0.304278
-0.304243
-0.304201
-0.304154
-0.304098
-0.304036
-0.303963
-0.30388
-0.30379
-0.303695
-0.303587
-0.303474
-0.303354
-0.303222
-0.30308
-0.302931
-0.302774
-0.302608
-0.302437
-0.302254
-0.302063
-0.301863
-0.301655
-0.301439
-0.301216
-0.300981
-0.30074
-0.300489
-0.300231
-0.299966
-0.299695
-0.299415
-0.299126
-0.29883
-0.298529
-0.298218
-0.2979
-0.297574
-0.297247
-0.296908
-0.296567
-0.296212
-0.295853
-0.295488
-0.295116
-0.294736
-0.294353
-0.293963
-0.293571
-0.29317
-0.292767
-0.292356
-0.291939
-0.291518
-0.291089
-0.290658
-0.290222
-0.289782
-0.289339
-0.28889
-0.288434
-0.287974
-0.287513
-0.287047
-0.286577
-0.286104
-0.285629
-0.285144
-0.284659
-0.284171
-0.283679
-0.283184
-0.282686
-0.282184
-0.281676
-0.281168
-0.280657
-0.280142
-0.279624
-0.279106
-0.278583
-0.278054
-0.277523
-0.276991
-0.276457
-0.275924
-0.275385
-0.274847
-0.274303
-0.273759
-0.273214
-0.272669
-0.272122
-0.271572
-0.271025
-0.27048
-0.269933
-0.269388
-0.268846
-0.268304
-0.267765
-0.267228
-0.266695
-0.266167
-0.265643
-0.265125
-0.264613
-0.264113
-0.263614
-0.263123
-0.262644
-0.262178
-0.26172
-0.261275
-0.260842
-0.260423
-0.260018
-0.259632
-0.25926
-0.258908
-0.258571
-0.258254
-0.257957
-0.257681
-0.257427
-0.257196
-0.25699
-0.256806
-0.256647
-0.256513
-0.256405
-0.256322
-0.256268
-0.256244
-0.256246
-0.256276
-0.256335
-0.256419
-0.256535
-0.256677
-0.256851
-0.257053
-0.257283
-0.257542
-0.257831
-0.258145
-0.258481
-0.258848
-0.259241
-0.25966
-0.2601
-0.260569
-0.261059
-0.261568
-0.2621
-0.262653
-0.263227
-0.263818
-0.264427
-0.265053
-0.265689
-0.266341
-0.267007
-0.267683
-0.268371
-0.269065
-0.269771
-0.270483
-0.271202
-0.271926
-0.272654
-0.273385
-0.274121
-0.274855
-0.27559
-0.276324
-0.277055
-0.277785
-0.278511
-0.279235
-0.279952
-0.280664
-0.281368
-0.282064
-0.282754
-0.283439
-0.284112
-0.284776
-0.285432
-0.286076
-0.286707
-0.287329
-0.287939
-0.288538
-0.289125
-0.289699
-0.290258
-0.290804
-0.29134
-0.291862
-0.292371
-0.292865
-0.293349
-0.293817
-0.294271
-0.294714
-0.29514
-0.295553
-0.295951
-0.296336
-0.296707
-0.297061
-0.297399
-0.297728
-0.298046
-0.29835
-0.298638
-0.298912
-0.299173
-0.299423
-0.299657
-0.299879
-0.300087
-0.300282
-0.300467
-0.300634
-0.300792
-0.300937
-0.301067
-0.30119
-0.301299
-0.301393
-0.301476
-0.30155
-0.301612
-0.301663
-0.301703
-0.301732
-0.301751
-0.301756
-0.301755
-0.301744
-0.301723
-0.30169
-0.301647
-0.301593
-0.301533
-0.301461
-0.301379
-0.301289
-0.301192
-0.301085
-0.300966
-0.300842
-0.300708
-0.300568
-0.300417
-0.300258
-0.300091
-0.299917
-0.299737
-0.299547
-0.29935
-0.299147
-0.298933
-0.298712
-0.298486
-0.298254
-0.298014
-0.297764
-0.297511
-0.297255
-0.29699
-0.296716
-0.296439
-0.296155
-0.295866
-0.295571
-0.29527
-0.294963
-0.294651
-0.294336
-0.294016
-0.293685
-0.293351
-0.293013
-0.292669
-0.29232
-0.291969
-0.291608
-0.291244
-0.290876
-0.290503
-0.290125
-0.289739
-0.28935
-0.288958
-0.288565
-0.288165
-0.287759
-0.28735
-0.286938
-0.286519
-0.286098
-0.285671
-0.285242
-0.284812
-0.284376
-0.283936
-0.283492
-0.283045
-0.282597
-0.282142
-0.281685
-0.281224
-0.28076
-0.280293
-0.279826
-0.279353
-0.278878
-0.278399
-0.277919
-0.277436
-0.276948
-0.276463
-0.275974
-0.275481
-0.274988
-0.27449
-0.273997
-0.2735
-0.273003
-0.272505
-0.272005
-0.271506
-0.27101
-0.270512
-0.270014
-0.269519
-0.269023
-0.268528
-0.268032
-0.267542
-0.26705
-0.266563
-0.266078
-0.265599
-0.265121
-0.264646
-0.264177
-0.26371
-0.263248
-0.262791
-0.262339
-0.26189
-0.261449
-0.261014
-0.260586
-0.260165
-0.259751
-0.259345
-0.258947
-0.258554
-0.258172
-0.257802
-0.257438
-0.257081
-0.256734
-0.2564
-0.256078
-0.255767
-0.255464
-0.255173
-0.254893
-0.254622
-0.254368
-0.254123
-0.253891
-0.253671
-0.253464
-0.253268
-0.253086
-0.25292
-0.252765
-0.252623
-0.252495
-0.25238
-0.252279
-0.252191
-0.252116
-0.252055
-0.252006
-0.251972
-0.251952
-0.251945
-0.251952
-0.251972
-0.252007
-0.252056
-0.252115
-0.252187
-0.252276
-0.252373
-0.252483
-0.252602
-0.252735
-0.252878
-0.253035
-0.253203
-0.253382
-0.253571
-0.253772
-0.253982
-0.254202
-0.254432
-0.254677
-0.254923
-0.25518
-0.255446
-0.25572
-0.256002
-0.256292
-0.256589
-0.256892
-0.257203
-0.257522
-0.257845
-0.258173
-0.258507
-0.258846
-0.259194
-0.259542
-0.259894
-0.260253
-0.260612
-0.260975
-0.261341
-0.261709
-0.26208
-0.26245
-0.262825
-0.263201
-0.263581
-0.263959
-0.26434
-0.264723
-0.2651
-0.26548
-0.26586
-0.26624
-0.266619
-0.266997
-0.267374
-0.267745
-0.26812
-0.268493
-0.268865
-0.269232
-0.269595
-0.269961
-0.270325
-0.270686
-0.271047
-0.271399
-0.271752
-0.272103
-0.272454
-0.272799
-0.273141
-0.273481
-0.273817
-0.27415
-0.274478
-0.274802
-0.275126
-0.275447
-0.275764
-0.276078
-0.276389
-0.276695
-0.277002
-0.277303
-0.277599
-0.277894
-0.278189
-0.278478
-0.278762
-0.279045
-0.279326
-0.279603
-0.279875
-0.280145
-0.280417
-0.280683
-0.280948
-0.281212
-0.281471
-0.281728
-0.281982
-0.282235
-0.282487
-0.282738
-0.282979
-0.283223
-0.283461
-0.283701
-0.28394
-0.284177
-0.284413
-0.284645
-0.284875
-0.285106
-0.285336
-0.285565
-0.285792
