0 0 0
0.064633 0 0
0.129266 0 0
0.193899 0 0
0.258532 0 0
0.323165 0 0
0.387798 0 0
0.452431 0 0
0.517064 0 0
0.581697 0 0
0.64633 0 0
0.710963 0 0
0.775596 0 0
0.84023 0.002271 0.000571207
0.904863 0.211538 0.00714524
0.969496 1.45166 0.0231415
1.03413 2.62517 0.0398748
1.09876 2.82544 0.0441379
1.16339 2.65001 0.0377421
1.22803 2.38393 0.0329072
1.29266 2.14604 0.0288759
1.35729 1.91865 0.0261729
1.42193 1.74594 0.022716
1.48656 1.63041 0.0194491
1.55119 1.55691 0.0189709
1.61583 1.50485 0.0180352
1.68046 1.46458 0.0173399
1.74509 1.42877 0.0152156
1.80973 1.40316 0.0147954
1.87436 1.39462 0.0144439
1.93899 1.39921 0.0153505
2.00362 1.40731 0.0133812
2.06826 1.42013 0.0128554
2.13289 1.41722 0.0132249
2.19752 1.41679 0.0127052
2.26216 1.3955 0.0113954
2.32679 1.3897 0.011491
2.39142 1.38521 0.0121325
2.45606 1.38146 0.0120014
2.52069 1.37379 0.01163
2.58532 1.37141 0.0117549
2.64995 1.35593 0.0112769
2.71459 1.33806 0.0103508
2.77922 1.35762 0.00963206
2.84385 1.33239 0.00971403
2.90849 1.33944 0.0104107
2.97312 1.33449 0.00877476
3.03775 1.33276 0.00907833
3.10239 1.33237 0.00955734
3.16702 1.33989 0.00919295
3.23165 1.33567 0.00884172
3.29629 1.33776 0.00800089
3.36092 1.33747 0.00864536
3.42555 1.33131 0.00840846
3.49018 1.32448 0.00805056
3.55482 1.31472 0.00792173
3.61945 1.30642 0.00803942
3.68408 1.30453 0.007384
3.74872 1.30689 0.00767064
3.81335 1.31583 0.00753353
3.87798 1.31135 0.00719078
3.94262 1.30701 0.00698125
4.00725 1.3029 0.00674218
4.07188 1.30446 0.00639052
4.13651 1.31626 0.00629189
4.20115 1.31026 0.0065997
4.26578 1.31213 0.00601991
4.33041 1.30864 0.0060654
4.39505 1.30931 0.00610563
4.45968 1.31397 0.00601903
4.52431 1.31872 0.00649239
4.58895 1.31616 0.00619087
4.65358 1.31552 0.00561955
4.71821 1.31536 0.00586574
4.78285 1.31201 0.00575223
4.84748 1.31181 0.00553625
4.91211 1.31483 0.00557301
4.97674 1.31175 0.00518993
5.04138 1.31083 0.00572764
5.10601 1.30558 0.00584532
5.17064 1.30454 0.00565603
5.23528 1.30174 0.00573629
5.29991 1.30553 0.00550448
5.36454 1.30568 0.00523145
5.42918 1.30159 0.00463875
5.49381 1.29776 0.0050013
5.55844 1.3018 0.00459565
5.62307 1.3059 0.00476753
5.68771 1.30793 0.0052448
5.75234 1.31111 0.00501005
5.81697 1.31253 0.00497139
5.88161 1.31003 0.00465908
5.94624 1.31327 0.00439643
6.01087 1.31285 0.00432262
6.07551 1.3049 0.00450522
6.14014 1.30354 0.00438826
6.20477 1.31185 0.00443708
6.2694 1.31037 0.00450482
6.33404 1.31194 0.00409474
6.39867 1.31263 0.00420093
