1 -0.278783 -0.278783 0
2 -0.283752 -0.281267 0.00175672
3 -0.335002 -0.299179 0.0146714
4 -0.32561 -0.305787 0.0124026
5 -0.316149 -0.307859 0.0100937
6 -0.332316 -0.311935 0.00919773
7 -0.391198 -0.323258 0.0131169
8 -0.417806 -0.335077 0.0159356
9 -0.40435 -0.342774 0.0159157
10 -0.377715 -0.346268 0.0147027
11 -0.405583 -0.35166 0.0143208
12 -0.426455 -0.357893 0.0144201
13 -0.452718 -0.365187 0.015043
14 -0.453958 -0.371528 0.0152464
15 -0.424172 -0.375038 0.0146283
16 -0.377163 -0.375171 0.0137147
17 -0.382458 -0.375599 0.0129146
18 -0.325215 -0.3728 0.0124968
19 -0.397843 -0.374118 0.0119084
20 -0.431176 -0.376971 0.0116497
21 -0.412103 -0.378644 0.0112144
22 -0.439151 -0.381394 0.0110368
23 -0.385327 -0.381565 0.0105582
24 -0.416363 -0.383015 0.0102174
25 -0.422834 -0.384608 0.00993205
26 -0.44064 -0.386763 0.00978107
27 -0.394348 -0.387044 0.00942284
28 -0.348676 -0.385674 0.0091854
29 -0.343359 -0.384215 0.00898381
30 -0.332227 -0.382482 0.0088499
31 -0.39753 -0.382967 0.00857772
32 -0.417523 -0.384047 0.00837737
33 -0.379784 -0.383918 0.0081245
34 -0.411747 -0.384736 0.00792667
35 -0.438722 -0.386279 0.00784883
36 -0.47033 -0.388614 0.0079705
37 -0.510307 -0.391903 0.00840634
38 -0.513041 -0.39509 0.00876876
39 -0.44228 -0.3963 0.008627
40 -0.42704 -0.397069 0.00844548
41 -0.491395 -0.399369 0.00854711
42 -0.421819 -0.399904 0.0083603
43 -0.433224 -0.400679 0.00820171
44 -0.468967 -0.402231 0.00816083
45 -0.409554 -0.402394 0.0079811
46 -0.373744 -0.401771 0.00783186
47 -0.353013 -0.400733 0.00773363
48 -0.36509 -0.399991 0.00760807
49 -0.422162 -0.400443 0.00746625
50 -0.423522 -0.400905 0.00733118
51 -0.411304 -0.401109 0.00719027
52 -0.344203 -0.400014 0.00713478
53 -0.374061 -0.399525 0.00701695
54 -0.412461 -0.399764 0.0068911
55 -0.388142 -0.399553 0.00676904
56 -0.385361 -0.3993 0.00665291
57 -0.41243 -0.39953 0.00654018
58 -0.39349 -0.399426 0.00642824
59 -0.411966 -0.399638 0.0063228
60 -0.375706 -0.399239 0.00622999
61 -0.371959 -0.398792 0.00614389
62 -0.413532 -0.39903 0.0060494
63 -0.449145 -0.399825 0.00600545
64 -0.414321 -0.400052 0.00591588
65 -0.41345 -0.400258 0.00582846
66 -0.411275 -0.400425 0.00574254
67 -0.400065 -0.40042 0.00565683
68 -0.473834 -0.401499 0.00567573
69 -0.48242 -0.402672 0.00571335
70 -0.480705 -0.403787 0.00573946
71 -0.442518 -0.404332 0.00568448
72 -0.405599 -0.40435 0.00560556
73 -0.442845 -0.404877 0.00555352
74 -0.446967 -0.405446 0.00550752
75 -0.395918 -0.405319 0.00543555
76 -0.431065 -0.405658 0.00537458
77 -0.441024 -0.406117 0.00532437
78 -0.444885 -0.406614 0.00527926
79 -0.449974 -0.407163 0.00524088
80 -0.460011 -0.407823 0.00521684
81 -0.422262 -0.408002 0.00515548
82 -0.409246 -0.408017 0.00509263
83 -0.451326 -0.408539 0.00505793
84 -0.400318 -0.408441 0.00499867
85 -0.38225 -0.408133 0.00494935
86 -0.417222 -0.408238 0.00489292
87 -0.399174 -0.408134 0.00483779
88 -0.401914 -0.408064 0.00478334
89 -0.395091 -0.407918 0.00473181
90 -0.367141 -0.407465 0.00470088
91 -0.358203 -0.406923 0.00468028
92 -0.367701 -0.406497 0.00464879
93 -0.40671 -0.406499 0.0045988
94 -0.395868 -0.406386 0.00455127
95 -0.412739 -0.406453 0.00450385
96 -0.391484 -0.406297 0.00445963
97 -0.398273 -0.406214 0.00441443
98 -0.381606 -0.405963 0.00437652
99 -0.399203 -0.405895 0.00433284
100 -0.389254 -0.405729 0.00429271
101 -0.398843 -0.40566 0.00425075
102 -0.389901 -0.405506 0.00421188
103 -0.415822 -0.405606 0.00417218
104 -0.384595 -0.405404 0.00413695
105 -0.397942 -0.405333 0.00409816
106 -0.41885 -0.405461 0.00406148
107 -0.362079 -0.405055 0.00404371
108 -0.365021 -0.404684 0.00402322
109 -0.365394 -0.404324 0.00400243
110 -0.340382 -0.403743 0.00400803
111 -0.384984 -0.403574 0.00397548
112 -0.403021 -0.403569 0.00393999
113 -0.421267 -0.403725 0.00390824
114 -0.395568 -0.403654 0.00387461
115 -0.357749 -0.403255 0.00386142
116 -0.404215 -0.403263 0.00382814
117 -0.413988 -0.403355 0.00379652
118 -0.44012 -0.403666 0.00377711
119 -0.429054 -0.403879 0.00375139
120 -0.37339 -0.403625 0.00372872
121 -0.401884 -0.403611 0.00369794
122 -0.420038 -0.403746 0.00367008
123 -0.438642 -0.404029 0.00365119
124 -0.398535 -0.403985 0.00362201
125 -0.363991 -0.403665 0.00360714
126 -0.388701 -0.403546 0.00358047
127 -0.380746 -0.403367 0.00355677
128 -0.358582 -0.403017 0.00354615
129 -0.364981 -0.402722 0.0035309
130 -0.358536 -0.402382 0.00352006
131 -0.358782 -0.402049 0.00350889
132 -0.342546 -0.401599 0.00351114
133 -0.303011 -0.400857 0.00356213
134 -0.346995 -0.400455 0.00355815
135 -0.365038 -0.400193 0.00354145
136 -0.352594 -0.399843 0.00353267
137 -0.33281 -0.399354 0.0035406
138 -0.336322 -0.398897 0.00354429
139 -0.350481 -0.398549 0.00353586
140 -0.354504 -0.398234 0.00352457
141 -0.38581 -0.398146 0.00350068
142 -0.417352 -0.398281 0.00347864
143 -0.42607 -0.398476 0.00345973
144 -0.375223 -0.398314 0.00343947
145 -0.359964 -0.39805 0.00342591
146 -0.400919 -0.398069 0.0034025
147 -0.462557 -0.398508 0.00340752
148 -0.536041 -0.399437 0.00350892
149 -0.532916 -0.400333 0.00359791
150 -0.546159 -0.401305 0.00370293
151 -0.519298 -0.402087 0.00375996
152 -0.506086 -0.402771 0.00379696
153 -0.502301 -0.403421 0.00382747
154 -0.459785 -0.403787 0.00382007
155 -0.473767 -0.404239 0.00382201
156 -0.421947 -0.404352 0.0037992
157 -0.382009 -0.40421 0.00377766
158 -0.439718 -0.404435 0.00376043
159 -0.462201 -0.404798 0.00375429
160 -0.431993 -0.404968 0.00373467
161 -0.438738 -0.405178 0.00371736
162 -0.41856 -0.40526 0.00369533
163 -0.375586 -0.405078 0.00367714
164 -0.354968 -0.404773 0.00366739
165 -0.304891 -0.404167 0.00369479
166 -0.325495 -0.403694 0.0037028
167 -0.375631 -0.403525 0.00368444
168 -0.411163 -0.403571 0.00366279
169 -0.40876 -0.403602 0.00364125
170 -0.443273 -0.403835 0.0036273
171 -0.376411 -0.403675 0.00360963
172 -0.387444 -0.40358 0.00358987
173 -0.43685 -0.403773 0.00357427
174 -0.416719 -0.403847 0.0035545
175 -0.404323 -0.40385 0.00353419
176 -0.366369 -0.403637 0.00352052
177 -0.367027 -0.40343 0.0035067
178 -0.380851 -0.403303 0.0034893
179 -0.367943 -0.403106 0.00347539
180 -0.407166 -0.403128 0.00345616
181 -0.342876 -0.402795 0.00345306
182 -0.334582 -0.40242 0.00345436
183 -0.333495 -0.402044 0.00345596
184 -0.401181 -0.402039 0.00343718
185 -0.437915 -0.402233 0.00342407
186 -0.431163 -0.402389 0.00340919
187 -0.410592 -0.402432 0.00339124
188 -0.368646 -0.402253 0.00337796
189 -0.40628 -0.402274 0.00336015
190 -0.406843 -0.402298 0.00334256
191 -0.409581 -0.402336 0.00332527
192 -0.426491 -0.402462 0.00331033
193 -0.432428 -0.402617 0.00329682
194 -0.404207 -0.402625 0.00327984
195 -0.444347 -0.402839 0.00326999
196 -0.414454 -0.402899 0.00325384
197 -0.39021 -0.402834 0.00323796
198 -0.421748 -0.40293 0.00322302
199 -0.362314 -0.402726 0.00321328
200 -0.37093 -0.402567 0.00320114
