1 0.049539 0.049539 0
2 0.0524182 0.0509786 0.00101798
3 0.0497029 0.0505534 0.000762319
4 0.0515727 0.0508082 0.000612853
5 0.0549471 0.051636 0.000888001
6 0.0525074 0.0517812 0.000751785
7 0.0513474 0.0517192 0.000646936
8 0.0490541 0.0513861 0.000646177
9 0.0482747 0.0510404 0.000660414
10 0.0463679 0.0505731 0.000741461
11 0.0456819 0.0501285 0.0007963
12 0.0493187 0.050061 0.000732796
13 0.0492379 0.0499977 0.000679157
14 0.0475217 0.0498208 0.000653268
15 0.0484468 0.0497292 0.000616105
16 0.0514902 0.0498393 0.000587346
17 0.0537592 0.0500699 0.000596342
18 0.0488535 0.0500023 0.000567028
19 0.0531789 0.0501695 0.000561292
20 0.0540235 0.0503622 0.000565339
21 0.0541053 0.0505404 0.00056582
22 0.0538214 0.0506896 0.000559409
23 0.0464131 0.0505036 0.000565143
24 0.0495771 0.050465 0.000542912
25 0.0451504 0.0502524 0.000561275
26 0.0472461 0.0501368 0.000551469
27 0.0524129 0.0502211 0.000537449
28 0.0478346 0.0501359 0.000524969
29 0.0492821 0.0501064 0.000507691
30 0.0480077 0.0500365 0.000495565
31 0.0528718 0.0501279 0.000487946
32 0.0496024 0.0501115 0.000472974
33 0.051231 0.0501454 0.000459857
34 0.0500637 0.050143 0.000446338
35 0.0504975 0.0501532 0.0004337
36 0.0488459 0.0501169 0.00042317
37 0.0466974 0.0500244 0.000421705
38 0.0497474 0.0500171 0.00041067
39 0.0498783 0.0500136 0.000400156
40 0.0473488 0.049947 0.000395658
41 0.0491195 0.0499268 0.000386523
42 0.0431802 0.0497661 0.000409339
43 0.0500269 0.0497722 0.000399865
44 0.0503577 0.0497855 0.000390998
45 0.0499788 0.0497898 0.000382333
46 0.0504738 0.0498047 0.00037431
47 0.0462153 0.0497283 0.000374056
48 0.0509043 0.0497528 0.000367065
49 0.050339 0.0497648 0.000359768
50 0.0477023 0.0497235 0.00035493
51 0.0504434 0.0497376 0.000348251
52 0.0496373 0.0497357 0.000341559
53 0.0488009 0.0497181 0.00033557
54 0.0470389 0.0496685 0.000333003
55 0.0520387 0.0497116 0.000329725
56 0.0505812 0.0497271 0.000324203
57 0.0506632 0.0497435 0.000318931
58 0.0471632 0.049699 0.00031652
59 0.0516581 0.0497322 0.000312892
60 0.0475945 0.0496966 0.000309699
61 0.0500792 0.0497029 0.000304685
62 0.0507364 0.0497195 0.000300227
63 0.0468375 0.0496738 0.000298926
64 0.0545425 0.0497499 0.000303781
65 0.053285 0.0498043 0.000303937
66 0.0493684 0.0497976 0.000299404
67 0.0483967 0.0497767 0.000295664
68 0.0499283 0.049779 0.000291325
69 0.0569164 0.0498824 0.000304914
70 0.0517708 0.0499094 0.000301749
71 0.0539056 0.0499657 0.000302703
72 0.0494226 0.0499581 0.000298593
73 0.0494688 0.0499514 0.000294578
74 0.0509524 0.0499649 0.000290907
75 0.0493264 0.0499564 0.000287153
76 0.0443549 0.0498827 0.000292681
77 0.0517476 0.0499069 0.00028988
78 0.0484583 0.0498884 0.000286758
79 0.0506519 0.049898 0.000283291
80 0.0449158 0.0498358 0.000286514
81 0.0435096 0.0497577 0.000293428
82 0.04885 0.0497466 0.000290059
83 0.055147 0.0498117 0.000293771
84 0.0465234 0.0497725 0.00029287
85 0.0488768 0.049762 0.000289614
86 0.047197 0.0497322 0.000287778
87 0.0537821 0.0497787 0.000288211
88 0.0496306 0.049777 0.000284941
89 0.0492241 0.0497708 0.000281807
90 0.0504321 0.0497782 0.000278772
91 0.0499243 0.0497798 0.000275713
92 0.0549746 0.0498362 0.000278438
93 0.0488637 0.0498258 0.00027564
94 0.0487086 0.0498139 0.000272964
95 0.0511903 0.0498284 0.000270475
96 0.0464856 0.0497936 0.00026989
97 0.0546672 0.0498438 0.000271744
98 0.0529327 0.0498753 0.000270793
99 0.0488988 0.0498655 0.000268237
100 0.049143 0.0498582 0.000265652
101 0.0454905 0.049815 0.000266518
102 0.0479128 0.0497963 0.000264557
103 0.051852 0.0498163 0.00026274
104 0.0503848 0.0498218 0.000260271
105 0.0467956 0.0497929 0.000259383
106 0.0493658 0.0497889 0.000256967
107 0.0494619 0.0497859 0.000254584
108 0.0505815 0.0497932 0.000252333
109 0.0481259 0.0497779 0.000250481
110 0.048735 0.0497684 0.000248383
111 0.0528278 0.049796 0.00024767
112 0.0456378 0.0497589 0.000248226
113 0.0504029 0.0497646 0.000246095
114 0.0466073 0.0497369 0.000245489
115 0.0463732 0.0497076 0.000245091
116 0.0491547 0.0497029 0.000243024
117 0.0460363 0.0496715 0.000242959
118 0.0548528 0.0497154 0.000244836
119 0.0470648 0.0496932 0.00024379
120 0.0488558 0.0496862 0.000241858
121 0.0509921 0.049697 0.0002401
122 0.0528774 0.049723 0.000239543
123 0.0484408 0.0497126 0.000237822
124 0.0490582 0.0497073 0.000235963
125 0.050108 0.0497105 0.000234097
126 0.0483579 0.0496998 0.000232485
127 0.0512002 0.0497116 0.000230954
128 0.0481895 0.0496997 0.000229456
129 0.0522484 0.0497195 0.000228526
130 0.0511581 0.0497306 0.000227036
131 0.0521096 0.0497487 0.000226028
132 0.0531079 0.0497742 0.000225744
133 0.0495004 0.0497721 0.000224056
134 0.0527234 0.0497941 0.000223464
135 0.0546212 0.0498299 0.000224651
136 0.050001 0.0498311 0.000223003
137 0.0511872 0.049841 0.000221594
138 0.0501577 0.0498433 0.00022
139 0.0546681 0.049878 0.000221139
140 0.0476334 0.049862 0.00022014
141 0.0430139 0.0498134 0.000223872
142 0.0555841 0.0498541 0.000225954
143 0.0557903 0.0498956 0.000228155
144 0.0447537 0.0498599 0.000229348
145 0.0478194 0.0498458 0.000228198
146 0.0453585 0.0498151 0.000228695
147 0.0462594 0.0497909 0.000228415
148 0.0500384 0.0497926 0.000226878
149 0.0489174 0.0497867 0.000225431
150 0.0506176 0.0497922 0.000223996
151 0.048838 0.0497859 0.000222602
152 0.0446729 0.0497523 0.000223665
153 0.0503324 0.0497561 0.000222235
154 0.0464229 0.0497344 0.000221843
155 0.0457332 0.0497086 0.000221909
156 0.0487081 0.0497022 0.000220579
157 0.0505884 0.0497078 0.000219246
158 0.0515655 0.0497196 0.000218174
159 0.0520232 0.0497341 0.000217282
160 0.0492547 0.0497311 0.000215945
161 0.0496475 0.0497306 0.000214604
162 0.0425089 0.049686 0.00021786
163 0.0506487 0.0496919 0.000216604
164 0.0535809 0.0497156 0.000216577
165 0.0489528 0.049711 0.000215314
166 0.0503875 0.0497151 0.000214055
167 0.0464907 0.0496958 0.000213642
168 0.0584955 0.0497481 0.000218697
169 0.0491023 0.0497443 0.000217437
170 0.0499517 0.0497455 0.000216161
171 0.0485728 0.0497387 0.000215006
172 0.0498418 0.0497393 0.000213757
173 0.0498127 0.0497397 0.000212521
174 0.0519241 0.0497523 0.000211671
175 0.0488393 0.049747 0.000210525
176 0.0501016 0.0497491 0.000209339
177 0.050982 0.049756 0.000208272
178 0.0506715 0.0497612 0.000207165
179 0.048525 0.0497543 0.000206123
180 0.0531223 0.049773 0.000205825
181 0.0459554 0.0497519 0.000205766
182 0.0520018 0.0497642 0.000205007
183 0.0465962 0.0497469 0.000204616
184 0.0506523 0.0497518 0.000203563
185 0.0494782 0.0497504 0.000202468
186 0.0469009 0.049735 0.000201958
187 0.0525131 0.0497499 0.000201424
188 0.0467191 0.0497338 0.000200997
189 0.0506385 0.0497386 0.00019999
190 0.0482755 0.0497309 0.000199086
191 0.0503825 0.0497343 0.000198073
192 0.0461233 0.0497155 0.000197932
193 0.0509246 0.0497217 0.000197005
194 0.0497967 0.0497221 0.00019599
195 0.0520785 0.0497342 0.000195357
196 0.0508652 0.04974 0.000194446
197 0.0499395 0.049741 0.000193462
198 0.052347 0.0497542 0.000192932
199 0.0434801 0.0497226 0.000194521
200 0.0525946 0.049737 0.000194078
