-6.65046
-6.65046
-6.65046
-6.65046
-6.65046
-6.65046
-6.65046
-6.65046
-6.65046
-6.65046
-6.65046
-6.65046
-6.65046
-6.65045
-6.65045
-6.65013
-6.65013
-6.64948
-6.64851
-6.64819
-6.64657
-6.64495
-6.64365
-6.64139
-6.64042
-6.63945
-6.63524
-6.63297
-6.632
-6.62941
-6.62779
-6.62552
-6.62487
-6.62326
-6.62228
-6.62034
-6.61969
-6.61807
-6.61678
-6.61548
-6.61516
-6.61419
-6.61322
-6.61192
-6.60998
-6.60901
-6.60739
-6.60739
-6.60641
-6.60641
-6.60609
-6.60512
-6.60447
-6.60382
-6.6035
-6.60285
-6.6022
-6.60058
-6.59929
-6.59929
-6.59929
-6.59799
-6.59702
-6.59637
-6.5954
-6.59475
-6.59378
-6.59281
-6.59248
-6.59248
-6.59151
-6.59151
-6.59022
-6.59022
-6.58989
-6.58989
-6.58924
-6.58859
-6.58762
-6.58762
-6.58762
-6.58697
-6.58697
-6.58665
-6.586
-6.586
-6.58568
-6.5847
-6.5847
-6.5847
-6.58438
-6.58438
-6.58438
-6.58405
-6.58405
-6.58373
-6.58341
-6.58341
-6.58308
-6.58179
-6.58146
-6.58114
-6.58081
-6.58049
-6.58049
-6.57984
-6.58017
-6.58017
-6.57952
-6.57952
-6.57952
-6.57952
-6.57919
-6.57952
-6.57952
-6.57952
-6.57887
-6.57855
-6.57822
-6.5779
-6.5779
-6.5779
-6.5779
-6.57758
-6.57758
-6.57693
-6.5766
-6.57628
-6.57628
-6.57596
-6.57563
-6.57563
-6.57499
-6.57499
-6.57499
-6.57499
-6.57531
-6.57499
-6.57499
-6.57499
-6.57531
-6.57531
-6.57564
-6.57564
-6.57629
-6.57596
-6.57564
-6.57564
-6.57532
-6.57532
-6.57532
-6.57564
-6.57564
-6.57597
-6.57597
-6.57629
-6.57564
-6.57532
-6.57467
-6.575
-6.575
-6.575
-6.575
-6.575
-6.575
-6.57468
-6.57468
-6.57435
-6.57435
-6.57435
-6.57435
-6.57403
-6.57403
-6.57403
-6.57371
-6.57371
-6.57306
-6.57338
-6.57403
-6.57436
-6.57436
-6.57436
-6.57436
-6.57371
-6.57371
-6.57371
-6.57338
-6.57371
-6.57371
-6.57306
-6.57339
-6.57306
-6.57306
-6.57306
-6.57274
-6.57274
-6.57274
-6.57274
-6.57274
-6.57274
-6.57306
-6.57306
-6.57209
-6.57209
-6.57209
-6.57242
-6.57242
-6.57242
-6.57274
-6.57242
-6.57274
-6.57274
-6.57242
-6.57241
-6.57241
-6.57241
-6.57274
-6.57274
-6.57306
-6.57339
-6.57339
-6.57339
-6.57339
-6.57306
-6.57339
-6.57339
-6.57339
-6.57339
-6.57371
-6.57371
-6.57371
-6.57306
-6.57274
-6.57209
-6.57241
-6.57209
-6.57274
-6.57274
-6.57306
-6.57306
-6.57306
-6.57241
-6.57209
-6.57177
-6.57177
-6.57209
-6.57209
-6.57209
-6.57209
-6.57241
-6.57209
-6.57209
-6.57241
-6.57241
-6.57241
-6.57306
-6.57338
-6.57338
-6.57338
-6.57306
-6.57306
-6.57338
-6.57371
-6.57338
-6.57338
-6.57371
-6.57403
-6.57371
-6.57371
-6.57371
-6.57371
-6.57403
-6.57468
-6.57403
-6.57468
-6.575
-6.57532
-6.57532
-6.575
-6.57532
-6.575
-6.575
-6.575
-6.575
-6.575
-6.57467
-6.57467
-6.57435
-6.57467
-6.57403
-6.57305
-6.57338
-6.5737
-6.57338
-6.5737
-6.5737
-6.5737
-6.57338
-6.57273
-6.57338
-6.57338
-6.57338
-6.57305
-6.57338
-6.57273
-6.57273
-6.57305
-6.57273
-6.57273
-6.57241
-6.57241
-6.57208
-6.57273
-6.57338
-6.57338
-6.57338
-6.57338
-6.5737
-6.57402
-6.57402
-6.57467
-6.575
-6.575
-6.57467
-6.57467
-6.57435
-6.57467
-6.57467
-6.57435
-6.57435
-6.57402
-6.57435
-6.57532
-6.57532
-6.57532
-6.575
-6.57564
-6.57597
-6.57597
-6.57565
-6.57532
-6.57597
-6.57597
-6.57597
-6.57565
-6.57597
-6.57629
-6.57629
-6.57629
-6.57629
-6.57629
-6.57662
-6.57759
-6.57727
-6.57759
-6.57791
-6.57791
-6.57791
-6.57791
-6.57824
-6.57856
-6.57824
-6.57824
-6.57824
-6.57856
-6.57856
-6.57856
-6.57889
-6.57889
-6.57921
-6.57889
-6.57921
-6.57856
-6.57824
-6.57759
-6.57791
-6.57824
-6.57792
-6.57792
-6.57824
-6.57824
-6.57824
-6.57889
-6.57889
-6.57856
-6.57889
-6.57889
-6.57921
-6.57986
-6.57954
-6.57921
-6.57921
-6.57954
-6.58083
-6.58083
-6.58116
-6.5818
-6.58213
-6.5818
-6.58148
-6.5818
-6.58148
-6.58051
-6.58051
-6.58018
-6.58083
-6.58148
-6.58148
-6.58148
-6.58148
-6.58116
-6.58148
-6.5818
-6.58213
-6.58213
-6.58148
-6.58116
-6.58051
-6.57986
-6.58019
-6.58018
-6.58083
-6.58083
-6.58083
-6.58051
-6.58083
-6.58116
-6.58083
-6.58116
-6.58148
-6.58213
-6.58245
-6.58213
-6.58213
-6.58213
-6.5818
-6.58213
-6.5818
-6.58213
-6.58213
-6.5818
-6.58245
-6.58342
-6.58374
-6.58407
-6.58439
-6.58407
-6.58472
-6.58439
-6.58504
-6.58439
-6.58439
-6.58472
-6.58569
-6.58504
-6.58407
-6.58439
-6.58439
-6.58504
-6.58472
-6.58504
-6.58569
-6.58536
-6.58536
-6.58536
-6.58536
-6.58504
-6.58471
-6.58536
-6.58666
-6.58666
-6.58633
-6.58568
-6.58536
-6.58568
-6.58504
-6.58633
-6.58601
-6.58536
-6.58536
-6.58536
-6.58536
-6.58504
-6.58568
-6.58568
-6.58568
-6.58471
-6.58439
-6.58471
-6.58439
-6.58406
-6.58406
-6.58439
-6.58374
-6.58406
-6.58374
-6.58374
-6.58342
-6.58277
-6.58309
-6.58309
-6.58309
-6.58277
-6.58245
-6.58212
-6.58147
-6.58147
-6.58147
-6.58147
-6.5805
-6.58115
-6.58115
-6.58147
-6.58212
-6.58212
-6.58212
-6.58083
-6.58083
-6.5805
-6.58018
-6.57986
-6.58018
-6.57986
-6.57921
-6.57921
-6.57888
-6.57824
-6.57759
-6.57759
-6.57824
-6.57824
-6.57791
-6.57791
-6.57953
-6.57921
-6.57921
-6.57953
-6.57986
-6.58018
-6.58018
-6.58018
-6.58018
-6.57986
-6.58018
-6.5805
-6.58083
-6.58147
-6.5818
-6.58147
-6.5805
-6.58115
-6.5805
-6.58018
-6.5805
-6.5805
-6.5805
-6.5805
-6.5805
-6.58018
-6.57986
-6.57986
-6.57953
-6.58018
-6.58018
-6.58018
-6.5805
-6.5805
-6.58083
-6.5805
-6.5805
-6.58083
-6.58083
-6.5805
-6.58018
-6.58018
-6.58018
-6.58018
-6.57953
-6.58018
-6.58018
-6.57985
-6.57921
-6.57921
-6.57888
-6.57888
-6.57921
-6.57791
-6.57791
-6.57824
-6.57824
-6.57856
-6.57856
-6.57921
-6.57953
-6.57888
-6.57921
-6.57888
-6.57888
-6.57921
-6.57888
-6.57888
-6.57888
-6.57856
-6.57856
-6.57759
-6.57726
-6.57726
-6.57726
-6.57662
-6.57629
-6.57629
-6.57629
-6.57662
-6.57662
-6.57662
-6.57694
-6.57694
-6.57694
-6.57726
-6.57726
-6.57759
-6.57759
-6.57759
-6.57694
-6.57694
-6.57726
-6.57759
-6.57759
-6.57726
-6.57726
-6.57726
-6.57662
-6.57629
-6.57694
-6.57726
-6.57759
-6.57727
-6.57727
-6.57726
-6.57726
-6.57727
-6.57727
-6.57759
-6.57759
-6.57759
-6.57662
-6.57629
-6.57629
-6.57662
-6.57759
-6.57759
-6.57727
-6.57759
-6.57824
-6.57824
-6.57856
-6.57889
-6.57889
-6.57791
-6.57856
-6.57889
-6.57889
-6.57889
-6.57856
-6.57856
-6.57889
-6.57889
-6.57986
-6.5805
-6.58018
-6.5805
-6.58083
-6.58018
-6.58018
-6.58083
-6.58018
-6.57986
-6.57986
-6.57986
-6.57986
-6.57986
-6.58018
-6.5805
-6.58083
-6.58083
-6.58115
-6.58147
-6.58115
-6.58212
-6.58212
-6.58115
-6.58147
-6.58212
-6.58212
-6.58115
-6.58147
-6.58212
-6.58277
-6.58277
-6.58309
-6.58277
-6.58277
-6.5831
-6.58342
-6.58342
-6.58439
-6.58407
-6.58374
-6.58374
-6.58374
-6.58342
-6.58342
-6.5831
-6.58277
-6.5831
-6.5831
-6.5831
-6.5831
-6.58407
-6.58471
-6.58504
-6.58536
-6.58504
-6.58439
-6.58471
-6.58504
-6.58536
-6.58569
-6.58504
-6.58569
-6.58569
-6.58569
-6.58536
-6.58439
-6.58471
-6.58471
-6.58374
-6.58439
-6.58374
-6.58374
-6.58342
-6.58439
-6.58374
-6.58439
-6.58406
-6.58342
-6.58342
-6.58309
-6.58309
-6.58277
-6.58309
-6.58212
-6.58309
-6.58309
-6.58309
-6.58309
-6.58342
-6.58406
-6.58342
-6.58342
-6.58406
-6.58439
-6.58471
-6.58471
-6.58504
-6.58471
-6.58471
-6.58471
-6.58439
-6.58406
-6.58471
-6.58471
-6.58439
-6.58406
-6.58406
-6.58471
-6.58471
-6.58471
-6.58406
-6.58406
-6.58406
-6.58439
-6.58439
-6.58406
-6.58374
-6.58374
-6.58406
-6.58341
-6.58406
-6.58374
-6.58406
-6.58374
-6.58406
-6.58406
-6.58406
-6.58439
-6.58406
-6.58374
-6.58406
-6.58406
-6.58374
-6.58374
-6.58374
-6.58277
-6.58244
-6.58212
-6.58244
-6.58212
-6.58212
-6.58244
-6.58212
-6.58212
-6.58244
-6.58277
-6.58212
-6.58244
-6.58244
-6.58244
-6.58212
-6.5818
-6.58147
-6.5818
-6.5818
-6.58147
-6.58115
-6.58147
-6.58115
-6.58115
-6.58147
-6.58147
-6.58147
-6.58115
-6.58115
-6.58115
-6.58082
-6.58082
-6.5805
-6.5818
-6.58115
-6.58147
-6.58147
-6.58147
-6.58147
-6.58244
-6.58212
-6.5818
-6.58083
-6.58115
-6.58147
-6.58115
-6.58115
-6.58083
-6.58083
-6.58115
-6.58115
-6.58115
-6.58115
-6.58083
-6.58115
-6.58115
-6.58115
-6.58147
-6.58115
-6.58083
-6.58083
-6.5805
-6.58083
-6.5805
-6.58018
-6.5805
-6.5805
-6.5805
-6.5805
-6.58083
-6.58083
-6.5805
-6.5805
-6.58018
-6.57953
-6.57953
-6.57953
-6.57953
-6.57888
-6.57921
-6.57921
-6.57953
-6.57921
-6.57985
-6.57953
-6.57953
-6.57921
-6.57921
-6.57921
-6.57921
-6.57921
-6.58018
-6.58018
-6.58018
-6.58018
-6.58083
-6.5805
-6.5805
-6.58083
-6.58083
-6.58115
-6.58083
-6.5805
-6.5805
-6.5805
-6.5805
-6.5805
-6.5805
-6.5805
-6.5805
-6.58018
-6.58018
-6.58018
-6.57953
-6.57985
-6.57921
-6.57985
-6.58018
-6.5805
-6.5805
-6.58018
-6.58018
-6.57953
-6.57921
-6.57921
-6.57953
-6.57985
-6.58018
-6.58018
-6.57985
-6.57953
-6.57985
-6.57953
-6.57985
-6.57985
-6.57953
-6.57985
-6.57985
-6.57921
-6.57921
-6.57985
-6.57985
-6.57985
-6.57985
-6.57921
-6.57921
-6.57985
-6.58018
-6.5805
-6.58082
-6.58082
-6.58115
-6.5818
-6.58147
-6.58212
-6.58179
-6.58179
-6.58212
-6.58244
-6.58179
-6.58212
-6.58115
-6.58115
-6.58147
-6.58147
-6.58082
-6.58115
-6.58082
-6.5805
-6.57985
-6.57953
-6.57953
-6.58017
-6.58017
-6.57985
-6.57985
-6.57888
-6.5792
-6.57888
-6.57855
-6.57823
-6.57855
-6.57888
-6.5792
-6.57888
-6.5792
-6.57823
-6.57855
-6.57888
-6.57888
-6.57888
-6.57888
-6.57855
-6.57855
-6.57791
-6.57791
-5.91725
-5.91628
-5.91661
-5.91661
-5.91661
-5.91661
-5.91628
-5.91596
-5.91661
-5.91628
-5.91564
-5.91596
-5.91499
-5.91499
-5.91499
-5.91563
-5.91531
-5.91563
-5.91531
-5.91563
-5.91628
-5.91596
-5.91628
-5.91564
-5.91564
-5.91531
-5.91531
-5.91466
-5.91466
-5.91402
-5.91337
-5.91402
-5.91434
-5.91466
-5.91466
-5.91304
-5.91402
-5.91369
-5.91434
-5.91499
-5.91499
-5.91499
-5.91499
-5.91466
-5.91466
-5.91466
-5.91531
-5.91563
-5.91563
-5.91596
-5.91628
-5.91628
-5.91628
-5.91596
-5.91531
-5.91531
-5.91466
-5.91531
-5.91466
-5.91369
-5.91272
-5.91272
-5.91304
-5.91272
-5.91304
-5.91272
-5.91336
-5.91369
-5.91336
-5.91207
-5.91207
-5.91207
-5.91207
-5.91174
-5.91207
-5.91174
-5.91207
-5.91174
-5.91142
-5.91045
-5.91077
-5.91077
-5.91109
-5.91077
-5.91077
-5.91045
-5.91044
-5.9098
-5.90947
-5.90915
-5.90915
-5.90915
-5.90915
-5.9085
-5.90882
-5.90818
-5.90915
-5.90882
-5.90882
-5.90817
-5.9085
-5.90882
-5.90882
-5.90882
-5.90817
-5.9085
-5.90882
-5.90882
-5.90947
-5.91044
-5.91044
-5.91044
-5.90979
-5.90914
-5.90914
-5.90914
-5.90914
-5.90882
-5.90882
-5.90849
-5.90849
-5.90849
-5.90785
-5.90785
-5.90785
-5.90785
-5.90817
-5.90785
-5.90785
-5.90817
-5.90882
-5.90882
-5.90882
-5.90882
-5.90817
-5.90785
-5.90817
-5.90817
-5.90785
-5.90785
-5.90785
-5.90785
-5.90785
-5.90752
-5.90752
-5.90785
-5.90817
-5.9085
-5.9085
-5.9085
-5.9085
-5.9085
-5.9085
-5.90882
-5.90882
-5.90882
-5.9085
-5.90817
-5.90817
-5.90817
-5.90785
-5.90785
-5.9072
-5.9072
-5.90753
-5.90753
-5.90753
-5.90753
-5.90785
-5.90818
-5.90785
-5.9085
-5.90883
-5.90883
-5.90883
-5.90883
-5.90947
-5.9098
-5.9098
-5.91012
-5.91077
-5.91045
-5.91142
-5.91142
-5.91174
-5.91174
-5.91174
-5.91174
-5.91174
-5.91174
-5.91207
-5.91174
-5.91174
-5.91239
-5.91142
-5.9111
-5.91142
-5.9111
-5.91077
-5.91077
-5.91077
-5.91013
-5.91013
-5.91175
-5.91239
-5.91239
-5.91239
-5.91272
-5.91304
-5.91304
-5.91304
-5.91304
-5.91272
-5.91304
-5.91304
-5.91272
-5.91272
-5.91337
-5.91337
-5.91304
-5.91272
-5.91142
-5.91175
-5.91175
-5.91207
-5.91239
-5.91272
-5.91272
-5.91272
-5.91304
-5.91304
-5.91304
-5.91239
-5.91239
-5.91304
-5.91369
-5.91401
-5.91401
-5.91498
-5.91466
-5.91466
-5.91498
-5.91498
-5.91466
-5.91434
-5.91531
-5.91466
-5.91466
-5.91466
-5.91563
-5.91628
-5.91628
-5.91628
-5.91693
-5.9166
-5.91628
-5.91596
-5.91725
-5.91855
-5.91855
-5.91855
-5.91855
-5.91855
-5.91855
-5.91822
-5.91855
-5.9179
-5.91822
-5.91855
-5.91822
-5.9179
-5.9179
-5.91855
-5.91822
-5.91822
-5.91854
-5.91822
-5.9179
-5.91822
-5.91822
-5.9179
-5.91854
-5.91887
-5.91854
-5.91822
-5.9179
-5.91854
-5.9179
-5.91822
-5.91822
-5.91822
-5.91822
-5.91887
-5.91919
-5.91887
-5.91951
-5.91887
-5.91919
-5.91919
-5.91919
-5.91919
-5.91951
-5.91919
-5.91887
-5.91887
-5.91854
-5.91887
-5.91887
-5.91854
-5.91854
-5.91854
-5.91919
-5.91919
-5.91886
-5.91854
-5.91822
-5.91822
-5.91822
-5.91692
-5.91692
-5.91692
-5.91692
-5.9166
-5.9166
-5.91627
-5.9166
-5.91627
-5.91627
-5.91692
-5.91692
-5.91692
-5.91757
-5.91724
-5.91821
-5.91821
-5.91821
-5.91821
-5.91821
-5.91789
-5.91789
-5.91724
-5.91692
-5.91724
-5.91692
-5.9166
-5.91724
-5.91692
-5.91724
-5.91724
-5.9166
-5.91692
-5.91692
-5.91725
-5.91725
-5.91692
-5.91692
-5.91692
-5.91692
-5.9166
-5.91692
-5.91627
-5.91595
-5.91627
-5.91595
-5.91595
-5.91562
-5.91498
-5.9153
-5.91595
-5.91595
-5.9166
-5.9166
-5.91724
-5.91821
-5.91822
-5.91789
-5.91822
-5.91886
-5.91919
-5.91886
-5.91919
-5.91886
-5.91886
-5.91822
-5.91789
-5.91789
-5.91789
-5.91789
-5.91789
-5.91789
-5.91757
-5.91757
-5.91757
-5.91789
-5.91757
-5.91725
-5.91757
-5.91725
-5.91757
-5.91822
-5.91725
-5.91822
-5.91789
-5.91757
-5.91757
-5.91757
-5.91789
-5.91789
-5.91692
-5.91757
-5.91757
-5.91692
-5.9166
-5.91692
-5.91628
-5.91692
-5.91692
-5.91725
-5.91757
-5.91725
-5.91725
-5.91692
-5.9166
-5.91628
-5.91595
-5.91595
-5.91563
-5.91498
-5.91498
-5.9153
-5.91498
-5.91498
-5.91466
-5.91466
-5.91498
-5.91498
-5.91433
-5.91433
-5.91498
-5.91563
-5.91595
-5.9153
-5.9153
-5.9153
-5.9153
-5.91498
-5.91401
-5.91336
-5.91401
-5.91401
-5.91433
-5.91433
-5.91433
-5.91433
-5.91498
-5.91498
-5.9153
-5.9153
-5.91498
-5.91433
-5.91433
-5.91465
-5.91498
-5.91433
-5.91433
-5.91433
-5.91401
-5.91336
-5.91433
-5.91401
-5.91368
-5.91368
-5.91336
-5.91368
-5.91368
-5.91304
-5.91304
-5.91271
-5.91336
-5.91401
-5.91401
-5.91401
-5.91465
-5.9153
-5.91498
-5.91498
-5.9153
-5.9153
-5.91595
-5.91627
-5.91595
-5.91595
-5.9166
-5.9166
-5.9166
-5.91627
-5.91627
-5.91627
-5.9166
-5.91627
-5.91595
-5.91627
-5.91627
-5.91724
-5.91724
-5.91627
-5.9166
-5.91595
-5.91595
-5.91595
-5.91627
-5.91595
-5.91595
-5.91595
-5.91595
-5.91595
-5.91562
-5.91562
-5.91498
-5.91498
-5.91433
-5.91433
-5.91433
-5.91433
-5.91433
-5.91433
-5.91465
-5.91433
-5.91433
-5.91401
-5.91368
-5.91401
-5.91433
-5.91401
-5.91401
-5.91401
-5.91401
-5.91368
-5.91401
-5.91368
-5.91368
-5.91336
-5.91336
-5.91271
-5.91303
-5.91303
-5.91303
-5.91303
-5.91271
-5.91206
-5.91239
-5.91239
-5.91238
-5.91271
-5.91238
-5.91206
-5.91206
-5.91174
-5.91174
-5.91174
-5.91174
-5.91174
-5.91174
-5.91174
-5.91174
-5.91206
-5.91206
-5.91206
-5.91271
-5.91271
-5.91335
-5.91335
-5.91368
-5.91368
-5.91368
-5.91368
-5.91335
-5.91368
-5.914
-5.91335
-5.91271
-5.91368
-5.91433
-5.914
-5.914
-5.91303
-5.91303
-5.91303
-5.91335
-5.91336
-5.91368
-5.914
-5.914
-5.914
-5.914
-5.91433
-5.914
-5.91433
-5.91433
-5.91433
-5.91498
-5.91498
-5.91498
-5.91465
-5.91465
-5.91433
-5.91401
-5.91368
-5.91336
-5.91304
-5.91271
-5.91304
-5.91336
-5.91304
-5.91304
-5.91368
-5.91368
-5.91433
-5.91336
-5.91304
-5.91304
-5.91271
-5.91271
-5.91271
-5.91304
-5.91401
-5.91498
-5.9153
-5.91563
-5.91563
-5.91563
-5.91595
-5.91563
-5.91563
-5.91595
-5.91627
-5.91692
-5.9166
-5.9166
-5.9166
-5.91563
-5.91563
-5.91563
-5.91595
-5.91563
-5.91498
-5.91563
-5.91595
-5.9153
-5.91563
-5.9153
-5.9153
-5.91433
-5.91433
-5.91498
-5.91498
-5.91465
-5.91498
-5.91465
-5.91433
-5.914
-5.91368
-5.91498
-5.91465
-5.91465
-5.91498
-5.9153
-5.91562
-5.91497
-5.9153
-5.91465
-5.91368
-5.91303
-5.91271
-5.91271
-5.91271
-5.91368
-5.91368
-5.91433
-5.91497
-5.91497
-5.914
-5.91368
-5.91368
-5.91368
-5.91433
-5.91465
-5.91433
-5.91465
-5.91465
-5.9153
-5.9153
-5.91562
-5.91562
-5.91562
-5.91562
-5.9153
-5.9153
-5.91562
-5.91562
-5.91562
-5.9153
-5.91562
-5.91594
-5.91562
-5.9153
-5.91562
-5.91659
-5.91691
-5.91659
-5.91627
-5.91659
-5.91562
-5.91627
-5.91594
-5.91562
-5.91562
-5.91594
-5.91562
-5.91627
-5.91627
-5.91691
-5.91691
-5.91691
-5.91627
-5.91659
-5.91724
-5.91724
-5.91756
-5.91756
-5.91788
-5.91756
-5.91788
-5.91853
-5.91918
-5.91983
-5.92015
-5.92047
-5.92112
-5.92144
-5.92177
-5.92177
-5.92112
-5.9208
-5.9208
-5.92112
-5.92112
-5.9208
-5.9208
-5.92112
-5.9208
-5.9208
-5.9208
-5.92047
-5.91983
-5.91983
-5.91983
-5.91983
-5.9195
-5.9195
-5.9195
-5.92015
-5.92015
-5.92015
-5.91983
-5.92015
-5.92047
-5.92047
-5.9208
-5.92015
-5.9195
-5.91918
-5.91918
-5.91885
-5.91885
-5.91918
-5.92015
-5.91982
-5.92015
-5.92015
-5.91983
-5.92047
-5.92015
-5.92047
-5.92015
-5.92047
-5.92047
-5.92047
-5.92047
-5.92015
-5.92015
-5.92112
-5.92112
-5.9208
-5.92047
-5.92015
-5.9195
-5.9195
-5.9195
-5.91885
-5.91788
-5.91853
-5.91788
-5.91821
-5.91853
-5.91853
-5.91885
-5.91853
-5.9195
-5.9195
-5.91918
-5.9195
-5.9195
-5.91983
-5.91983
-5.92015
-5.91983
-5.92015
-5.91983
-5.91983
-5.92015
-5.91983
-5.91983
-5.9195
-5.9208
-5.92015
-5.92047
-5.92015
-5.9208
-5.92015
-5.92047
-5.92015
-5.91983
-5.9195
-5.91918
-5.91821
-5.91788
-5.91853
-5.91853
-5.91821
-5.91788
-5.91756
-5.91691
-5.91723
-5.91756
-5.91626
-5.91659
-5.91594
-5.91561
-5.91594
-5.91562
-5.91594
-5.91594
-5.91594
-5.91594
-5.91626
-5.91659
-5.91626
-5.91659
-5.91691
-5.91594
-5.91626
-5.91594
-5.91529
-5.91594
-5.91691
-5.91691
-5.91691
-5.91691
-5.91659
-5.91724
-5.91724
-5.91724
-5.91724
-5.91724
-5.91724
-5.91724
-5.91691
-5.91691
-5.91724
-5.91724
-5.91659
-5.91562
-5.91594
-5.91594
-5.91691
-5.91724
-5.91756
-5.91756
-5.91724
-5.91627
-5.91626
-5.91691
-5.91724
-5.91659
-5.91626
-5.91594
-5.91626
-5.91562
-5.91562
-5.91562
-5.91497
-5.91529
-5.91562
-5.91562
-5.91594
-5.91594
-5.91594
-5.91594
-5.91497
-5.91465
-5.91529
-5.91497
-5.91529
-5.91529
-5.91594
-5.91562
-5.91562
-5.91562
-5.91626
-5.91659
-5.91659
-5.91659
-5.91691
-5.91691
-5.91691
-5.91691
-5.91723
-5.91691
-5.91659
-5.91756
-5.91788
-5.9182
-5.9195
-5.9195
-5.91917
-5.9195
-5.9195
-5.91982
-5.91917
-5.91917
-5.91885
-5.9182
-5.91788
-5.91788
-5.91691
-5.91755
-5.91723
-5.91723
-5.91691
-5.91691
-5.91626
-5.91594
-5.91658
-5.91529
-5.91593
-5.91561
-5.91496
-5.91432
-5.91464
-5.91529
-5.91561
-5.91626
-5.91561
-5.91593
-5.91593
-5.91593
-5.91593
-5.91561
-5.91529
-5.91529
-5.91561
-5.91561
-5.91529
-5.91464
-5.91432
-5.91432
-5.91334
-5.91367
-5.91335
-5.91302
-5.91302
-5.91335
-5.91367
-5.91367
-5.91302
-5.91335
-5.91399
-5.91399
-5.91335
-5.91335
-5.91335
-5.91335
-5.91335
-5.91367
-5.91367
-5.91335
-5.91302
-5.91238
-5.91238
-5.65948
-5.65916
-5.65948
-5.65851
-5.65851
-5.65786
-5.65819
-5.65851
-5.65819
-5.65851
-5.65883
-5.65819
-5.65819
-5.65883
-5.65916
-5.65948
-5.6598
-5.65916
-5.65916
-5.65948
-5.6598
-5.65948
-5.6598
-5.65948
-5.66045
-5.65948
-5.6598
-5.66045
-5.66012
-5.66045
-5.66077
-5.66013
-5.66012
-5.66012
-5.66045
-5.66012
-5.66077
-5.66077
-5.66045
-5.66045
-5.66045
-5.66012
-5.66012
-5.66012
-5.6598
-5.66012
-5.66044
-5.66077
-5.66077
-5.66044
-5.66077
-5.66109
-5.66077
-5.66012
-5.65947
-5.66012
-5.66012
-5.66044
-5.66012
-5.65979
-5.66012
-5.66012
-5.66044
-5.66044
-5.66012
-5.66012
-5.66077
-5.66109
-5.66077
-5.66077
-5.66109
-5.66044
-5.66012
-5.66012
-5.66109
-5.66109
-5.66109
-5.66174
-5.66141
-5.66044
-5.66012
-5.66044
-5.66044
-5.66044
-5.66077
-5.66044
-5.66044
-5.66044
-5.66044
-5.66044
-5.66044
-5.6598
-5.66012
-5.66012
-5.66044
-5.66109
-5.66109
-5.66109
-5.66141
-5.66174
-5.66239
-5.66206
-5.66109
-5.66174
-5.66239
-5.66239
-5.66239
-5.66271
-5.66239
-5.66174
-5.66142
-5.66109
-5.66109
-5.66077
-5.66207
-5.66142
-5.6611
-5.6611
-5.6611
-5.66142
-5.66174
-5.66174
-5.66142
-5.66077
-5.66013
-5.6598
-5.65948
-5.65948
-5.65915
-5.65948
-5.65915
-5.65948
-5.65948
-5.6598
-5.66013
-5.6598
-5.65915
-5.65883
-5.65915
-5.65883
-5.65883
-5.65851
-5.65786
-5.65754
-5.65818
-5.65786
-5.65689
-5.65689
-5.65721
-5.65721
-5.65721
-5.65786
-5.65754
-5.65786
-5.65851
-5.65883
-5.65851
-5.65948
-5.65915
-5.65883
-5.65851
-5.65851
-5.65883
-5.65851
-5.65851
-5.65883
-5.65915
-5.65915
-5.65883
-5.65915
-5.65851
-5.65883
-5.65883
-5.65818
-5.6598
-5.6598
-5.66077
-5.66045
-5.6611
-5.66077
-5.66109
-5.66077
-5.66045
-5.66012
-5.65883
-5.65915
-5.65915
-5.6585
-5.65818
-5.65818
-5.6585
-5.6585
-5.65818
-5.65818
-5.65818
-5.65818
-5.65753
-5.65786
-5.65818
-5.65818
-5.65786
-5.65785
-5.65785
-5.65721
-5.65753
-5.65818
-5.65818
-5.65818
-5.6585
-5.65915
-5.65915
-5.65947
-5.65915
-5.65947
-5.6598
-5.66012
-5.66012
-5.66044
-5.65947
-5.65979
-5.66077
-5.66012
-5.66012
-5.65979
-5.66012
-5.65979
-5.65979
-5.66012
-5.66077
-5.66077
-5.66044
-5.66012
-5.66012
-5.66044
-5.66044
-5.66077
-5.66077
-5.66044
-5.66077
-5.66012
-5.66044
-5.66044
-5.66012
-5.65979
-5.65915
-5.65915
-5.65915
-5.65947
-5.65882
-5.65915
-5.65882
-5.65818
-5.65818
-5.65882
-5.65818
-5.65785
-5.65818
-5.65883
-5.65915
-5.65915
-5.65883
-5.65883
-5.65948
-5.6598
-5.6598
-5.6598
-5.65948
-5.65948
-5.6598
-5.6598
-5.6598
-5.65883
-5.65851
-5.65851
-5.65851
-5.65818
-5.65754
-5.65754
-5.65721
-5.65689
-5.65689
-5.65721
-5.65754
-5.65754
-5.65786
-5.65786
-5.65786
-5.65819
-5.65851
-5.65883
-5.65851
-5.65883
-5.65883
-5.65916
-5.65851
-5.65916
-5.65883
-5.65884
-5.65916
-5.65884
-5.65884
-5.65851
-5.65884
-5.65916
-5.65884
-5.65851
-5.65851
-5.65851
-5.65851
-5.65884
-5.65916
-5.65948
-5.65916
-5.65916
-5.65981
-5.65916
-5.66013
-5.66013
-5.66078
-5.66143
-5.66143
-5.66143
-5.66175
-5.66143
-5.66175
-5.66207
-5.66207
-5.66207
-5.6624
-5.6624
-5.6624
-5.6624
-5.6624
-5.66272
-5.66272
-5.6624
-5.66207
-5.66272
-5.66272
-5.6624
-5.6624
-5.66272
-5.66207
-5.66175
-5.66272
-5.66304
-5.66304
-5.66272
-5.66304
-5.66337
-5.66337
-5.66336
-5.66369
-5.66304
-5.66239
-5.66207
-5.66174
-5.66174
-5.6611
-5.66045
-5.66045
-5.66045
-5.66012
-5.66012
-5.66012
-5.6598
-5.66045
-5.65948
-5.65947
-5.65883
-5.65883
-5.65915
-5.65947
-5.6598
-5.6598
-5.6598
-5.6598
-5.6598
-5.66109
-5.66077
-5.66077
-5.66109
-5.66044
-5.66044
-5.6598
-5.66012
-5.6598
-5.65947
-5.65947
-5.6585
-5.65947
-5.66012
-5.65947
-5.66012
-5.6598
-5.65947
-5.65947
-5.65915
-5.65883
-5.6585
-5.6585
-5.65753
-5.65721
-5.65721
-5.65753
-5.65721
-5.65688
-5.65688
-5.65688
-5.65688
-5.65786
-5.65786
-5.65786
-5.65786
-5.6585
-5.65915
-5.65915
-5.65915
-5.65883
-5.65883
-5.65915
-5.65915
-5.65818
-5.6585
-5.65883
-5.6598
-5.65948
-5.65948
-5.66045
-5.66045
-5.66045
-5.66013
-5.66013
-5.6598
-5.6598
-5.65948
-5.65948
-5.65948
-5.65883
-5.65948
-5.6598
-5.66013
-5.66045
-5.66013
-5.66142
-5.6611
-5.66078
-5.66045
-5.6611
-5.66175
-5.66175
-5.66175
-5.66175
-5.66175
-5.66142
-5.66142
-5.66175
-5.66142
-5.66175
-5.66175
-5.66175
-5.66142
-5.6611
-5.6611
-5.6611
-5.66078
-5.66013
-5.6598
-5.6598
-5.66013
-5.66013
-5.6598
-5.66013
-5.6598
-5.65916
-5.65916
-5.65916
-5.6598
-5.65948
-5.65948
-5.6598
-5.6598
-5.65948
-5.65883
-5.65916
-5.65916
-5.65883
-5.65883
-5.65883
-5.65883
-5.65883
-5.65851
-5.65754
-5.65754
-5.65754
-5.65689
-5.65721
-5.65689
-5.65721
-5.65721
-5.65689
-5.65689
-5.65721
-5.65689
-5.65689
-5.65721
-5.65721
-5.65721
-5.65689
-5.65689
-5.65754
-5.65754
-5.65754
-5.65786
-5.65786
-5.65786
-5.65883
-5.65818
-5.65818
-5.65818
-5.65818
-5.65851
-5.65818
-5.65753
-5.65786
-5.65753
-5.65721
-5.65721
-5.65689
-5.65689
-5.65786
-5.65818
-5.65818
-5.65818
-5.65818
-5.65851
-5.65786
-5.65786
-5.65689
-5.65656
-5.65721
-5.65689
-5.65721
-5.65689
-5.65688
-5.65753
-5.65753
-5.65753
-5.65753
-5.6585
-5.6585
-5.65786
-5.65721
-5.65786
-5.65818
-5.6585
-5.6585
-5.6585
-5.65753
-5.65883
-5.65883
-5.65883
-5.65883
-5.65883
-5.65818
-5.65753
-5.65689
-5.65754
-5.65786
-5.65786
-5.65786
-5.65786
-5.65721
-5.65754
-5.65754
-5.65689
-5.65754
-5.65786
-5.65786
-5.65786
-5.65754
-5.65721
-5.65721
-5.65721
-5.65721
-5.65721
-5.65721
-5.65721
-5.65721
-5.65721
-5.65689
-5.65657
-5.65689
-5.65657
-5.65657
-5.65624
-5.65624
-5.65592
-5.6556
-5.6556
-5.65592
-5.65624
-5.6556
-5.6556
-5.65592
-5.65592
-5.65624
-5.65592
-5.65657
-5.65657
-5.65754
-5.65786
-5.65754
-5.65721
-5.65689
-5.65689
-5.65721
-5.65721
-5.65754
-5.65754
-5.65754
-5.65689
-5.65624
-5.65592
-5.65559
-5.65624
-5.65624
-5.65656
-5.65656
-5.65656
-5.65656
-5.65624
-5.65656
-5.65689
-5.65656
-5.65689
-5.65656
-5.65689
-5.65689
-5.65689
-5.65753
-5.65753
-5.65753
-5.65721
-5.65689
-5.65689
-5.65689
-5.65753
-5.65753
-5.65786
-5.65786
-5.65753
-5.65786
-5.65786
-5.65786
-5.65753
-5.65786
-5.65786
-5.65786
-5.65786
-5.65818
-5.65883
-5.65818
-5.65818
-5.65883
-5.65915
-5.65883
-5.65851
-5.65786
-5.65786
-5.65786
-5.65851
-5.65916
-5.65916
-5.6598
-5.65948
-5.65916
-5.65883
-5.65948
-5.65916
-5.65916
-5.65948
-5.65916
-5.65948
-5.6598
-5.66013
-5.6598
-5.65948
-5.6598
-5.66013
-5.6598
-5.6598
-5.66013
-5.66045
-5.66142
-5.66175
-5.66142
-5.6611
-5.66142
-5.66142
-5.6611
-5.6611
-5.6611
-5.6611
-5.66078
-5.6611
-5.66142
-5.66175
-5.66175
-5.66207
-5.66207
-5.66207
-5.6624
-5.66239
-5.66207
-5.66207
-5.66272
-5.6624
-5.6624
-5.6624
-5.66304
-5.66304
-5.66272
-5.66207
-5.66207
-5.66207
-5.66207
-5.66175
-5.66175
-5.6611
-5.6611
-5.66143
-5.6611
-5.66045
-5.65981
-5.65948
-5.65916
-5.65916
-5.65916
-5.65851
-5.65851
-5.65786
-5.65819
-5.65722
-5.65754
-5.65722
-5.65722
-5.65689
-5.65786
-5.65787
-5.65722
-5.65689
-5.65689
-5.65689
-5.65754
-5.65754
-5.65851
-5.65722
-5.65722
-5.65689
-5.65787
-5.65722
-5.65689
-5.6569
-5.6569
-5.6569
-5.65722
-5.65819
-5.65884
-5.65916
-5.65884
-5.65819
-5.65819
-5.65787
-5.65787
-5.65819
-5.65754
-5.65787
-5.65819
-5.65787
-5.65819
-5.65851
-5.65916
-5.65916
-5.65851
-5.65851
-5.65819
-5.65787
-5.65819
-5.65819
-5.65787
-5.65787
-5.65819
-5.65819
-5.65851
-5.65851
-5.65851
-5.65916
-5.65948
-5.65948
-5.66013
-5.66013
-5.65981
-5.66045
-5.65981
-5.65948
-5.65948
-5.65948
-5.65916
-5.65884
-5.65884
-5.65948
-5.65916
-5.65884
-5.65916
-5.65948
-5.65916
-5.65883
-5.65883
-5.65851
-5.65819
-5.65819
-5.65819
-5.65786
-5.65819
-5.65819
-5.65786
-5.65786
-5.65786
-5.65786
-5.65721
-5.65721
-5.65689
-5.65689
-5.65657
-5.65657
-5.65624
-5.65657
-5.65657
-5.65689
-5.65754
-5.65754
-5.65721
-5.65689
-5.65721
-5.65657
-5.65689
-5.65657
-5.65624
-5.65624
-5.65592
-5.6556
-5.65624
-5.65624
-5.65657
-5.65689
-5.65657
-5.65592
-5.65527
-5.65527
-5.65495
-5.65463
-5.65527
-5.65495
-5.65527
-5.65495
-5.65495
-5.65495
-5.65592
-5.65527
-5.65527
-5.65527
-5.65495
-5.65527
-5.65592
-5.65657
-5.65689
-5.65689
-5.65721
-5.65722
-5.65689
-5.65722
-5.65689
-5.65657
-5.65689
-5.65657
-5.65657
-5.65625
-5.65625
-5.65689
-5.65657
-5.65689
-5.65754
-5.65722
-5.65689
-5.65592
-5.65592
-5.65625
-5.65625
-5.65657
-5.65592
-5.65528
-5.6556
-5.65528
-5.65495
-5.65463
-5.65463
-5.65528
-5.65528
-5.6556
-5.65592
-5.6556
-5.6556
-5.65625
-5.65625
-5.65625
-5.65592
-5.65528
-5.6556
-5.6556
-5.65528
-5.65528
-5.6556
-5.65592
-5.65592
-5.65625
-5.65689
-5.65754
-5.65689
-5.65689
-5.65689
-5.65657
-5.65657
-5.65657
-5.65689
-5.65657
-5.65689
-5.65657
-5.65657
-5.65657
-5.65689
-5.65657
-5.65657
-5.65657
-5.65689
-5.65657
-5.65657
-5.65592
-5.65657
-5.65722
-5.65786
-5.65754
-5.65722
-5.65722
-5.65689
-5.65754
-5.65819
-5.65786
-5.65786
-5.65754
-5.65754
-5.65722
-5.65722
-5.65754
-5.65754
-5.65851
-5.65884
-5.65851
-5.65851
-5.65786
-5.65786
-5.65819
-5.65786
-5.65754
-5.65786
-5.65819
-5.65819
-5.65819
-5.65851
-5.65851
-5.65916
-5.65948
-5.65916
-5.65883
-5.65916
-5.65916
-5.65948
-5.65948
-5.66013
-5.6598
-5.6598
-5.66013
-5.6598
-5.6598
-5.6598
-5.66013
-5.66013
-5.66045
-5.66078
-5.66045
-5.49963
-5.49866
-5.49833
-5.49833
-5.49801
-5.49801
-5.49671
-5.49671
-5.49704
-5.49639
-5.49671
-5.49704
-5.49607
-5.49574
-5.49574
-5.49639
-5.49704
-5.49671
-5.49704
-5.49639
-5.49704
-5.49704
-5.49736
-5.49736
-5.49769
-5.49736
-5.49769
-5.49866
-5.49931
-5.49995
-5.49898
-5.49931
-5.49963
-5.49898
-5.49866
-5.49898
-5.49898
-5.49963
-5.50028
-5.50028
-5.49996
-5.50028
-5.49995
-5.50125
-5.50157
-5.50125
-5.50093
-5.50093
-5.5006
-5.5006
-5.50028
-5.50028
-5.5006
-5.5006
-5.50028
-5.50028
-5.49996
-5.49996
-5.50028
-5.50028
-5.50028
-5.49931
-5.49899
-5.49899
-5.49996
-5.49931
-5.49996
-5.49931
-5.49931
-5.49931
-5.49866
-5.49899
-5.49996
-5.49996
-5.49899
-5.49834
-5.49769
-5.49769
-5.49737
-5.49639
-5.49639
-5.49704
-5.49672
-5.49737
-5.49737
-5.49737
-5.49737
-5.49737
-5.49639
-5.49639
-5.49672
-5.49672
-5.49672
-5.49704
-5.49704
-5.49736
-5.49704
-5.49672
-5.49672
-5.49769
-5.49801
-5.49769
-5.49769
-5.49736
-5.49736
-5.49736
-5.49704
-5.49704
-5.49769
-5.49704
-5.49671
-5.49704
-5.49639
-5.49639
-5.49639
-5.49607
-5.49574
-5.49607
-5.49639
-5.49607
-5.49639
-5.49671
-5.49639
-5.49671
-5.49704
-5.49704
-5.49639
-5.49671
-5.49671
-5.49639
-5.49671
-5.49606
-5.49639
-5.49671
-5.49736
-5.49768
-5.49768
-5.49768
-5.49768
-5.49703
-5.49671
-5.49704
-5.49704
-5.49606
-5.49639
-5.49671
-5.49736
-5.49769
-5.49801
-5.49801
-5.49801
-5.49769
-5.49769
-5.49736
-5.49769
-5.49769
-5.49769
-5.49769
-5.49801
-5.49769
-5.49769
-5.49736
-5.49704
-5.49801
-5.49769
-5.49737
-5.49737
-5.49639
-5.49639
-5.49639
-5.49672
-5.4964
-5.49607
-5.49575
-5.49575
-5.49575
-5.49575
-5.49542
-5.49575
-5.4964
-5.4964
-5.49704
-5.49704
-5.49704
-5.49737
-5.49704
-5.49769
-5.49801
-5.49769
-5.49737
-5.49737
-5.49769
-5.49704
-5.49704
-5.49704
-5.49769
-5.49769
-5.49736
-5.49736
-5.49736
-5.49736
-5.49769
-5.49736
-5.49704
-5.49769
-5.49736
-5.49736
-5.49769
-5.49769
-5.49736
-5.49736
-5.49736
-5.49704
-5.49704
-5.49704
-5.49607
-5.49639
-5.49607
-5.49574
-5.49542
-5.49542
-5.49542
-5.49477
-5.49574
-5.4951
-5.4951
-5.4951
-5.4951
-5.49477
-5.49445
-5.49413
-5.49413
-5.49413
-5.49445
-5.49413
-5.49477
-5.49445
-5.49445
-5.49445
-5.4951
-5.49477
-5.4951
-5.4951
-5.4951
-5.49542
-5.49574
-5.49574
-5.49574
-5.49542
-5.49574
-5.49607
-5.49607
-5.49639
-5.49704
-5.49704
-5.49736
-5.49866
-5.49834
-5.49931
-5.49963
-5.49963
-5.49931
-5.49931
-5.49866
-5.49866
-5.49866
-5.49866
-5.49898
-5.49898
-5.49898
-5.49866
-5.49898
-5.49931
-5.49963
-5.49931
-5.49931
-5.49898
-5.49898
-5.49899
-5.49996
-5.49996
-5.49996
-5.49963
-5.49996
-5.5006
-5.50093
-5.50028
-5.50028
-5.49963
-5.49931
-5.49899
-5.49899
-5.49996
-5.50028
-5.49996
-5.49899
-5.49899
-5.49899
-5.49931
-5.49931
-5.50028
-5.50093
-5.50093
-5.50125
-5.50125
-5.50061
-5.50028
-5.49964
-5.49931
-5.49996
-5.49964
-5.50028
-5.49996
-5.49964
-5.49996
-5.49931
-5.49931
-5.49931
-5.49931
-5.49899
-5.49834
-5.49931
-5.49899
-5.49899
-5.49866
-5.49866
-5.49834
-5.49802
-5.49834
-5.49769
-5.49769
-5.49802
-5.49737
-5.49704
-5.49672
-5.49672
-5.49575
-5.49575
-5.49672
-5.49607
-5.49575
-5.49607
-5.49607
-5.49607
-5.49607
-5.49607
-5.49607
-5.49672
-5.49704
-5.49704
-5.49737
-5.49801
-5.49801
-5.49834
-5.49931
-5.49931
-5.49931
-5.49866
-5.49866
-5.49898
-5.49898
-5.49931
-5.49898
-5.49898
-5.49931
-5.49931
-5.49898
-5.49931
-5.49898
-5.49898
-5.49866
-5.49866
-5.49866
-5.49833
-5.49833
-5.49833
-5.49866
-5.49866
-5.49833
-5.49801
-5.49866
-5.49866
-5.49866
-5.49866
-5.49768
-5.49704
-5.49639
-5.49671
-5.49704
-5.49606
-5.49477
-5.49509
-5.49509
-5.49542
-5.49542
-5.49444
-5.4938
-5.49347
-5.49347
-5.49315
-5.49412
-5.4938
-5.49444
-5.49412
-5.49444
-5.49412
-5.49509
-5.49509
-5.49412
-5.49444
-5.49379
-5.49347
-5.49347
-5.49379
-5.49444
-5.49509
-5.49477
-5.49477
-5.49444
-5.49509
-5.49574
-5.49541
-5.49574
-5.49606
-5.49606
-5.49606
-5.49606
-5.49574
-5.49574
-5.49541
-5.49574
-5.49606
-5.49606
-5.49606
-5.49541
-5.49606
-5.49574
-5.49509
-5.49509
-5.49509
-5.49542
-5.49574
-5.49542
-5.49606
-5.49574
-5.49639
-5.49639
-5.49639
-5.49639
-5.49671
-5.49574
-5.49606
-5.49606
-5.49606
-5.49606
-5.49574
-5.49574
-5.49639
-5.49639
-5.49639
-5.49671
-5.49736
-5.49703
-5.49736
-5.49736
-5.49736
-5.49703
-5.49639
-5.49639
-5.49606
-5.49606
-5.49639
-5.49736
-5.49736
-5.49801
-5.49768
-5.49768
-5.49703
-5.49703
-5.49671
-5.49671
-5.49639
-5.49606
-5.49606
-5.49509
-5.49444
-5.49477
-5.49444
-5.49542
-5.49509
-5.49542
-5.49574
-5.49542
-5.49574
-5.49606
-5.49606
-5.49574
-5.49574
-5.49542
-5.49542
-5.49509
-5.49509
-5.49445
-5.49412
-5.49477
-5.49477
-5.49412
-5.49347
-5.4938
-5.49445
-5.49412
-5.49347
-5.49283
-5.49347
-5.49315
-5.49283
-5.49347
-5.49412
-5.49445
-5.49445
-5.49509
-5.49477
-5.49542
-5.49542
-5.49574
-5.49509
-5.49509
-5.49607
-5.49639
-5.49607
-5.49574
-5.49574
-5.49574
-5.49542
-5.49574
-5.4951
-5.4951
-5.4951
-5.4951
-5.4951
-5.4951
-5.49542
-5.49542
-5.4951
-5.4951
-5.4951
-5.49575
-5.49575
-5.49607
-5.49575
-5.49542
-5.4951
-5.4951
-5.49478
-5.49445
-5.4951
-5.49478
-5.4951
-5.49607
-5.4964
-5.49607
-5.49575
-5.49607
-5.49672
-5.49672
-5.49672
-5.49672
-5.49672
-5.49737
-5.49704
-5.49672
-5.49769
-5.49801
-5.49801
-5.49769
-5.49769
-5.49704
-5.49672
-5.49737
-5.49704
-5.49737
-5.49769
-5.49737
-5.49769
-5.49769
-5.49769
-5.49769
-5.49704
-5.49704
-5.49736
-5.49736
-5.49672
-5.49671
-5.49671
-5.49671
-5.49639
-5.49607
-5.49768
-5.49768
-5.49736
-5.49768
-5.49639
-5.49606
-5.49639
-5.49704
-5.49704
-5.49671
-5.49639
-5.49639
-5.49639
-5.49639
-5.49639
-5.49671
-5.49671
-5.49671
-5.49703
-5.49703
-5.49671
-5.49736
-5.49768
-5.49639
-5.49574
-5.49574
-5.49574
-5.49606
-5.49703
-5.49703
-5.49736
-5.49736
-5.49736
-5.49703
-5.49671
-5.49671
-5.49703
-5.49703
-5.49768
-5.49736
-5.49639
-5.49606
-5.49574
-5.49574
-5.49606
-5.49606
-5.49574
-5.49574
-5.49509
-5.49477
-5.49445
-5.49445
-5.49542
-5.49574
-5.49542
-5.49509
-5.49542
-5.49509
-5.49509
-5.49477
-5.49477
-5.49542
-5.49509
-5.49542
-5.49574
-5.49574
-5.49574
-5.49574
-5.49574
-5.49607
-5.49639
-5.49607
-5.49607
-5.49574
-5.49607
-5.49574
-5.49574
-5.49542
-5.49542
-5.49574
-5.49542
-5.49574
-5.49607
-5.49607
-5.49574
-5.49639
-5.49769
-5.49768
-5.49768
-5.49736
-5.49736
-5.49768
-5.49768
-5.49768
-5.49833
-5.49801
-5.49801
-5.49801
-5.49801
-5.49833
-5.49801
-5.49865
-5.49963
-5.49963
-5.4993
-5.49962
-5.49995
-5.49995
-5.49995
-5.5006
-5.5006
-5.50124
-5.50124
-5.50092
-5.5006
-5.49995
-5.4993
-5.4993
-5.50027
-5.49963
-5.49898
-5.49898
-5.49865
-5.49865
-5.49865
-5.49833
-5.49801
-5.49801
-5.49768
-5.49801
-5.49801
-5.49769
-5.49769
-5.49736
-5.49704
-5.49704
-5.49801
-5.49801
-5.49801
-5.49769
-5.49769
-5.49866
-5.49833
-5.49898
-5.49898
-5.49866
-5.49833
-5.49931
-5.49963
-5.49963
-5.49963
-5.49963
-5.49931
-5.49963
-5.49963
-5.49963
-5.49963
-5.49996
-5.49931
-5.49931
-5.49898
-5.49866
-5.49866
-5.49898
-5.49898
-5.49834
-5.49834
-5.49834
-5.49834
-5.49834
-5.49866
-5.49899
-5.49866
-5.49834
-5.49769
-5.49801
-5.49834
-5.49866
-5.49866
-5.49899
-5.49963
-5.49931
-5.49931
-5.49866
-5.49899
-5.49963
-5.49963
-5.49963
-5.49963
-5.49996
-5.49996
-5.5006
-5.49996
-5.50028
-5.50093
-5.50093
-5.5006
-5.49996
-5.49963
-5.49963
-5.49931
-5.49898
-5.49931
-5.49898
-5.49898
-5.49898
-5.49898
-5.49898
-5.49898
-5.49898
-5.49931
-5.49898
-5.49898
-5.49898
-5.49963
-5.49996
-5.49996
-5.49963
-5.49996
-5.49996
-5.49931
-5.49801
-5.49801
-5.49834
-5.49834
-5.49866
-5.49898
-5.49963
-5.49931
-5.49931
-5.49931
-5.49931
-5.49995
-5.49963
-5.49963
-5.49931
-5.50028
-5.50028
-5.50028
-5.5006
-5.49931
-5.49963
-5.49963
-5.49866
-5.49898
-5.49833
-5.49769
-5.49769
-5.49704
-5.49736
-5.49736
-5.49671
-5.49606
-5.49574
-5.49639
-5.49639
-5.49606
-5.49606
-5.49574
-5.49606
-5.49639
-5.49671
-5.49639
-5.49671
-5.49639
-5.49703
-5.49671
-5.49671
-5.49638
-5.49638
-5.49671
-5.49671
-5.49768
-5.49735
-5.49768
-5.49703
-5.49703
-5.49671
-5.49735
-5.49735
-5.49671
-5.49606
-5.49509
-5.49509
-5.49541
-5.49606
-5.49574
-5.49703
-5.49703
-5.49703
-5.49671
-5.49703
-5.49768
-5.498
-5.49833
-5.49768
-5.498
-5.49703
-5.49703
-5.49703
-5.49703
-5.49736
-5.49768
-5.49736
-5.49736
-5.49703
-5.49736
-5.49736
-5.49736
-5.49736
-5.49736
-5.49736
-5.49736
-5.49671
-5.49671
-5.49639
-5.49639
-5.49606
-5.49606
-5.49606
-5.49639
-5.49639
-5.49639
-5.49639
-5.49639
-5.49639
-5.49606
-5.49574
-5.49542
-5.49574
-5.49574
-5.49574
-5.49509
-5.49509
-5.49509
-5.49574
-5.49607
-5.49639
-5.49639
-5.49639
-5.49639
-5.49671
-5.49704
-5.49704
-5.49704
-5.49671
-5.49671
-5.49671
-5.49704
-5.49671
-5.49607
-5.49574
-5.49607
-5.49574
-5.49477
-5.49412
-5.49412
-5.49347
-5.49315
-5.49315
-5.49347
-5.49347
-5.49347
-5.49315
-5.49315
-5.49315
-5.49282
-5.49282
-5.4925
-5.49218
-5.49218
-5.49218
-5.49185
-5.49185
-5.49185
-5.49217
-5.49185
-5.4912
-5.49153
-5.49185
-5.49153
-5.49185
-5.49218
-5.4925
-5.4925
-5.49347
-5.49217
-5.49217
-5.49282
-5.49282
-5.49282
-5.49347
-5.49314
-5.49314
-5.49347
-5.49314
-5.49314
-5.49379
-5.49347
-5.49314
-5.49347
-5.49379
-5.49444
-5.42977
-5.42912
-5.42912
-5.42912
-5.42945
-5.42977
-5.43042
-5.43074
-5.42977
-5.43009
-5.43009
-5.43009
-5.43042
-5.43042
-5.43009
-5.42945
-5.42945
-5.42977
-5.43042
-5.43009
-5.43009
-5.43009
-5.43009
-5.43106
-5.43042
-5.43042
-5.43042
-5.43009
-5.42945
-5.42945
-5.43009
-5.43074
-5.43074
-5.43139
-5.43106
-5.43074
-5.43074
-5.43074
-5.43106
-5.43042
-5.43042
-5.43074
-5.43074
-5.43042
-5.43074
-5.43204
-5.43236
-5.43268
-5.43204
-5.43269
-5.43236
-5.43301
-5.43269
-5.43269
-5.43301
-5.43333
-5.43366
-5.43398
-5.43398
-5.43463
-5.43528
-5.43528
-5.43528
-5.43528
-5.4356
-5.43625
-5.43657
-5.43625
-5.43592
-5.4356
-5.43625
-5.4356
-5.43625
-5.43625
-5.43657
-5.43689
-5.43657
-5.43689
-5.43657
-5.43689
-5.43722
-5.43657
-5.43689
-5.43625
-5.43592
-5.43592
-5.4356
-5.4356
-5.43527
-5.4356
-5.43527
-5.43527
-5.43527
-5.4356
-5.4356
-5.43495
-5.43527
-5.4356
-5.43592
-5.43592
-5.4356
-5.4356
-5.43495
-5.43463
-5.43463
-5.43495
-5.43463
-5.43366
-5.43366
-5.43366
-5.43398
-5.43398
-5.43398
-5.4343
-5.43398
-5.43398
-5.43398
-5.4343
-5.4343
-5.43527
-5.4356
-5.43527
-5.43625
-5.43657
-5.43625
-5.43657
-5.43592
-5.43592
-5.43592
-5.4356
-5.43592
-5.43592
-5.43624
-5.43657
-5.43657
-5.43657
-5.43657
-5.43657
-5.43624
-5.43624
-5.43624
-5.43592
-5.43624
-5.43657
-5.43657
-5.43592
-5.43592
-5.43657
-5.43624
-5.43624
-5.43818
-5.43689
-5.43657
-5.43592
-5.43592
-5.43592
-5.43624
-5.43592
-5.43592
-5.4356
-5.43592
-5.43592
-5.43592
-5.4356
-5.43527
-5.4356
-5.43527
-5.43592
-5.43592
-5.4356
-5.4356
-5.43624
-5.43527
-5.43495
-5.43462
-5.43495
-5.43527
-5.4356
-5.4356
-5.43592
-5.43527
-5.43462
-5.4343
-5.43398
-5.43398
-5.43333
-5.43365
-5.43398
-5.43365
-5.43365
-5.43398
-5.43365
-5.43365
-5.43365
-5.43398
-5.43365
-5.43398
-5.4343
-5.43365
-5.43462
-5.43495
-5.43495
-5.43462
-5.43398
-5.4343
-5.43495
-5.4343
-5.4343
-5.4343
-5.43333
-5.43301
-5.43301
-5.43268
-5.43301
-5.43333
-5.43365
-5.43365
-5.43333
-5.43398
-5.4343
-5.43398
-5.43462
-5.43495
-5.43527
-5.4343
-5.4343
-5.43365
-5.43268
-5.43268
-5.43268
-5.43171
-5.43074
-5.43009
-5.42944
-5.42977
-5.42944
-5.4288
-5.42977
-5.43009
-5.42977
-5.43009
-5.42977
-5.43041
-5.43041
-5.43074
-5.43009
-5.43009
-5.43041
-5.43009
-5.43074
-5.43074
-5.43074
-5.43106
-5.43106
-5.43106
-5.43074
-5.43041
-5.43041
-5.43009
-5.42977
-5.42944
-5.42944
-5.42912
-5.42879
-5.42944
-5.42912
-5.42944
-5.42944
-5.42879
-5.42847
-5.42912
-5.42912
-5.42944
-5.42976
-5.43009
-5.43041
-5.43009
-5.43009
-5.42977
-5.42977
-5.42977
-5.42944
-5.42912
-5.42976
-5.42976
-5.42977
-5.42977
-5.42977
-5.43041
-5.43074
-5.43074
-5.43074
-5.43041
-5.43009
-5.43074
-5.43139
-5.43171
-5.43236
-5.43203
-5.43171
-5.43171
-5.43139
-5.43139
-5.43139
-5.43106
-5.43139
-5.43139
-5.43171
-5.43268
-5.43268
-5.43268
-5.43139
-5.43139
-5.43106
-5.43106
-5.43106
-5.43106
-5.43106
-5.43139
-5.43139
-5.43139
-5.43236
-5.43268
-5.43268
-5.43333
-5.43301
-5.43301
-5.43301
-5.43301
-5.43204
-5.43204
-5.43301
-5.43301
-5.43301
-5.43301
-5.43333
-5.43333
-5.43333
-5.4343
-5.4343
-5.4343
-5.43495
-5.43495
-5.43495
-5.43527
-5.4356
-5.4356
-5.43657
-5.43657
-5.43754
-5.43689
-5.43689
-5.43689
-5.43689
-5.43689
-5.43786
-5.43786
-5.43754
-5.43786
-5.43819
-5.43819
-5.43786
-5.43786
-5.43754
-5.43786
-5.43786
-5.43818
-5.43754
-5.43721
-5.43721
-5.43721
-5.43689
-5.43657
-5.43559
-5.43527
-5.43495
-5.43495
-5.4343
-5.43397
-5.43397
-5.43365
-5.43397
-5.4343
-5.43462
-5.4343
-5.4343
-5.43397
-5.43397
-5.43397
-5.43397
-5.43397
-5.43365
-5.43365
-5.43365
-5.43365
-5.43333
-5.433
-5.43268
-5.43268
-5.43268
-5.43365
-5.4343
-5.43462
-5.43462
-5.43462
-5.43462
-5.4343
-5.43333
-5.43397
-5.43462
-5.43462
-5.43462
-5.43462
-5.43462
-5.43462
-5.43397
-5.43462
-5.43462
-5.43559
-5.43592
-5.43559
-5.43559
-5.43624
-5.43592
-5.43592
-5.43559
-5.43527
-5.43527
-5.4356
-5.43527
-5.43527
-5.4356
-5.43559
-5.43559
-5.43527
-5.43527
-5.43462
-5.43462
-5.4343
-5.43365
-5.43398
-5.43398
-5.4343
-5.43398
-5.43365
-5.43301
-5.43301
-5.43301
-5.43301
-5.43301
-5.43268
-5.43268
-5.43268
-5.43236
-5.43203
-5.43139
-5.43106
-5.43106
-5.43041
-5.43106
-5.43074
-5.43074
-5.43074
-5.43139
-5.43139
-5.43042
-5.43009
-5.43042
-5.43042
-5.43106
-5.43139
-5.43139
-5.43171
-5.43139
-5.43106
-5.43139
-5.43171
-5.43171
-5.43171
-5.43139
-5.43042
-5.43009
-5.43042
-5.43009
-5.43009
-5.43009
-5.43009
-5.43009
-5.43042
-5.43074
-5.43074
-5.43106
-5.43139
-5.43171
-5.43139
-5.43171
-5.43204
-5.43106
-5.43106
-5.43074
-5.43106
-5.43139
-5.43106
-5.43139
-5.43139
-5.43171
-5.43171
-5.43171
-5.43204
-5.43236
-5.43204
-5.43204
-5.43139
-5.43106
-5.43106
-5.43074
-5.43042
-5.42977
-5.42945
-5.42945
-5.43074
-5.43074
-5.43074
-5.43107
-5.43107
-5.43139
-5.43171
-5.43171
-5.43171
-5.43139
-5.43107
-5.43042
-5.43074
-5.43139
-5.43139
-5.43204
-5.43236
-5.43269
-5.43269
-5.43301
-5.43236
-5.43301
-5.43301
-5.43366
-5.43366
-5.43366
-5.43366
-5.43333
-5.43366
-5.43301
-5.43301
-5.43301
-5.43269
-5.43269
-5.43269
-5.43301
-5.43333
-5.43333
-5.43366
-5.43333
-5.43301
-5.43204
-5.43236
-5.43236
-5.43269
-5.43269
-5.43301
-5.43268
-5.43268
-5.43301
-5.43171
-5.43171
-5.43204
-5.43204
-5.43204
-5.43236
-5.43204
-5.43204
-5.43268
-5.43268
-5.43236
-5.43236
-5.43268
-5.43268
-5.43268
-5.43268
-5.43268
-5.433
-5.433
-5.433
-5.43268
-5.43365
-5.43365
-5.43333
-5.43268
-5.43235
-5.43171
-5.43203
-5.43203
-5.4317
-5.43203
-5.43235
-5.43203
-5.43267
-5.43267
-5.43235
-5.43203
-5.43138
-5.43203
-5.43235
-5.43138
-5.4317
-5.43235
-5.43235
-5.43364
-5.43364
-5.43364
-5.43267
-5.433
-5.433
-5.433
-5.433
-5.43397
-5.43429
-5.43397
-5.43462
-5.43364
-5.43235
-5.43202
-5.4317
-5.4317
-5.4317
-5.4317
-5.43105
-5.43105
-5.43138
-5.43138
-5.43203
-5.43268
-5.43268
-5.43332
-5.43268
-5.43268
-5.43235
-5.43235
-5.43203
-5.43235
-5.43236
-5.43235
-5.43203
-5.43203
-5.43203
-5.43171
-5.43139
-5.43171
-5.43236
-5.43236
-5.43204
-5.43268
-5.43268
-5.43268
-5.43268
-5.43268
-5.43204
-5.43236
-5.43204
-5.43171
-5.43139
-5.43107
-5.43074
-5.43074
-5.43074
-5.43074
-5.43042
-5.4301
-5.4301
-5.4301
-5.43042
-5.43042
-5.43107
-5.43074
-5.43074
-5.43107
-5.43074
-5.43042
-5.43042
-5.43042
-5.4301
-5.4301
-5.42977
-5.42977
-5.42977
-5.42912
-5.42912
-5.42912
-5.42848
-5.42783
-5.42783
-5.42783
-5.42783
-5.42815
-5.42815
-5.42847
-5.42847
-5.4288
-5.42912
-5.42944
-5.42977
-5.43042
-5.43042
-5.42977
-5.42977
-5.42944
-5.42912
-5.42912
-5.42912
-5.42944
-5.42977
-5.42976
-5.43041
-5.42976
-5.42944
-5.42944
-5.42944
-5.43041
-5.43074
-5.43106
-5.43106
-5.43073
-5.43073
-5.43073
-5.43041
-5.43041
-5.43041
-5.43041
-5.43138
-5.43106
-5.43073
-5.43073
-5.43073
-5.43073
-5.43008
-5.42976
-5.42976
-5.42944
-5.42944
-5.42944
-5.42944
-5.42976
-5.42944
-5.42944
-5.42944
-5.42944
-5.42911
-5.42911
-5.42879
-5.42847
-5.42879
-5.42879
-5.42944
-5.42911
-5.43009
-5.43009
-5.43041
-5.43041
-5.43041
-5.43138
-5.43171
-5.43171
-5.43203
-5.43171
-5.43138
-5.43138
-5.43139
-5.43106
-5.43041
-5.43009
-5.43074
-5.43106
-5.43171
-5.43139
-5.43204
-5.43204
-5.43204
-5.43171
-5.43171
-5.43171
-5.43106
-5.43106
-5.43171
-5.43171
-5.43236
-5.43236
-5.43236
-5.43236
-5.43139
-5.43236
-5.43268
-5.43268
-5.43268
-5.43236
-5.43301
-5.43333
-5.43365
-5.43366
-5.43301
-5.43236
-5.43171
-5.43171
-5.43236
-5.43301
-5.43268
-5.43365
-5.43301
-5.43301
-5.43333
-5.43365
-5.43333
-5.43398
-5.4343
-5.4343
-5.43398
-5.43365
-5.43365
-5.43398
-5.43398
-5.43365
-5.43333
-5.43301
-5.43333
-5.43333
-5.43268
-5.43268
-5.43301
-5.43333
-5.43333
-5.43398
-5.43462
-5.43398
-5.43462
-5.4343
-5.43365
-5.43365
-5.43398
-5.43398
-5.43398
-5.43365
-5.433
-5.43268
-5.43236
-5.43268
-5.43236
-5.43268
-5.43268
-5.43236
-5.433
-5.43301
-5.43301
-5.43301
-5.43301
-5.43301
-5.43333
-5.43398
-5.4343
-5.4343
-5.43462
-5.4343
-5.43495
-5.43495
-5.43495
-5.4343
-5.43462
-5.43495
-5.4343
-5.43398
-5.43398
-5.43463
-5.4343
-5.43463
-5.43463
-5.43398
-5.43398
-5.43398
-5.43365
-5.43366
-5.43333
-5.43301
-5.43301
-5.43333
-5.43268
-5.43268
-5.43268
-5.43204
-5.43204
-5.43204
-5.43171
-5.43203
-5.43203
-5.43203
-5.43203
-5.43171
-5.43106
-5.43139
-5.43106
-5.43041
-5.43009
-5.43009
-5.42912
-5.42944
-5.43009
-5.42977
-5.42977
-5.42912
-5.43009
-5.43009
-5.43074
-5.43009
-5.43009
-5.43009
-5.42976
-5.42944
-5.42976
-5.42976
-5.43041
-5.43041
-5.43074
-5.43074
-5.43074
-5.43009
-5.43041
-5.43041
-5.43073
-5.43138
-5.43073
-5.43073
-5.43073
-5.43106
-5.43138
-5.43203
-5.4317
-5.43203
-5.43235
-5.43397
-5.43332
-5.43365
-5.43397
-5.43429
-5.43527
-5.43462
-5.43462
-5.43462
-5.43494
-5.43462
-5.4343
-5.43397
-5.4343
-5.43462
-5.43462
-5.43462
-5.43527
-5.43494
-5.43462
-5.4343
-5.43462
-5.43462
-5.4343
-5.43462
-5.43527
-5.43527
-5.43527
-5.43527
-5.4343
-5.4343
-5.43397
-5.43333
-5.433
-5.433
-5.43268
-5.43268
-5.43333
-5.43365
-5.43268
-5.43203
-5.43138
-5.43203
-5.43073
-5.43009
-5.42976
-5.42976
-5.43009
-5.43009
-5.42976
-5.43073
-5.43041
-5.43073
-5.43009
-5.43009
-5.42976
-5.43009
-5.42976
-5.43202
-5.43202
-5.43202
-5.4317
-5.4317
-5.43137
-5.4317
-5.4317
-5.4317
-5.43105
-5.43137
-5.4304
-5.43105
-5.43137
-5.43137
-5.43202
-5.43169
-5.43137
-5.43105
-5.43105
-5.43105
-5.43137
-5.43137
-5.43169
-5.43169
-5.43137
-5.43137
-5.4317
-5.43137
-5.43137
-5.43137
-5.43105
-5.43137
-5.43137
-5.4317
-5.43137
-5.4317
-5.43105
-5.43105
-5.43105
-5.43105
-5.4304
-5.43105
-5.43137
-5.43202
-5.43137
-5.43235
-5.43202
-5.43267
-5.43235
-5.43202
-5.43202
-5.43202
-5.4317
-5.4317
-5.43235
-5.43138
-5.43138
-5.43105
-5.43138
-5.43073
-5.4304
-5.42976
-5.43008
-5.43008
-5.43073
-5.43041
-5.43073
-5.43073
-5.43041
-5.43008
-5.43041
-5.43008
-5.43041
-5.42944
-5.42846
-5.42782
-5.42814
-5.42814
-5.42782
-5.42814
-5.42782
-5.42782
-5.42782
-5.42717
-5.42717
-5.42749
-5.42782
-5.42782
-5.42814
-5.42814
-5.42749
-5.42749
-5.42685
-5.42717
-5.42717
-5.42749
-5.42717
-5.42749
-5.42717
-5.42717
-5.42749
-5.42685
-5.42685
-5.42685
-5.42685
-5.42685
-5.4262
-5.4262
-5.4262
-5.42587
-5.4262
-5.42652
-5.42749
-5.42814
-5.42781
-5.42749
-5.42846
-5.42878
-5.42846
-5.42846
-5.42943
-5.42911
-5.42878
-5.42878
-5.42943
-5.42975
-5.43008
-5.42975
-5.4291
-5.4291
-5.4291
-5.4291
-5.4291
-5.42975
-5.42878
-5.42878
-5.42845
-5.42878
-5.4291
-5.4291
-5.4291
-5.42813
-5.42845
-5.4291
-5.4291
-5.4291
-5.42943
-5.43007
-5.42975
-5.43007
-5.43007
-5.42975
-5.42975
-5.43007
-5.4304
-5.43072
-5.4304
-5.4304
-5.43072
-5.43072
-5.4304
-5.43105
-5.43202
-5.43234
-5.43202
-5.43202
-5.43234
-5.43266
-5.43234
-5.43234
-5.43299
-5.43299
-5.43299
-5.43331
-5.43299
-5.43299
-5.43331
-5.43364
-5.43299
-5.43364
-5.43331
-5.43331
-5.43267
-5.43299
-5.43493
-5.43429
-5.43429
-5.43461
-5.43461
-5.43396
-5.43364
-5.43299
-5.43299
-5.43299
-5.43331
-5.43364
-5.43364
-5.43331
-5.43299
-5.43234
-5.43202
-5.43202
-5.43137
-5.43137
-5.43105
-5.43137
-5.43105
-5.43105
-5.43105
-5.43105
-5.43137
-5.43073
-5.4317
-5.43202
-5.43137
-5.43202
-5.4317
-5.4317
-5.43137
-5.43202
-5.43202
-5.43202
-5.43202
-5.43235
-5.43332
-5.43299
-5.43267
-5.4317
-5.4317
-5.4317
-5.4317
-5.43105
-5.43202
-5.4317
-5.43138
-5.43105
-5.4304
-5.4304
-5.42976
-5.4304
-5.43105
-5.43041
-5.43105
-5.43105
-5.43073
-5.43105
-5.43041
-5.42976
-5.43041
-5.43041
-5.43138
-5.43138
-5.43138
-5.43138
-5.43105
-5.43073
-5.43073
-5.4317
-5.43138
-5.43105
-5.43073
-5.43105
-5.43105
-5.43105
-5.43105
-5.43138
-5.43138
-5.43138
-5.43138
-5.4317
-5.4317
-5.43138
-5.43138
-5.4317
-5.4317
-5.43138
-5.43105
-5.43105
-5.43105
-5.43041
-5.42943
-5.42976
-5.43008
-5.43041
-5.43008
-5.43073
-5.43041
-5.43041
-5.43073
-5.43073
-5.43073
-5.43041
-5.43073
-5.43073
-5.43008
-5.42976
-5.43008
-5.43008
-5.43041
-5.43041
-5.43041
-5.43008
-5.43008
-5.43008
-5.42976
-5.42976
-5.42943
-5.42943
-5.42911
-5.42943
-5.42911
-5.42911
-5.42943
-5.43008
-5.42976
-5.42976
-5.42976
-5.42944
-5.43008
-5.43041
-5.43008
-5.43041
-5.43041
-5.43008
-5.43008
-5.43041
-5.43041
-5.43041
-5.4317
-5.43203
-5.43203
-5.43203
-5.43235
-5.43203
-5.4317
-5.43138
-5.4317
-5.43235
-5.43235
-5.43203
-5.43235
-5.43267
-5.433
-5.43268
-5.43268
-5.43268
-5.43268
-5.43235
-5.43268
-5.43235
-5.43268
-5.43268
-5.43235
-5.43235
-5.43235
-5.4317
-5.43138
-5.43235
-5.43268
-5.43268
-5.43268
-5.43235
-5.43203
-5.43203
-5.43203
-5.43235
-5.43268
-5.43268
-5.43203
-5.43235
-5.43235
-5.43203
-5.43268
-5.433
-5.433
-5.433
-5.43332
-5.433
-5.433
-5.43332
-5.43332
-5.43332
-5.43332
-5.43365
-5.433
-5.43332
-5.43332
-5.43332
-5.43462
-5.43462
-5.43462
-5.43462
-5.43462
-5.43526
-5.43494
-5.43494
-5.43494
-5.43526
-5.43494
-5.43462
-5.43462
-5.43494
-5.43462
-5.43462
-5.43462
-5.43462
-5.43462
-5.43494
-5.43526
-5.43462
-5.43462
-5.43429
-5.43397
-5.43429
-5.43397
-5.43397
-5.43462
-5.43462
-5.43462
-5.43526
-5.43494
-5.43462
-5.43494
-5.43462
-5.43494
-5.43526
-5.43494
-5.43462
-5.43494
-5.43494
-5.43364
-5.43364
-5.43397
-5.43364
-5.43397
-5.43397
-5.43397
-5.43332
-5.43332
-5.43332
-5.43429
-5.43364
-5.43397
-5.43397
-5.43397
-5.43461
-5.43494
-5.43429
-5.43494
-5.43461
-5.43429
-5.43397
-5.43397
-5.43397
-5.43397
-5.43364
-5.43364
-5.43332
-5.43332
-5.43332
-5.43332
-5.43332
-5.43332
-5.43364
-5.43429
-5.43429
-5.43494
-5.43494
-5.43461
-5.43494
-5.43494
-5.43461
-5.43494
-5.43461
-5.43364
-5.43364
-5.433
-5.433
-5.43365
-5.43332
-5.43365
-5.43397
-5.43397
-5.43397
-5.43397
-5.43332
-5.43365
-5.43365
-5.43365
-5.43429
-5.43462
-5.43462
-5.43462
-5.43462
-5.43494
-5.43494
-5.43624
-5.43559
-5.43527
-5.43559
-5.43527
-5.43527
-5.43494
-5.43624
-5.43656
-5.43624
-5.43624
-5.43656
-5.43624
-5.43624
-5.43591
-5.43624
-5.43656
-5.43656
-5.43591
-5.43559
-5.43462
-5.43462
-5.43494
-5.43494
-5.43462
-5.43494
-5.43462
-5.43429
-5.43397
-5.43365
-5.43332
-5.43268
-5.433
-5.433
-5.43365
-5.43332
-5.43332
-5.43332
-5.433
-5.433
-5.43267
-5.433
-5.433
-5.43267
-5.433
-5.433
-5.43267
-5.433
-5.43397
-5.43429
-5.43429
-5.43494
-5.43462
-5.43494
-5.43429
-5.43462
-5.43429
-5.43397
-5.43332
-5.433
-5.43268
-5.43268
-5.43365
-5.43365
-5.43365
-5.433
-5.43203
-5.43235
-5.433
-5.433
-5.43235
-5.43268
-5.43203
-5.43203
-5.4317
-5.43203
-5.43203
-5.43138
-5.43073
-5.43106
-5.43138
-5.43268
-5.43332
-5.43397
-5.4343
-5.43397
-5.43397
-5.43462
-5.43494
-5.43462
-5.43494
-5.43397
-5.43397
-5.43365
-5.43397
-5.43365
-5.43332
-5.43332
-5.43429
-5.43462
-5.43494
-5.43527
-5.43429
-5.43397
-5.43365
-5.43365
-5.43268
-5.43268
-5.433
-5.433
-5.43235
-5.43267
-5.43235
-5.43203
-5.43203
-5.43235
-5.43203
-5.43235
-5.43203
-5.4317
-5.4317
-5.43105
-5.4317
-5.43203
-5.43203
-5.43203
-5.43235
-5.43235
-5.43267
-5.433
-5.43397
-5.43397
-5.43397
-5.43397
-5.43429
-5.43461
-5.43429
-5.43461
-5.43429
-5.43364
-5.43429
-5.43396
-5.43396
-5.43429
-5.43461
-5.43396
-5.43396
-5.43461
-5.43396
-5.43396
-5.43331
-5.43364
-5.43396
-5.43364
-5.43364
-5.43429
-5.43364
-5.43364
-5.43428
-5.43461
-5.43461
-5.43428
-5.43428
-5.43428
-5.43428
-5.43428
-5.43364
-5.43396
-5.43428
-5.43461
-5.43493
-5.43461
-5.43493
-5.43493
-5.43493
-5.43558
-5.43558
-5.43526
-5.43558
-5.4359
-5.43558
-5.43591
-5.43591
-5.43591
-5.43558
-5.43558
-5.43558
-5.43558
-5.43493
-5.43396
-5.43396
-5.43493
-5.43429
-5.43461
-5.43461
-5.43526
-5.43526
-5.43526
-5.43526
-5.43591
-5.43526
-5.43494
-5.43461
-5.43461
-5.43494
-5.43461
-5.43461
-5.43526
-5.43559
-5.43591
-5.43591
-5.43591
-5.43591
-5.43559
-5.43526
-5.43494
-5.43526
-5.43526
-5.43494
-5.43494
-5.43559
-5.43623
-5.43623
-5.43559
-5.43526
-5.43494
-5.43526
-5.43494
-5.43526
-5.43526
-5.43526
-5.43494
-5.43494
-5.43429
-5.43397
-5.43429
-5.43462
-5.43462
-5.43462
-5.43462
-5.43494
-5.43429
-5.43429
-5.43429
-5.43461
-5.43429
-5.43559
-5.43559
-5.43526
-5.43494
-5.43526
-5.43526
-5.43526
-5.43494
-5.43494
-5.43494
-5.43623
-5.43623
-5.43623
-5.43688
-5.43656
-5.43656
-5.43559
-5.43494
-5.43494
-5.43494
-5.43462
-5.43462
-5.43494
-5.43526
-5.43494
-5.43494
-5.43526
-5.43526
-5.43494
-5.43494
-5.43461
-5.43461
-5.43397
-5.43397
-5.43364
-5.43332
-5.43364
-5.43429
-5.43396
-5.43429
-5.43396
-5.43396
-5.43267
-5.43332
-5.43331
-5.43331
-5.43364
-5.43331
-5.43364
-5.43428
-5.43428
-5.43396
-5.43396
-5.43461
-5.43428
-5.43428
-5.43428
-5.43493
-5.43396
-5.43363
-5.43396
-5.43428
-5.43396
-5.43428
-5.43363
-5.43396
-5.43363
-5.43331
-5.43331
-5.43363
-5.43396
-5.43331
-5.43331
-5.43299
-5.43299
-5.43331
-5.43331
-5.43299
-5.43299
-5.43299
-5.43299
-5.43299
-5.43234
-5.43202
-5.43137
-5.43169
-5.43201
-5.43201
-5.43234
-5.43234
-5.43169
-5.43104
-5.43169
-5.43202
-5.43234
-5.43202
-5.43137
-5.43169
-5.43137
-5.43169
-5.43202
-5.43202
-5.43202
-5.43202
-5.43234
-5.43234
-5.43299
-5.43267
-5.43202
-5.43234
-5.43267
-5.43267
-5.43267
-5.43267
-5.43234
-5.43202
-5.43234
-5.43267
-5.43267
-5.43234
-5.43234
-5.43267
-5.43331
-5.43331
-5.43331
-5.43331
-5.43364
-5.43364
-5.43364
-5.43331
-5.43364
-5.43331
-5.43429
-5.43429
-5.43526
-5.43558
-5.43558
-5.43526
-5.4359
-5.43558
-5.4359
-5.43623
-5.43623
-5.43591
-5.43623
-5.43655
-5.4372
-5.43688
-5.4372
-5.43688
-5.43688
-5.43688
-5.43623
-5.43688
-5.43688
-5.4372
-5.43688
-5.43688
-5.43688
-5.43688
-5.43785
-5.43752
-5.43752
-5.4372
-5.4372
-5.43623
-5.43623
-5.43655
-5.43655
-5.43687
-5.43687
-5.43688
-5.43688
-5.4372
-5.43752
-5.4372
-5.43752
-5.4372
-5.4372
-5.43688
-5.43655
-5.43688
-5.43591
-5.43558
-5.43591
-5.43526
-5.43558
-5.43591
-5.43591
-5.43591
-5.43591
-5.43494
-5.43461
-5.43397
-5.43364
-5.43332
-5.43332
-5.43332
-5.43332
-5.43332
-5.43332
-5.43332
-5.43397
-5.43364
-5.43364
-5.43364
-5.43332
-5.43299
-5.433
-5.433
-5.43332
-5.433
-5.43235
-5.43267
-5.43235
-5.43267
-5.43332
-5.43299
-5.43267
-5.43299
-5.43267
-5.43235
-5.43332
-5.43397
-5.43364
-5.43267
-5.43332
-5.43397
-5.43461
-5.43429
-5.43332
-5.43364
-5.43429
-5.43397
-5.43364
-5.43397
-5.43364
-5.43429
-5.43461
-5.43461
-5.43429
-5.43429
-5.43494
-5.43558
-5.43526
-5.43526
-5.43494
-5.43494
-5.43461
-5.43461
-5.43461
-5.43461
-5.43494
-5.43494
-5.43526
-5.43494
-5.43526
-5.53385
-5.53353
-5.53288
-5.53223
-5.53191
-5.53223
-5.53223
-5.53191
-5.53191
-5.53191
-5.53158
-5.53191
-5.53158
-5.53158
-5.53126
-5.53093
-5.53061
-5.53061
-5.53093
-5.53158
-5.5319
-5.53223
-5.5319
-5.53158
-5.5319
-5.53158
-5.53158
-5.53093
-5.53126
-5.53093
-5.53093
-5.53223
-5.53223
-5.53223
-5.53255
-5.53223
-5.53158
-5.5319
-5.53223
-5.5319
-5.5319
-5.5319
-5.53158
-5.5319
-5.53223
-5.53287
-5.5332
-5.53223
-5.53223
-5.5319
-5.53223
-5.53255
-5.53287
-5.5332
-5.5332
-5.53352
-5.53352
-5.5332
-5.53352
-5.53352
-5.53385
-5.5345
-5.53385
-5.53417
-5.5332
-5.53352
-5.53385
-5.53385
-5.53288
-5.53223
-5.53223
-5.53223
-5.53223
-5.53223
-5.53191
-5.53126
-5.53126
-5.53191
-5.53223
-5.53255
-5.53223
-5.53255
-5.53223
-5.53223
-5.53223
-5.53255
-5.53255
-5.53288
-5.53288
-5.53191
-5.53191
-5.53191
-5.53191
-5.53223
-5.53255
-5.53255
-5.5332
-5.53223
-5.53255
-5.53288
-5.53288
-5.53223
-5.53256
-5.53288
-5.53288
-5.53223
-5.53256
-5.53256
-5.5332
-5.53288
-5.5332
-5.53353
-5.53385
-5.53353
-5.5332
-5.53288
-5.53288
-5.5332
-5.5332
-5.53385
-5.53385
-5.53353
-5.53417
-5.53417
-5.53385
-5.53353
-5.53353
-5.53417
-5.5345
-5.53417
-5.53417
-5.53417
-5.53547
-5.53547
-5.53579
-5.53579
-5.53547
-5.53611
-5.53611
-5.53611
-5.53579
-5.53547
-5.53579
-5.53514
-5.53514
-5.53547
-5.53514
-5.53579
-5.53612
-5.53676
-5.53709
-5.53709
-5.53741
-5.53741
-5.53806
-5.53806
-5.53806
-5.53741
-5.53741
-5.53612
-5.53612
-5.53612
-5.53612
-5.53612
-5.53579
-5.53579
-5.53579
-5.53547
-5.53612
-5.53677
-5.53644
-5.53612
-5.53612
-5.53612
-5.53644
-5.53644
-5.53579
-5.53579
-5.53579
-5.53612
-5.53579
-5.53547
-5.53515
-5.53482
-5.53515
-5.5345
-5.5345
-5.5345
-5.53515
-5.53547
-5.53515
-5.53515
-5.53547
-5.53579
-5.5358
-5.53547
-5.53515
-5.53515
-5.53482
-5.53482
-5.53515
-5.53547
-5.53515
-5.53515
-5.53515
-5.53547
-5.53482
-5.53418
-5.53385
-5.53417
-5.53385
-5.53385
-5.53353
-5.53288
-5.53288
-5.53256
-5.53256
-5.53288
-5.53353
-5.53385
-5.53353
-5.5332
-5.53256
-5.53288
-5.53288
-5.53288
-5.53288
-5.53288
-5.5332
-5.5332
-5.53353
-5.5332
-5.53288
-5.53255
-5.53288
-5.53191
-5.53158
-5.53191
-5.53223
-5.53191
-5.53191
-5.53126
-5.53158
-5.53158
-5.53126
-5.53191
-5.53255
-5.53288
-5.53288
-5.53223
-5.53223
-5.53256
-5.53288
-5.53288
-5.53353
-5.5332
-5.5332
-5.5332
-5.5332
-5.53288
-5.5332
-5.53353
-5.5332
-5.5332
-5.53353
-5.53353
-5.53353
-5.53353
-5.5332
-5.53288
-5.5332
-5.5332
-5.53353
-5.53321
-5.53321
-5.53321
-5.53288
-5.53288
-5.53353
-5.53353
-5.53353
-5.53353
-5.53353
-5.53353
-5.53321
-5.53353
-5.53385
-5.53353
-5.53418
-5.5345
-5.53418
-5.53418
-5.53321
-5.53353
-5.53353
-5.53385
-5.53385
-5.53418
-5.53353
-5.53353
-5.53353
-5.53418
-5.53418
-5.53515
-5.53483
-5.53483
-5.53385
-5.53418
-5.53385
-5.53418
-5.53418
-5.53353
-5.53385
-5.53385
-5.5345
-5.53418
-5.5345
-5.5345
-5.53418
-5.53418
-5.53418
-5.53418
-5.5345
-5.5345
-5.5345
-5.53385
-5.53417
-5.53417
-5.5345
-5.53482
-5.53417
-5.53353
-5.53353
-5.53352
-5.53352
-5.53417
-5.53385
-5.53482
-5.53547
-5.53514
-5.53547
-5.53482
-5.53514
-5.53579
-5.53644
-5.53676
-5.53644
-5.53611
-5.53611
-5.53611
-5.53547
-5.53514
-5.53547
-5.53514
-5.53515
-5.53547
-5.53547
-5.53547
-5.53515
-5.53482
-5.53482
-5.53482
-5.5345
-5.5345
-5.53482
-5.53482
-5.53418
-5.53385
-5.53418
-5.5345
-5.53385
-5.53385
-5.53321
-5.53353
-5.53353
-5.53353
-5.53418
-5.53418
-5.53386
-5.53386
-5.53386
-5.53386
-5.53386
-5.53386
-5.53321
-5.53386
-5.53321
-5.53353
-5.53386
-5.53386
-5.53321
-5.53288
-5.53224
-5.53159
-5.53191
-5.53191
-5.53224
-5.53127
-5.53159
-5.53224
-5.53191
-5.53224
-5.53224
-5.53224
-5.53321
-5.53289
-5.53288
-5.53256
-5.53288
-5.53288
-5.53288
-5.53321
-5.53321
-5.53288
-5.53256
-5.53224
-5.53321
-5.53321
-5.53321
-5.53353
-5.53321
-5.53321
-5.53321
-5.53321
-5.53224
-5.53159
-5.53159
-5.53159
-5.53127
-5.53094
-5.53094
-5.53062
-5.53062
-5.53094
-5.53159
-5.53159
-5.53191
-5.53256
-5.53256
-5.53224
-5.53224
-5.53289
-5.53289
-5.53224
-5.53256
-5.53191
-5.53191
-5.53191
-5.53191
-5.53224
-5.53224
-5.53191
-5.53191
-5.53191
-5.53256
-5.53289
-5.53289
-5.53289
-5.53256
-5.53224
-5.53191
-5.53191
-5.53159
-5.53094
-5.53094
-5.53062
-5.5303
-5.52997
-5.52997
-5.52997
-5.52997
-5.52932
-5.529
-5.52868
-5.52835
-5.529
-5.52932
-5.52932
-5.52965
-5.52997
-5.52965
-5.52965
-5.52964
-5.52997
-5.52997
-5.52997
-5.52997
-5.53062
-5.53094
-5.53062
-5.53126
-5.53094
-5.53062
-5.53094
-5.53062
-5.53062
-5.53029
-5.52964
-5.52964
-5.52964
-5.52964
-5.52932
-5.529
-5.529
-5.52964
-5.52997
-5.53029
-5.53061
-5.53094
-5.53094
-5.53126
-5.53126
-5.53126
-5.53126
-5.53126
-5.53094
-5.53159
-5.53159
-5.53191
-5.53126
-5.53094
-5.53094
-5.53094
-5.53126
-5.53191
-5.53159
-5.53126
-5.53159
-5.53159
-5.53159
-5.53094
-5.53094
-5.53094
-5.53062
-5.53029
-5.53029
-5.53029
-5.53029
-5.53062
-5.53094
-5.53126
-5.53191
-5.53159
-5.53159
-5.53127
-5.53191
-5.53224
-5.53256
-5.53256
-5.53191
-5.53224
-5.53191
-5.53321
-5.53321
-5.53321
-5.53289
-5.53353
-5.53386
-5.53418
-5.53483
-5.53451
-5.53483
-5.53483
-5.53451
-5.53451
-5.53451
-5.53515
-5.53515
-5.53483
-5.53418
-5.53451
-5.53451
-5.53451
-5.53451
-5.53418
-5.53418
-5.53418
-5.53483
-5.53483
-5.53418
-5.53451
-5.53418
-5.53418
-5.53451
-5.53515
-5.5358
-5.53548
-5.53515
-5.53483
-5.53515
-5.53516
-5.53451
-5.53451
-5.53451
-5.53483
-5.53515
-5.53515
-5.53613
-5.53613
-5.53645
-5.53613
-5.53645
-5.53645
-5.53677
-5.5371
-5.53775
-5.53775
-5.53775
-5.53775
-5.53775
-5.53775
-5.53742
-5.53742
-5.5371
-5.53678
-5.5371
-5.53678
-5.53645
-5.5371
-5.5371
-5.53742
-5.53775
-5.53775
-5.53775
-5.53645
-5.5371
-5.53742
-5.53775
-5.53807
-5.53807
-5.53775
-5.53743
-5.53678
-5.53645
-5.53613
-5.53613
-5.53581
-5.53581
-5.53646
-5.53613
-5.53548
-5.53548
-5.53354
-5.53386
-5.53419
-5.53451
-5.53548
-5.53516
-5.53516
-5.53483
-5.53516
-5.53516
-5.53548
-5.53483
-5.53419
-5.53419
-5.53451
-5.53451
-5.53483
-5.53418
-5.53451
-5.53418
-5.53418
-5.53354
-5.53289
-5.53289
-5.53321
-5.53321
-5.53353
-5.53386
-5.53386
-5.53386
-5.53418
-5.53418
-5.53386
-5.53353
-5.53256
-5.53256
-5.53224
-5.53224
-5.53256
-5.53256
-5.53288
-5.53224
-5.53191
-5.53191
-5.53224
-5.53288
-5.53256
-5.53256
-5.53224
-5.53224
-5.53191
-5.53159
-5.53159
-5.53062
-5.53062
-5.53062
-5.53127
-5.53159
-5.53159
-5.53127
-5.5303
-5.5303
-5.5303
-5.53062
-5.5303
-5.52997
-5.52965
-5.5303
-5.5303
-5.5303
-5.53062
-5.5303
-5.5303
-5.5303
-5.5303
-5.53094
-5.53094
-5.53094
-5.53159
-5.53094
-5.53062
-5.5303
-5.53062
-5.53094
-5.53094
-5.53127
-5.53127
-5.53159
-5.53256
-5.53256
-5.53289
-5.53256
-5.53256
-5.53159
-5.53191
-5.53159
-5.53224
-5.53127
-5.53159
-5.53159
-5.53191
-5.53159
-5.53224
-5.53256
-5.53321
-5.53289
-5.53289
-5.53321
-5.53321
-5.53289
-5.53256
-5.53224
-5.53191
-5.53256
-5.53191
-5.53224
-5.53224
-5.53191
-5.53224
-5.53224
-5.53224
-5.53289
-5.53353
-5.53256
-5.53288
-5.53256
-5.53256
-5.53289
-5.53386
-5.53418
-5.53353
-5.53418
-5.5345
-5.53483
-5.5345
-5.53483
-5.53451
-5.53418
-5.53418
-5.53451
-5.53451
-5.53515
-5.53451
-5.53451
-5.53483
-5.53515
-5.53515
-5.53548
-5.53677
-5.53677
-5.53645
-5.53645
-5.5371
-5.53742
-5.53775
-5.53742
-5.53742
-5.53742
-5.53742
-5.53775
-5.53807
-5.5384
-5.5384
-5.5384
-5.53904
-5.53904
-5.53872
-5.53872
-5.53872
-5.53807
-5.53807
-5.53807
-5.5371
-5.53742
-5.53807
-5.53775
-5.53839
-5.53872
-5.53872
-5.53872
-5.53807
-5.53742
-5.53807
-5.5384
-5.53742
-5.53807
-5.53807
-5.53775
-5.53775
-5.5384
-5.5384
-5.53775
-5.5371
-5.53742
-5.5371
-5.53613
-5.53613
-5.53613
-5.53645
-5.53678
-5.5358
-5.53548
-5.53613
-5.5358
-5.53645
-5.53613
-5.53645
-5.53742
-5.53742
-5.53678
-5.53645
-5.53645
-5.5358
-5.53613
-5.53613
-5.53613
-5.5358
-5.5358
-5.5358
-5.5358
-5.53581
-5.53548
-5.53483
-5.53483
-5.53419
-5.53386
-5.53419
-5.53516
-5.53483
-5.53418
-5.53451
-5.53418
-5.53451
-5.53386
-5.53386
-5.53289
-5.53256
-5.53192
-5.53224
-5.53289
-5.53256
-5.53256
-5.53289
-5.53224
-5.53256
-5.53192
-5.53224
-5.53224
-5.53256
-5.53192
-5.53094
-5.53094
-5.53094
-5.53094
-5.53127
-5.53159
-5.53127
-5.53159
-5.53159
-5.53159
-5.53159
-5.53159
-5.53127
-5.53062
-5.53062
-5.53029
-5.53029
-5.53094
-5.53094
-5.53126
-5.53191
-5.53224
-5.53288
-5.53256
-5.53224
-5.53223
-5.53191
-5.53126
-5.53126
-5.53126
-5.53094
-5.53094
-5.53094
-5.53029
-5.53029
-5.53094
-5.52997
-5.53029
-5.53029
-5.53029
-5.53061
-5.53029
-5.53061
-5.53126
-5.53159
-5.53159
-5.53223
-5.53191
-5.53159
-5.53159
-5.53159
-5.53191
-5.53191
-5.53191
-5.53223
-5.53223
-5.53256
-5.53256
-5.53256
-5.53288
-5.53288
-5.53256
-5.53256
-5.53321
-5.53256
-5.53256
-5.53256
-5.53256
-5.53224
-5.53191
-5.53127
-5.53159
-5.53127
-5.53127
-5.53127
-5.53127
-5.53127
-5.53062
-5.53094
-5.5303
-5.52997
-5.52965
-5.5303
-5.53094
-5.5303
-5.5303
-5.5303
-5.53094
-5.53095
-5.53062
-5.53094
-5.53127
-5.53095
-5.5303
-5.53095
-5.53094
-5.5303
-5.5303
-5.53062
-5.5303
-5.53062
-5.52997
-5.52997
-5.52997
-5.52965
-5.52933
-5.529
-5.52868
-5.59616
-5.59648
-5.5968
-5.59713
-5.59713
-5.59713
-5.59713
-5.59616
-5.59616
-5.59681
-5.59681
-5.59713
-5.59681
-5.59843
-5.59843
-5.5981
-5.5981
-5.59875
-5.59907
-5.59907
-5.59907
-5.59907
-5.5994
-5.5994
-5.59908
-5.5994
-5.59972
-5.59972
-5.59972
-5.59972
-5.59972
-5.59972
-5.60005
-5.60005
-5.60037
-5.60037
-5.60069
-5.60069
-5.60102
-5.60264
-5.60231
-5.60231
-5.60264
-5.60328
-5.60393
-5.6049
-5.60458
-5.60393
-5.60393
-5.60393
-5.60393
-5.60393
-5.60361
-5.60393
-5.60361
-5.60328
-5.60296
-5.60296
-5.60328
-5.60361
-5.60328
-5.60296
-5.60263
-5.60328
-5.60296
-5.60361
-5.60361
-5.60393
-5.60458
-5.60425
-5.60425
-5.60393
-5.60361
-5.60361
-5.60328
-5.6036
-5.6036
-5.60393
-5.60393
-5.60425
-5.60425
-5.60457
-5.60425
-5.60425
-5.60425
-5.60425
-5.60425
-5.60457
-5.6049
-5.60457
-5.60425
-5.60425
-5.60425
-5.60328
-5.6036
-5.60425
-5.60457
-5.60457
-5.60554
-5.60554
-5.60522
-5.60587
-5.60587
-5.60457
-5.60425
-5.60425
-5.60554
-5.60522
-5.60489
-5.60489
-5.60425
-5.60457
-5.60489
-5.60425
-5.60457
-5.60457
-5.60457
-5.60457
-5.60457
-5.60457
-5.60457
-5.60425
-5.60457
-5.60457
-5.60425
-5.60393
-5.60393
-5.60328
-5.60296
-5.60328
-5.60296
-5.60296
-5.60263
-5.60231
-5.60199
-5.60263
-5.60231
-5.60134
-5.60166
-5.60102
-5.60069
-5.60102
-5.60134
-5.60134
-5.60134
-5.60231
-5.60199
-5.60231
-5.60264
-5.60393
-5.60393
-5.60393
-5.6049
-5.60458
-5.60458
-5.60458
-5.60426
-5.60296
-5.60296
-5.60329
-5.60296
-5.60264
-5.60329
-5.60361
-5.60393
-5.60426
-5.60361
-5.60296
-5.60296
-5.60393
-5.60361
-5.60426
-5.60393
-5.60329
-5.60329
-5.60296
-5.60296
-5.60296
-5.60296
-5.60296
-5.60296
-5.60296
-5.60296
-5.60329
-5.60329
-5.60296
-5.60296
-5.60361
-5.60329
-5.60329
-5.60361
-5.60361
-5.60458
-5.60458
-5.60426
-5.60394
-5.60361
-5.60329
-5.60329
-5.60296
-5.60296
-5.60296
-5.60199
-5.60134
-5.6007
-5.6007
-5.60005
-5.60037
-5.60005
-5.59908
-5.59875
-5.59875
-5.59908
-5.5994
-5.59972
-5.59908
-5.59875
-5.59843
-5.59908
-5.59875
-5.59907
-5.5994
-5.59875
-5.5994
-5.59907
-5.59972
-5.59972
-5.60004
-5.5994
-5.5994
-5.59907
-5.59907
-5.59907
-5.59972
-5.5994
-5.59972
-5.59972
-5.59907
-5.59907
-5.59875
-5.59875
-5.59875
-5.59907
-5.59875
-5.59842
-5.59842
-5.59842
-5.59875
-5.59907
-5.59907
-5.59939
-5.59907
-5.59907
-5.59972
-5.60004
-5.59939
-5.59939
-5.59874
-5.59842
-5.59874
-5.59874
-5.59874
-5.59874
-5.5981
-5.59777
-5.59777
-5.59745
-5.5968
-5.59745
-5.59745
-5.59712
-5.59712
-5.5968
-5.59648
-5.59648
-5.59648
-5.59648
-5.5968
-5.5968
-5.59745
-5.5968
-5.5968
-5.59648
-5.59615
-5.59712
-5.59745
-5.59745
-5.5981
-5.59842
-5.59842
-5.59842
-5.59842
-5.5981
-5.59777
-5.59842
-5.59907
-5.59939
-5.59939
-5.59939
-5.59972
-5.60004
-5.60004
-5.60004
-5.60036
-5.60036
-5.60036
-5.60069
-5.60069
-5.60101
-5.60101
-5.60134
-5.60134
-5.60134
-5.60134
-5.60134
-5.60101
-5.60101
-5.60037
-5.60004
-5.60037
-5.60004
-5.60069
-5.60102
-5.60102
-5.60134
-5.60199
-5.60231
-5.60231
-5.60231
-5.60231
-5.60263
-5.60263
-5.60296
-5.60231
-5.60231
-5.60199
-5.60199
-5.60199
-5.60231
-5.60263
-5.60263
-5.60199
-5.60199
-5.60199
-5.60199
-5.60231
-5.60328
-5.60361
-5.60361
-5.60393
-5.60393
-5.6049
-5.60458
-5.60393
-5.60426
-5.60361
-5.60328
-5.60361
-5.60361
-5.60328
-5.60328
-5.60393
-5.60393
-5.60393
-5.60361
-5.60361
-5.60361
-5.60361
-5.60393
-5.60458
-5.6049
-5.6049
-5.60393
-5.60458
-5.60523
-5.60458
-5.60458
-5.60458
-5.60425
-5.60393
-5.60425
-5.60361
-5.60425
-5.60361
-5.60361
-5.60425
-5.6036
-5.6036
-5.60393
-5.60393
-5.6036
-5.60296
-5.60263
-5.60198
-5.60166
-5.60166
-5.60166
-5.60134
-5.60166
-5.60101
-5.60069
-5.60036
-5.60101
-5.60069
-5.60133
-5.60101
-5.60101
-5.60101
-5.60068
-5.60036
-5.60036
-5.60068
-5.60101
-5.60133
-5.60133
-5.60133
-5.60133
-5.60101
-5.60068
-5.60068
-5.59971
-5.59906
-5.59939
-5.59971
-5.59939
-5.59874
-5.59906
-5.59906
-5.59906
-5.59939
-5.59939
-5.59939
-5.59874
-5.59842
-5.59874
-5.59906
-5.59874
-5.59874
-5.59842
-5.59874
-5.59907
-5.59907
-5.59907
-5.59971
-5.60004
-5.60069
-5.60004
-5.60004
-5.60036
-5.60036
-5.60004
-5.60004
-5.60004
-5.60004
-5.59972
-5.59907
-5.59843
-5.59843
-5.59843
-5.59875
-5.5981
-5.5981
-5.59875
-5.59843
-5.59875
-5.5981
-5.59778
-5.59681
-5.59616
-5.59616
-5.59616
-5.59584
-5.59584
-5.59551
-5.59551
-5.59551
-5.59551
-5.59519
-5.59616
-5.59616
-5.59616
-5.59649
-5.59681
-5.59681
-5.59713
-5.59746
-5.59681
-5.59681
-5.59681
-5.59648
-5.59681
-5.59648
-5.59681
-5.59648
-5.59648
-5.59713
-5.59681
-5.59713
-5.59746
-5.59746
-5.59713
-5.59713
-5.59778
-5.59778
-5.59778
-5.59843
-5.59875
-5.59972
-5.59972
-5.60069
-5.60134
-5.60102
-5.60134
-5.60134
-5.60199
-5.60167
-5.60166
-5.60199
-5.60199
-5.60199
-5.60231
-5.60231
-5.60231
-5.60231
-5.60199
-5.60264
-5.60264
-5.60231
-5.60199
-5.60167
-5.60199
-5.60134
-5.60134
-5.60134
-5.60167
-5.60231
-5.60199
-5.60166
-5.60166
-5.60166
-5.60037
-5.60004
-5.59972
-5.60004
-5.60004
-5.59972
-5.59972
-5.59907
-5.5994
-5.60004
-5.60069
-5.60101
-5.60069
-5.60069
-5.60101
-5.60069
-5.60037
-5.60069
-5.60037
-5.60037
-5.60004
-5.60004
-5.60037
-5.60004
-5.59972
-5.59972
-5.59939
-5.59939
-5.59939
-5.59875
-5.59875
-5.5981
-5.5981
-5.5981
-5.59842
-5.59907
-5.59875
-5.59939
-5.60004
-5.60004
-5.60004
-5.59972
-5.59939
-5.59875
-5.59875
-5.59842
-5.59875
-5.59842
-5.59842
-5.59842
-5.59713
-5.5968
-5.59713
-5.59681
-5.59713
-5.59681
-5.59713
-5.59713
-5.59778
-5.59681
-5.59681
-5.59648
-5.59745
-5.59713
-5.59681
-5.59713
-5.59713
-5.59745
-5.59778
-5.5981
-5.59907
-5.5994
-5.5994
-5.59972
-5.59972
-5.59972
-5.59972
-5.59972
-5.59908
-5.59908
-5.59908
-5.59875
-5.59875
-5.59875
-5.59908
-5.59908
-5.5994
-5.59875
-5.5994
-5.59908
-5.5994
-5.59972
-5.60037
-5.60005
-5.60069
-5.6007
-5.60134
-5.60167
-5.60134
-5.60134
-5.60102
-5.60167
-5.60167
-5.60199
-5.60231
-5.60264
-5.60264
-5.60296
-5.60296
-5.60264
-5.60231
-5.60199
-5.60199
-5.60166
-5.60166
-5.60264
-5.60264
-5.60264
-5.60231
-5.60166
-5.60134
-5.60134
-5.60166
-5.60231
-5.60166
-5.60134
-5.60134
-5.60166
-5.60231
-5.60296
-5.60361
-5.60361
-5.60361
-5.60328
-5.6049
-5.60555
-5.60587
-5.60587
-5.60587
-5.60587
-5.60587
-5.6062
-5.60587
-5.60587
-5.60587
-5.60619
-5.60619
-5.60555
-5.60522
-5.6049
-5.60425
-5.60458
-5.60425
-5.60425
-5.60425
-5.60457
-5.60457
-5.60457
-5.6049
-5.6049
-5.6049
-5.60457
-5.60457
-5.6049
-5.6049
-5.6049
-5.60489
-5.60489
-5.60489
-5.60489
-5.60457
-5.60425
-5.60425
-5.60392
-5.6036
-5.60392
-5.60327
-5.60295
-5.60295
-5.60295
-5.60263
-5.60198
-5.60165
-5.60198
-5.60101
-5.60165
-5.60133
-5.60165
-5.6023
-5.60165
-5.60165
-5.60165
-5.6023
-5.60263
-5.6023
-5.60198
-5.60166
-5.60133
-5.60133
-5.60133
-5.60198
-5.60166
-5.60166
-5.60198
-5.60199
-5.60231
-5.60231
-5.60166
-5.60134
-5.60102
-5.60037
-5.60005
-5.60005
-5.5994
-5.59908
-5.5994
-5.59908
-5.59973
-5.60037
-5.6007
-5.60037
-5.60038
-5.6007
-5.6007
-5.60005
-5.60038
-5.60038
-5.60038
-5.6007
-5.60102
-5.60135
-5.60135
-5.6007
-5.60102
-5.59973
-5.60005
-5.60038
-5.6007
-5.60038
-5.60038
-5.59973
-5.60038
-5.60038
-5.60167
-5.60167
-5.60167
-5.602
-5.60232
-5.60167
-5.60135
-5.60135
-5.60102
-5.6007
-5.60167
-5.60167
-5.60167
-5.60167
-5.60134
-5.60167
-5.60199
-5.60167
-5.60167
-5.60167
-5.60167
-5.60102
-5.59973
-5.59973
-5.59973
-5.59908
-5.59973
-5.5994
-5.59908
-5.59973
-5.60005
-5.60037
-5.60037
-5.59972
-5.5994
-5.59908
-5.5994
-5.59972
-5.60005
-5.60037
-5.60102
-5.60134
-5.60134
-5.60167
-5.60167
-5.60167
-5.60134
-5.60134
-5.60069
-5.60102
-5.60037
-5.60102
-5.60037
-5.60037
-5.60005
-5.60102
-5.60069
-5.60037
-5.60037
-5.60037
-5.60004
-5.60037
-5.60134
-5.60199
-5.60037
-5.60037
-5.60069
-5.60037
-5.60037
-5.60069
-5.60037
-5.59972
-5.5994
-5.59939
-5.59939
-5.59907
-5.59907
-5.59842
-5.59842
-5.59875
-5.59907
-5.59939
-5.59907
-5.59874
-5.59874
-5.59842
-5.59842
-5.5981
-5.59777
-5.5981
-5.59842
-5.59777
-5.59777
-5.59777
-5.59777
-5.59777
-5.59777
-5.5981
-5.5981
-5.59842
-5.59777
-5.59777
-5.5981
-5.59777
-5.5981
-5.59842
-5.59907
-5.59875
-5.59875
-5.59875
-5.5994
-5.5994
-5.59907
-5.59907
-5.59907
-5.5994
-5.5994
-5.59907
-5.59907
-5.59907
-5.59907
-5.59907
-5.5994
-5.5994
-5.59908
-5.59907
-5.59972
-5.59972
-5.59972
-5.59908
-5.59972
-5.59972
-5.59972
-5.59908
-5.59908
-5.5994
-5.59908
-5.59908
-5.59875
-5.5994
-5.59908
-5.59875
-5.59875
-5.5994
-5.5994
-5.59973
-5.60005
-5.60037
-5.59973
-5.59973
-5.5994
-5.59908
-5.5994
-5.59908
-5.59876
-5.59908
-5.60005
-5.60038
-5.59973
-5.60038
-5.60038
-5.60038
-5.60005
-5.60037
-5.60037
-5.60037
-5.60037
-5.60037
-5.60005
-5.60005
-5.60037
-5.60037
-5.60037
-5.6007
-5.6007
-5.6007
-5.6007
-5.60102
-5.60167
-5.60167
-5.60037
-5.6007
-5.6007
-5.60037
-5.6007
-5.60102
-5.60134
-5.60102
-5.60069
-5.60005
-5.59972
-5.60005
-5.60069
-5.60102
-5.60069
-5.60069
-5.60069
-5.60069
-5.60102
-5.60134
-5.60134
-5.60134
-5.60134
-5.60069
-5.60037
-5.60005
-5.59972
-5.60005
-5.59972
-5.60005
-5.60005
-5.60005
-5.60037
-5.60037
-5.59972
-5.60037
-5.60069
