0.8
0.799916
0.799665
0.799248
0.798664
0.797914
0.797
0.79592
0.794677
0.793271
0.791703
0.789973
0.788082
0.786031
0.783822
0.781456
0.778933
0.776256
0.773426
0.770445
0.767314
0.764036
0.760612
0.757043
0.753332
0.749477
0.745484
0.741355
0.737089
0.732688
0.728154
0.723488
0.718693
0.713769
0.708719
0.703545
0.698249
0.692835
0.687303
0.681657
0.675899
0.670032
0.664057
0.65798
0.651803
0.645528
0.639159
0.6327
0.626152
0.619519
0.612805
0.606014
0.599149
0.592214
0.585213
0.57815
0.571029
0.563855
0.556632
0.549364
0.542055
0.534709
0.527332
0.519929
0.512503
0.505059
0.497603
0.49014
0.482673
0.475208
0.46775
0.460304
0.452875
0.445469
0.438089
0.430742
0.423433
0.416167
0.408949
0.401784
0.394677
0.387634
0.380658
0.373757
0.366933
0.360193
0.353541
0.346981
0.34052
0.33416
0.327907
0.321765
0.315738
0.309831
0.304046
0.298389
0.292863
0.287472
0.282218
0.277106
0.272139
0.267319
0.262649
0.258131
0.253769
0.249563
0.245517
0.241632
0.237909
0.234349
0.230955
0.227726
0.224663
0.221767
0.219038
0.216477
0.214083
0.211856
0.209796
0.207901
0.206172
0.204606
0.203202
0.20196
0.200877
0.199951
0.199181
0.198565
0.1981
0.197782
0.197611
0.197583
0.197696
0.197945
0.198329
0.198843
0.199485
0.20025
0.201136
0.202139
0.203255
0.20448
0.20581
0.207242
0.208772
0.210396
0.21211
0.213909
0.21579
0.217749
0.219781
0.221883
0.22405
0.226278
0.228564
0.230903
0.233293
0.235727
0.238204
0.240718
0.243266
0.245844
0.248449
0.251076
0.253722
0.256383
0.259057
0.26174
0.264428
0.267118
0.269807
0.272492
0.275169
0.277837
0.280493
0.283132
0.285754
0.288354
0.290931
0.293482
0.296006
0.298498
0.300958
0.303383
0.305771
0.308121
0.31043
0.312696
0.314919
0.317096
0.319227
0.32131
0.323342
0.325324
0.327253
0.32913
0.330952
0.332719
0.33443
0.336085
0.337682
0.339222
0.340703
0.342127
0.343491
0.344797
0.346043
0.34723
0.348356
0.349423
0.350431
0.351379
0.352267
0.353097
0.353869
0.354581
0.355236
0.355833
0.356372
0.356856
0.357284
0.357657
0.357976
0.35824
0.358452
0.358612
0.35872
0.358777
0.358785
0.358745
0.358657
0.358523
0.358343
0.35812
0.357854
0.357546
0.357198
0.356811
0.356386
0.355925
0.355428
0.354896
0.354333
0.353738
0.353113
0.35246
0.35178
0.351074
0.350344
0.349591
0.348817
0.348023
0.34721
0.346381
0.345536
0.344677
0.343806
0.342925
0.342035
0.341138
0.340234
0.339325
0.338412
0.337498
0.336582
0.335668
0.334756
0.333849
0.332947
0.332052
0.331165
0.330288
0.329423
0.32857
0.327732
0.326911
0.326106
0.325319
0.324552
0.323805
0.323081
0.32238
0.321704
0.321053
0.320429
0.319834
0.319268
0.318733
0.31823
0.31776
0.317324
0.316925
0.316561
0.316235
0.315946
0.315697
0.315487
0.315319
0.315193
0.315109
0.315069
0.315072
0.31512
0.315214
0.315354
0.315541
0.315775
0.316058
0.316389
0.316769
0.317199
0.317679
0.31821
0.318791
0.319424
0.320107
0.32084
0.321625
0.322461
0.323349
0.324288
0.325278
0.32632
0.327412
0.328555
0.329749
0.330991
0.332284
0.333626
0.335017
0.336455
0.337941
0.339475
0.341055
0.342681
0.344352
0.346068
0.347827
0.349629
0.351471
0.353353
0.355274
0.357233
0.359229
0.361259
0.363324
0.365421
0.36755
0.369708
0.371895
0.374108
0.376346
0.378609
0.380894
0.383201
0.385527
0.387871
0.39023
0.392604
0.394992
0.397391
0.399799
0.402215
0.404636
0.40706
0.409487
0.411914
0.414339
0.416761
0.419177
0.421587
0.423988
0.426379
0.428758
0.431123
0.433472
0.435804
0.438118
0.44041
0.44268
0.444926
0.447148
0.449343
0.45151
0.453648
0.455755
0.457828
0.459868
0.461872
0.46384
0.465771
0.467661
0.469512
0.471321
0.473088
0.474811
0.476489
0.478123
0.47971
0.48125
0.482743
0.484186
0.485581
0.486925
0.48822
0.489462
0.490653
0.491792
0.492878
0.493911
0.494889
0.495814
0.496684
0.497499
0.498261
0.498968
0.499621
0.500221
0.500766
0.501256
0.501693
0.502078
0.502409
0.502686
0.502909
0.503079
0.503197
0.503262
0.503277
0.50324
0.503153
0.503017
0.502832
0.502598
0.502317
0.50199
0.501617
0.501198
0.500736
0.500229
0.49968
0.49909
0.498459
0.497789
0.49708
0.496334
0.49555
0.494732
0.493879
0.492994
0.492077
0.49113
0.490153
0.489147
0.488114
0.487056
0.485972
0.484865
0.483736
0.482585
0.481415
0.480225
0.479017
0.477792
0.476551
0.475294
0.474024
0.472743
0.47145
0.470148
0.468837
0.467518
0.466193
0.464863
0.463528
0.46219
0.46085
0.45951
0.458169
0.456828
0.455489
0.454153
0.45282
0.451492
0.450168
0.44885
0.447538
0.446234
0.444938
0.44365
0.442371
0.441101
0.439842
0.438593
0.437356
0.436129
0.434915
0.433712
0.432523
0.431347
0.430185
0.429037
0.427903
0.426784
0.42568
0.424591
0.423517
0.422458
0.421415
0.420387
0.419376
0.41838
0.417399
0.416434
0.415485
0.414551
0.413635
0.412734
0.41185
0.410982
0.410129
0.409292
0.40847
0.407665
0.406876
0.406102
0.405344
0.404601
0.403873
0.403159
0.402461
0.401777
0.401108
0.400453
0.399814
0.39919
0.398579
0.397983
0.3974
0.396833
0.396279
0.395738
0.395211
0.394697
0.394197
0.39371
0.393237
0.392778
0.392332
0.3919
0.391483
0.391079
0.390689
0.390312
0.389948
0.389597
0.389259
0.388935
0.388624
0.388327
0.388044
0.387775
0.387519
0.387278
0.38705
0.386837
0.386639
0.386454
0.386284
0.386129
0.385988
0.385863
0.385752
0.385657
0.385576
0.385511
0.385461
0.385427
0.385409
0.385406
0.385419
0.385449
0.385495
0.385557
0.385636
0.385731
0.385844
0.385974
0.38612
0.386283
0.386462
0.386657
0.38687
0.387099
0.387345
0.387608
0.387887
0.388183
0.388495
0.388823
0.389167
0.389527
0.389902
0.390294
0.390701
0.391124
0.391562
0.392016
0.392486
0.39297
0.393468
0.393979
0.394504
0.395042
0.395593
0.396156
0.396732
0.397319
0.397918
0.398528
0.399149
0.399779
0.400419
0.401068
0.401725
0.40239
0.403062
0.403742
0.404427
0.405119
0.405816
0.406517
0.407223
0.407932
0.408644
0.409359
0.410075
0.410793
0.41151
0.412228
0.412944
0.413659
0.414371
0.415081
0.415787
0.416489
0.417187
0.41788
0.418567
0.419248
0.419923
0.420591
0.421251
0.421903
0.422547
0.423181
0.423806
0.424421
0.425026
0.425622
0.426206
0.426779
0.427341
0.427892
0.42843
0.428957
0.42947
0.429971
0.430459
0.430934
0.431396
0.431845
0.43228
0.432702
0.433111
0.433506
0.433887
0.434254
0.434609
0.43495
0.435277
0.435589
0.435887
0.436172
0.436442
0.436699
0.436941
0.437171
0.437386
0.437589
0.437779
0.437956
0.43812
0.438271
0.43841
0.438536
0.438649
0.43875
0.438839
0.438917
0.438982
0.439036
0.439079
0.439111
0.439132
0.439142
0.439141
0.439129
0.439106
0.439073
0.439028
0.438974
0.438908
0.438833
0.438749
0.438656
0.438553
0.438442
0.438321
0.438192
0.438055
0.437908
0.437753
0.43759
0.437418
0.437239
0.437052
0.436858
0.436655
0.436445
0.436229
0.436005
0.435774
0.435536
0.435293
0.435042
0.434785
0.434523
0.434255
0.433981
0.433702
0.433418
0.433128
0.432833
0.432533
0.432228
0.431918
0.431603
0.431283
0.430959
0.43063
0.430298
0.429963
0.429624
0.429282
0.428936
0.428587
0.428235
0.427882
0.427526
0.427168
0.426809
0.426448
0.426085
0.42572
0.425355
0.424989
0.424622
0.424255
0.423889
0.423522
0.423155
0.422788
0.422422
0.422056
0.42169
0.421326
0.420962
0.420599
0.420237
0.419877
0.419518
0.419162
0.418807
0.418455
0.418104
0.417756
0.417411
0.41707
0.416732
0.416398
0.416068
0.415742
0.415421
0.415103
0.414789
0.41448
0.414176
0.413877
0.413583
0.413295
0.413012
0.412736
0.412467
0.412204
0.411946
0.411695
0.41145
0.411211
0.410977
0.410751
0.41053
0.410316
0.410109
0.40991
0.409719
0.409535
0.409358
0.409188
0.409026
0.408873
0.408728
0.408592
0.408463
0.408343
0.408231
0.408127
0.408032
0.407946
0.407868
0.407799
0.407738
0.407686
0.407642
0.407607
0.407582
0.407565
0.407558
0.407561
0.407572
0.407593
0.407623
0.407661
0.407709
0.407766
0.407832
0.407907
0.407991
0.408084
0.408184
0.408293
0.40841
0.408533
0.408664
0.408802
0.408947
0.409099
0.409257
0.40942
0.409589
0.409763
0.409942
0.410126
0.410314
0.410505
0.410699
0.410895
0.411092
0.411291
0.41149
0.411688
0.411886
0.412082
0.412276
0.412468
0.412656
0.412841
0.413023
0.413199
0.41337
0.413534
0.413691
0.41384
0.413981
0.414112
0.414234
0.414345
0.414444
0.414532
0.414607
0.414669
0.414717
0.414752
0.414771
0.414776
0.414764
0.414737
0.414692
0.41463
0.41455
0.414451
0.414334
0.414197
0.41404
0.413863
0.413665
0.413447
0.413209
0.412949
0.412668
0.412366
0.412042
0.411696
0.411328
0.410938
0.410527
0.410093
0.409638
0.409162
0.408665
0.408147
0.407609
0.407051
0.406473
0.405875
0.405257
0.40462
0.403965
0.403293
0.402604
0.401899
0.401177
0.400441
0.399689
0.398924
0.398145
0.397355
0.396552
0.395737
0.394912
0.394078
0.393236
0.392386
0.391529
0.390666
0.389798
0.388926
0.388052
0.387176
0.386299
0.385423
0.384547
0.383674
0.382805
0.381941
0.381083
0.380231
0.379386
0.37855
0.377722
0.376905
0.376098
0.375302
0.374518
0.373749
0.372994
0.372254
0.37153
0.370822
0.37013
0.369457
0.368804
0.368169
0.367555
0.366961
0.366388
0.365836
0.365306
0.364798
0.364314
0.363853
0.363416
0.363002
0.362612
0.362246
0.361904
0.361586
0.361292
0.361023
0.360779
0.360558
0.360363
0.360191
0.360042
0.359918
0.359817
0.359739
0.359685
0.359655
0.359647
0.799915
0.799845
0.799699
0.799475
0.799174
0.798794
0.798336
0.797802
0.79719
0.796499
0.795729
0.794881
0.793955
0.79295
0.791868
0.790707
0.789469
0.788153
0.786759
0.785289
0.783742
0.782119
0.780422
0.778651
0.776806
0.774889
0.7729
0.770839
0.768707
0.766505
0.764234
0.761895
0.759489
0.757018
0.75448
0.751879
0.749217
0.746494
0.743711
0.740869
0.737971
0.735016
0.732006
0.728942
0.725825
0.722656
0.719438
0.716171
0.712857
0.709498
0.706094
0.702647
0.699158
0.695631
0.692065
0.688464
0.684829
0.681161
0.677463
0.673735
0.66998
0.666198
0.662392
0.658563
0.654713
0.650843
0.646956
0.643053
0.639137
0.635209
0.631272
0.627328
0.623378
0.619424
0.615469
0.611515
0.607563
0.603615
0.599674
0.595743
0.591824
0.587918
0.584028
0.580156
0.576304
0.572475
0.568672
0.564896
0.561151
0.557438
0.55376
0.550119
0.546518
0.542959
0.539446
0.53598
0.532564
0.529201
0.525893
0.522643
0.519455
0.516328
0.513268
0.510275
0.507353
0.504503
0.501729
0.499031
0.496413
0.493879
0.491429
0.489064
0.486788
0.484603
0.482511
0.480512
0.47861
0.476805
0.475098
0.473493
0.47199
0.47059
0.469295
0.468104
0.46702
0.466044
0.465175
0.464416
0.463766
0.463225
0.462793
0.462472
0.46226
0.462157
0.462165
0.462283
0.462508
0.462842
0.463283
0.463831
0.464482
0.465238
0.466095
0.467055
0.468114
0.469271
0.470524
0.471871
0.47331
0.47484
0.476457
0.47816
0.479946
0.481813
0.483759
0.48578
0.487875
0.490041
0.492275
0.494575
0.496938
0.49936
0.50184
0.504374
0.506959
0.509594
0.512274
0.514997
0.51776
0.520561
0.523396
0.526263
0.529159
0.532081
0.535027
0.537993
0.540978
0.543979
0.546994
0.550019
0.553053
0.556092
0.559137
0.562183
0.56523
0.568273
0.571313
0.574345
0.577369
0.580382
0.583383
0.58637
0.589341
0.592295
0.595231
0.598148
0.601042
0.603914
0.606763
0.609585
0.612382
0.615151
0.617893
0.620606
0.62329
0.625944
0.628568
0.63116
0.633719
0.636245
0.638736
0.641193
0.643616
0.646003
0.648354
0.65067
0.652947
0.655188
0.657391
0.659555
0.66168
0.663768
0.665816
0.667825
0.669793
0.671721
0.673608
0.675453
0.677257
0.679019
0.680739
0.682418
0.684054
0.685647
0.687198
0.688706
0.69017
0.69159
0.692967
0.694299
0.695587
0.69683
0.698027
0.69918
0.700287
0.701348
0.702364
0.703334
0.704258
0.705136
0.705968
0.706753
0.707491
0.708182
0.708826
0.709424
0.709976
0.710482
0.710942
0.711355
0.711721
0.712042
0.712316
0.712544
0.712726
0.712863
0.712954
0.713
0.713002
0.712959
0.712872
0.712742
0.71257
0.712355
0.712099
0.711801
0.711462
0.711083
0.710665
0.710209
0.709718
0.709191
0.708629
0.708032
0.707402
0.706738
0.706044
0.705319
0.704565
0.703784
0.702976
0.702142
0.701287
0.70041
0.699512
0.698595
0.69766
0.69671
0.695744
0.694766
0.693776
0.692774
0.691761
0.690741
0.689714
0.688682
0.687646
0.686608
0.685568
0.684528
0.683489
0.682453
0.681421
0.680394
0.679374
0.678362
0.677359
0.676366
0.675385
0.674416
0.673461
0.67252
0.671594
0.670683
0.669787
0.668907
0.668046
0.667201
0.666375
0.665567
0.664778
0.664007
0.663255
0.662523
0.66181
0.661117
0.660442
0.659788
0.659152
0.658537
0.657942
0.657367
0.656813
0.65628
0.655767
0.655275
0.654803
0.654352
0.653923
0.653517
0.653132
0.65277
0.652431
0.652114
0.65182
0.65155
0.651302
0.651079
0.650879
0.650705
0.650556
0.650433
0.650335
0.650263
0.650217
0.650197
0.650203
0.650235
0.650294
0.650379
0.65049
0.650627
0.650788
0.650976
0.651187
0.651422
0.65168
0.651961
0.652262
0.652583
0.652924
0.653283
0.653658
0.654047
0.65445
0.654864
0.655287
0.65572
0.656158
0.656601
0.657046
0.657491
0.657935
0.658376
0.658812
0.65924
0.659661
0.660071
0.660469
0.660854
0.661225
0.66158
0.661918
0.662236
0.662534
0.66281
0.663063
0.663294
0.663501
0.663683
0.663841
0.663972
0.664079
0.664159
0.664215
0.664244
0.664246
0.664222
0.664171
0.664094
0.663991
0.663861
0.663706
0.663526
0.663323
0.663097
0.662847
0.662576
0.662282
0.661965
0.661627
0.661268
0.66089
0.660492
0.660075
0.65964
0.659187
0.658717
0.65823
0.657728
0.657211
0.656679
0.656134
0.655575
0.655002
0.654415
0.653816
0.653207
0.652585
0.651954
0.651312
0.650659
0.649995
0.649322
0.648638
0.647945
0.647243
0.646532
0.645814
0.645089
0.644357
0.643616
0.642869
0.642115
0.641354
0.640586
0.639812
0.639032
0.638247
0.637457
0.636664
0.635865
0.635063
0.634258
0.633449
0.632638
0.631824
0.631009
0.630192
0.629374
0.628555
0.627734
0.626914
0.626094
0.625274
0.624456
0.623639
0.622825
0.622012
0.621203
0.620396
0.619593
0.618795
0.618001
0.617213
0.61643
0.615651
0.614879
0.614113
0.613353
0.6126
0.611854
0.611115
0.610384
0.609661
0.608946
0.608239
0.60754
0.606848
0.606164
0.605487
0.60482
0.604162
0.603512
0.602869
0.602234
0.601608
0.600991
0.600383
0.599784
0.599193
0.598612
0.59804
0.597479
0.596927
0.596386
0.595855
0.595336
0.594828
0.594332
0.59385
0.593382
0.592928
0.592489
0.592065
0.591658
0.591268
0.590897
0.590545
0.590214
0.589905
0.589617
0.589354
0.589115
0.588903
0.588718
0.58856
0.588432
0.588334
0.588268
0.588236
0.588239
0.588277
0.58835
0.58846
0.588607
0.588794
0.58902
0.589286
0.589593
0.589943
0.590334
0.590767
0.591244
0.591764
0.592328
0.592937
0.593588
0.594284
0.595024
0.595807
0.596633
0.597501
0.59841
0.599359
0.600347
0.601374
0.602439
0.60354
0.604675
0.605844
0.607045
0.608277
0.609538
0.610825
0.612137
0.613472
0.614827
0.6162
0.617591
0.618996
0.620412
0.621838
0.623272
0.62471
0.62615
0.62759
0.629028
0.630461
0.631886
0.633302
0.634706
0.636095
0.637469
0.638824
0.640159
0.641472
0.64276
0.644021
0.645254
0.646455
0.647625
0.64876
0.649861
0.650925
0.651949
0.652934
0.653878
0.65478
0.655638
0.656452
0.657219
0.657939
0.658612
0.659235
0.659811
0.660339
0.660817
0.661246
0.661623
0.661951
0.662227
0.662453
0.662629
0.662755
0.66283
0.662858
0.662838
0.662771
0.662656
0.662495
0.662288
0.662037
0.661742
0.661403
0.661024
0.660604
0.660145
0.659648
0.659115
0.658547
0.657945
0.657312
0.656648
0.655956
0.655237
0.654493
0.653725
0.652935
0.652124
0.651294
0.650448
0.649589
0.648717
0.647834
0.646942
0.646044
0.64514
0.644233
0.643323
0.642412
0.641504
0.640599
0.639698
0.638802
0.637912
0.63703
0.636158
0.635297
0.634447
0.633611
0.632788
0.631981
0.63119
0.630415
0.629659
0.628922
0.628203
0.627504
0.626824
0.626165
0.625527
0.624909
0.624313
0.623737
0.623182
0.622648
0.622136
0.621646
0.621177
0.620729
0.620302
0.619896
0.619511
0.619147
0.618803
0.618479
0.618176
0.617893
0.617629
0.617385
0.617158
0.616951
0.616763
0.616593
0.616441
0.616307
0.61619
0.616092
0.616011
0.615949
0.615905
0.615879
0.615869
0.615878
0.615904
0.615948
0.61601
0.616089
0.616186
0.616301
0.616434
0.616586
0.616758
0.616949
0.617161
0.617392
0.617643
0.617915
0.618207
0.618519
0.618851
0.619204
0.619578
0.619972
0.620388
0.620824
0.621282
0.621762
0.622263
0.622787
0.623333
0.623901
0.62449
0.6251
0.625731
0.626383
0.627055
0.627748
0.628462
0.629194
0.629946
0.630717
0.631507
0.632315
0.633141
0.633984
0.634843
0.635718
0.636609
0.637515
0.638437
0.639373
0.640323
0.641285
0.64226
0.643247
0.644246
0.645257
0.646277
0.647308
0.648348
0.649396
0.65045
0.65151
0.652576
0.653649
0.654725
0.655806
0.656889
0.657976
0.659065
0.660156
0.661248
0.66234
0.663431
0.66452
0.665607
0.66669
0.66777
0.668848
0.66992
0.670987
0.672049
0.673103
0.674149
0.675187
0.676216
0.677236
0.678245
0.679244
0.680232
0.681207
0.682169
0.683117
0.684051
0.68497
0.685873
0.686759
0.687629
0.688481
0.689315
0.690131
0.69093
0.69171
0.692472
0.693212
0.693932
0.69463
0.695306
0.69596
0.696592
0.697201
0.697786
0.698347
0.698885
0.699399
0.699888
0.700353
0.700794
0.70121
0.7016
0.701965
0.702305
0.702618
0.702906
0.703169
0.703407
0.703619
0.703807
0.703968
0.704104
0.704214
0.704298
0.704356
0.704386
0.704391
0.70437
0.704322
0.704249
0.70415
0.704024
0.703873
0.703694
0.70349
0.70326
0.703003
0.702719
0.702408
0.70207
0.701704
0.701312
0.700892
0.700444
0.699969
0.699468
0.698938
0.698382
0.697796
0.697183
0.696542
0.695872
0.695175
0.69445
0.693695
0.692913
0.692102
0.691264
0.690398
0.689505
0.688585
0.687639
0.686666
0.685667
0.684642
0.683592
0.682516
0.681415
0.680292
0.679145
0.677976
0.676785
0.675573
0.674341
0.673091
0.671824
0.670541
0.669242
0.667929
0.666604
0.665269
0.663925
0.662572
0.661214
0.659851
0.658485
0.657118
0.65575
0.654385
0.653024
0.651668
0.65032
0.64898
0.647651
0.646335
0.645032
0.643746
0.642477
0.641228
0.639999
0.638792
0.63761
0.636451
0.635321
0.634219
0.633147
0.632105
0.631096
0.630119
0.629178
0.628272
0.627402
0.626569
0.625773
0.625016
0.624297
0.623619
0.62298
0.622381
0.621823
0.621306
0.620831
0.620396
0.620003
0.619651
0.619341
0.619071
0.618842
0.618652
0.618501
0.618389
0.618315
0.618278
0.618277
0.618311
0.618379
0.618479
0.618609
0.618771
0.618961
0.619179
0.619422
0.61969
0.619981
0.620293
0.620625
0.620974
0.62134
0.621723
0.622119
0.622527
0.622944
0.623368
0.6238
0.624236
0.624676
0.625116
0.625556
0.625994
0.626428
0.626858
0.62728
0.627694
0.628098
0.628491
0.628871
0.629238
0.629591
0.629928
0.63025
0.799863
0.800025
0.800115
0.800133
0.800079
0.799951
0.799751
0.799477
0.799132
0.798715
0.798227
0.797668
0.797039
0.796342
0.795578
0.794749
0.793855
0.792898
0.791882
0.790808
0.789678
0.788493
0.787257
0.785971
0.784637
0.78326
0.781842
0.780385
0.778892
0.777367
0.775812
0.774232
0.772628
0.771005
0.769364
0.76771
0.766045
0.764373
0.762698
0.761021
0.759347
0.757679
0.75602
0.754374
0.752741
0.751126
0.749532
0.747961
0.746417
0.744902
0.743419
0.74197
0.740558
0.739184
0.737851
0.73656
0.735314
0.734113
0.732959
0.731854
0.730799
0.729796
0.728844
0.727946
0.727102
0.726313
0.725579
0.7249
0.724277
0.723709
0.723196
0.722739
0.722338
0.721991
0.7217
0.721463
0.721279
0.721148
0.72107
0.721044
0.721068
0.721142
0.721264
0.721434
0.72165
0.721912
0.722217
0.722564
0.722951
0.723377
0.723839
0.724339
0.724873
0.72544
0.726037
0.726664
0.727317
0.727996
0.728697
0.729421
0.730163
0.730922
0.731696
0.73248
0.733275
0.734077
0.734885
0.735695
0.736506
0.737315
0.738119
0.738916
0.739703
0.740477
0.741237
0.741981
0.742706
0.74341
0.74409
0.744743
0.745369
0.745964
0.746527
0.747056
0.747549
0.748004
0.74842
0.748795
0.749127
0.749415
0.749657
0.749852
0.749999
0.750099
0.750149
0.750149
0.750097
0.749995
0.74984
0.749634
0.749375
0.749064
0.748701
0.748286
0.747821
0.747304
0.746737
0.746119
0.745451
0.744734
0.743968
0.743156
0.742297
0.741393
0.740445
0.739454
0.738422
0.73735
0.736239
0.735091
0.733906
0.732687
0.731436
0.730153
0.72884
0.727499
0.72613
0.724736
0.723316
0.721874
0.720411
0.71893
0.71743
0.715914
0.714384
0.71284
0.711284
0.709718
0.708144
0.706562
0.704974
0.703382
0.701788
0.700194
0.698601
0.697012
0.695427
0.693847
0.692274
0.690709
0.689154
0.68761
0.686079
0.684562
0.683061
0.681578
0.680114
0.678671
0.677251
0.675855
0.674485
0.673142
0.671829
0.670547
0.669298
0.668083
0.666905
0.665763
0.664662
0.663601
0.662582
0.661608
0.66068
0.659798
0.658965
0.658182
0.657451
0.656772
0.656149
0.655582
0.655073
0.654622
0.654233
0.653904
0.653636
0.653432
0.653292
0.653216
0.653208
0.653266
0.653391
0.653583
0.653843
0.654171
0.654567
0.655032
0.655564
0.656165
0.656834
0.657571
0.658374
0.659245
0.66018
0.66118
0.662244
0.66337
0.664557
0.665804
0.667111
0.668474
0.669893
0.671364
0.672888
0.674461
0.676081
0.677748
0.679457
0.681207
0.682996
0.68482
0.686679
0.688568
0.690486
0.692431
0.694398
0.696386
0.698391
0.70041
0.702442
0.704483
0.70653
0.708581
0.710633
0.712683
0.714729
0.716767
0.718795
0.720811
0.722813
0.724796
0.726759
0.728699
0.730614
0.732501
0.734359
0.736185
0.737978
0.739735
0.741454
0.743131
0.744767
0.746359
0.747906
0.749407
0.750861
0.752266
0.753619
0.754918
0.756162
0.757351
0.758484
0.759559
0.760575
0.761531
0.762425
0.763258
0.764028
0.764735
0.765378
0.765957
0.766471
0.76692
0.767305
0.767625
0.76788
0.76807
0.768194
0.768253
0.768246
0.768173
0.768035
0.767832
0.767563
0.767229
0.766831
0.766369
0.765845
0.765258
0.764609
0.763898
0.763127
0.762296
0.761405
0.760456
0.75945
0.758388
0.757271
0.7561
0.754877
0.753603
0.752281
0.750911
0.749496
0.748037
0.746536
0.744994
0.743412
0.741793
0.740139
0.738452
0.736734
0.734986
0.733212
0.731414
0.729594
0.727754
0.725897
0.724026
0.722142
0.720249
0.71835
0.716446
0.714541
0.712637
0.710737
0.708843
0.706959
0.705088
0.703233
0.701395
0.699578
0.697784
0.696015
0.694275
0.692565
0.690888
0.689247
0.687643
0.68608
0.684561
0.683087
0.68166
0.680281
0.678953
0.677677
0.676454
0.675285
0.674172
0.673117
0.67212
0.671182
0.670304
0.669486
0.668728
0.66803
0.667393
0.666815
0.666296
0.665837
0.665436
0.665093
0.664808
0.66458
0.664406
0.664285
0.664219
0.664203
0.664236
0.664316
0.664443
0.664614
0.664828
0.665081
0.665371
0.665698
0.666059
0.666451
0.666873
0.667323
0.667797
0.668294
0.668813
0.669352
0.669909
0.670481
0.671066
0.671663
0.672268
0.672881
0.673499
0.674121
0.674744
0.675367
0.675988
0.676604
0.677216
0.677821
0.678418
0.679008
0.679588
0.680158
0.680717
0.681264
0.681799
0.682321
0.682829
0.683323
0.683802
0.684267
0.684718
0.685154
0.685574
0.685978
0.686367
0.686741
0.6871
0.687445
0.687775
0.688091
0.688392
0.68868
0.688955
0.689216
0.689465
0.689701
0.689925
0.690139
0.690341
0.690532
0.690713
0.690883
0.691043
0.691195
0.691337
0.69147
0.691596
0.691712
0.69182
0.691921
0.692013
0.692097
0.692173
0.692242
0.692304
0.692359
0.692407
0.692447
0.692481
0.692507
0.692527
0.692539
0.692545
0.692545
0.692538
0.692524
0.692503
0.692477
0.692445
0.692407
0.692363
0.692316
0.692264
0.692208
0.69215
0.692087
0.692021
0.691953
0.691882
0.691811
0.691738
0.691665
0.691594
0.691525
0.69146
0.6914
0.691345
0.691296
0.691254
0.69122
0.691194
0.691177
0.691171
0.691179
0.691201
0.691238
0.69129
0.691358
0.691444
0.691548
0.691673
0.691819
0.691987
0.692177
0.69239
0.692626
0.692887
0.693173
0.693485
0.693823
0.694188
0.694581
0.695002
0.69545
0.695926
0.696429
0.69696
0.697519
0.698105
0.698716
0.699354
0.700018
0.700708
0.701424
0.702164
0.702927
0.703713
0.704519
0.705344
0.706189
0.707052
0.707933
0.708828
0.709738
0.710659
0.711592
0.712536
0.713489
0.71445
0.715418
0.71639
0.717366
0.718344
0.719323
0.720301
0.721278
0.722252
0.723222
0.724185
0.725141
0.726088
0.727025
0.727951
0.728865
0.729766
0.730654
0.731526
0.732384
0.733224
0.734047
0.734852
0.735638
0.736405
0.737154
0.737883
0.738592
0.739281
0.739951
0.7406
0.741229
0.741837
0.742425
0.742993
0.743542
0.744071
0.744581
0.745072
0.745543
0.745996
0.746431
0.74685
0.747253
0.74764
0.748012
0.748369
0.748712
0.749041
0.749356
0.74966
0.749952
0.750234
0.750508
0.750774
0.751033
0.751286
0.751533
0.751777
0.752018
0.752258
0.752496
0.752734
0.752974
0.753215
0.753459
0.753705
0.753956
0.754212
0.754475
0.754744
0.755021
0.755307
0.755602
0.755907
0.756223
0.756552
0.756893
0.757246
0.757613
0.757995
0.758392
0.758804
0.759231
0.759674
0.760134
0.760611
0.761105
0.761616
0.762144
0.762688
0.763249
0.763826
0.76442
0.765029
0.765653
0.766293
0.766947
0.767617
0.7683
0.768995
0.769702
0.770418
0.771144
0.771879
0.772622
0.773371
0.774126
0.774886
0.77565
0.776416
0.777183
0.77795
0.778716
0.779481
0.780242
0.780999
0.781752
0.782499
0.783238
0.78397
0.784693
0.785407
0.78611
0.786803
0.787484
0.788155
0.788816
0.789465
0.790101
0.790724
0.791334
0.79193
0.792513
0.793082
0.793637
0.794178
0.794704
0.795216
0.795714
0.796197
0.796666
0.797121
0.797562
0.797988
0.7984
0.798799
0.799185
0.799558
0.799918
0.800266
0.800601
0.800921
0.801229
0.801524
0.801806
0.802076
0.802332
0.802577
0.802809
0.803026
0.803229
0.803418
0.803592
0.80375
0.803894
0.804022
0.804135
0.804231
0.804311
0.804374
0.804419
0.804445
0.804452
0.804439
0.804405
0.80435
0.804274
0.804177
0.804057
0.803913
0.803745
0.803551
0.803331
0.803085
0.80281
0.802507
0.802175
0.801814
0.801423
0.801002
0.800549
0.800064
0.799545
0.798995
0.79841
0.797792
0.797139
0.796451
0.795728
0.79497
0.79418
0.793356
0.792497
0.791604
0.790677
0.789715
0.788719
0.787689
0.786626
0.785531
0.784405
0.783246
0.782058
0.780839
0.779591
0.778314
0.777009
0.775678
0.774321
0.772939
0.771533
0.770105
0.768654
0.767183
0.765692
0.764183
0.762657
0.761115
0.759559
0.75799
0.75641
0.75482
0.753221
0.751614
0.750002
0.748386
0.746767
0.745146
0.743524
0.741904
0.740286
0.738672
0.737064
0.735461
0.733867
0.732281
0.730706
0.729144
0.727595
0.72606
0.724541
0.723039
0.721556
0.720092
0.718648
0.717227
0.715828
0.714455
0.713107
0.711787
0.710495
0.709233
0.708002
0.706803
0.705637
0.704504
0.703405
0.702343
0.701318
0.700332
0.699385
0.698477
0.697609
0.696783
0.695999
0.695259
0.694561
0.693908
0.693301
0.692738
0.692221
0.69175
0.691327
0.69095
0.69062
0.690336
0.690099
0.689908
0.689764
0.689665
0.689611
0.689602
0.689636
0.689713
0.689833
0.689994
0.690195
0.690436
0.690714
0.691028
0.691377
0.69176
0.692176
0.692621
0.693095
0.693595
0.694121
0.69467
0.695241
0.69583
0.696436
0.697057
0.69769
0.698333
0.698984
0.699642
0.700303
0.700967
0.70163
0.702291
0.702948
0.7036
0.704244
0.704879
0.705503
0.706114
0.706711
0.707293
0.707858
0.708406
0.708934
0.70944
0.709924
0.710387
0.710825
0.71124
0.711629
0.711993
0.71233
0.712641
0.712925
0.713182
0.713411
0.713613
0.713787
0.713934
0.714054
0.714147
0.714214
0.714255
0.714271
0.714262
0.714227
0.714168
0.714086
0.71398
0.713853
0.713703
0.713532
0.71334
0.713129
0.712899
0.712651
0.712385
0.712102
0.711802
0.711487
0.711157
0.710812
0.710453
0.710081
0.709697
0.7093
0.708893
0.708475
0.708049
0.707613
0.70717
0.706719
0.706261
0.705797
0.705329
0.704857
0.704381
0.703902
0.70342
0.702935
0.702449
0.701963
0.701478
0.700992
0.700507
0.700024
0.699543
0.699065
0.698591
0.698122
0.697658
0.697201
0.696752
0.69631
0.695879
0.695457
0.695046
0.694646
0.694259
0.693886
0.693527
0.693184
0.692857
0.692549
0.692259
0.691988
0.691738
0.69151
0.691304
0.691121
0.690962
0.690829
0.690722
0.690642
0.690591
0.69057
0.690579
0.690618
0.690689
0.690792
0.690928
0.691096
0.691299
0.691536
0.691807
0.799888
0.800156
0.800434
0.800721
0.801018
0.801325
0.801643
0.801972
0.802312
0.802663
0.803026
0.8034
0.803785
0.80418
0.804584
0.804998
0.805421
0.805851
0.806289
0.806733
0.807184
0.807639
0.808098
0.80856
0.809024
0.809489
0.809953
0.810416
0.810877
0.811336
0.81179
0.812238
0.81268
0.813113
0.813537
0.813951
0.814353
0.814744
0.815122
0.815485
0.815833
0.816163
0.816475
0.816769
0.817044
0.817297
0.817529
0.817738
0.817922
0.818082
0.818217
0.818326
0.818408
0.818462
0.818489
0.818486
0.818455
0.818395
0.818304
0.818182
0.81803
0.817845
0.817628
0.817377
0.817094
0.816778
0.816431
0.816052
0.815639
0.815194
0.814714
0.8142
0.813653
0.813071
0.812455
0.811806
0.811122
0.810405
0.809654
0.808871
0.808054
0.807205
0.806323
0.80541
0.804464
0.803486
0.802477
0.801436
0.800366
0.799268
0.798141
0.796986
0.795803
0.794595
0.79336
0.7921
0.790816
0.78951
0.788182
0.786833
0.785465
0.784079
0.782676
0.781258
0.779825
0.778377
0.776918
0.775448
0.773969
0.772484
0.770993
0.769499
0.768003
0.766505
0.765007
0.763511
0.762019
0.760534
0.759056
0.757587
0.75613
0.754684
0.753252
0.751837
0.750438
0.749059
0.747698
0.74636
0.745044
0.743753
0.742488
0.741249
0.740039
0.738856
0.737704
0.736581
0.735489
0.734428
0.733398
0.7324
0.731435
0.730501
0.729599
0.72873
0.727894
0.727088
0.726314
0.725572
0.724858
0.724171
0.723511
0.722877
0.722268
0.721682
0.721118
0.720575
0.72005
0.719542
0.71905
0.718573
0.71811
0.717658
0.717216
0.716785
0.716361
0.715944
0.715531
0.715121
0.714714
0.714307
0.713902
0.713496
0.71309
0.712681
0.712269
0.711854
0.711436
0.711014
0.710587
0.710156
0.709722
0.709284
0.708842
0.708397
0.70795
0.7075
0.707051
0.706601
0.706152
0.705705
0.705261
0.70482
0.704385
0.703955
0.703531
0.703117
0.702712
0.702319
0.701939
0.701571
0.701219
0.700882
0.700562
0.700262
0.699982
0.699723
0.699488
0.699276
0.69909
0.698931
0.6988
0.698698
0.698626
0.698586
0.698578
0.698605
0.698667
0.698764
0.698898
0.699069
0.699278
0.699526
0.699814
0.700144
0.700516
0.70093
0.701388
0.70189
0.702436
0.703026
0.703662
0.704343
0.705069
0.705842
0.706661
0.707526
0.708438
0.709396
0.7104
0.71145
0.712546
0.713688
0.714876
0.716107
0.717383
0.718703
0.720065
0.721469
0.722915
0.724402
0.725929
0.727494
0.729098
0.730738
0.732415
0.734125
0.735869
0.737646
0.739454
0.741291
0.743157
0.745048
0.746964
0.748903
0.750866
0.752849
0.75485
0.756869
0.758905
0.760954
0.763018
0.765093
0.767179
0.769274
0.771377
0.773486
0.775601
0.777718
0.779839
0.781962
0.784087
0.786211
0.788334
0.790455
0.792574
0.794689
0.796801
0.798907
0.801009
0.803104
0.805193
0.807275
0.80935
0.811417
0.813475
0.815525
0.817565
0.819594
0.821612
0.823619
0.825614
0.827597
0.829567
0.831522
0.833464
0.835391
0.837302
0.839196
0.841072
0.842929
0.844767
0.846585
0.848381
0.850155
0.851905
0.85363
0.85533
0.857001
0.858644
0.860257
0.861841
0.863393
0.864911
0.866395
0.867841
0.869251
0.870621
0.87195
0.873238
0.874483
0.875684
0.876841
0.877951
0.879015
0.88003
0.880995
0.881911
0.882776
0.883589
0.884351
0.88506
0.885715
0.886314
0.886859
0.887347
0.887779
0.888155
0.888476
0.888739
0.888946
0.889096
0.889192
0.889233
0.889218
0.889147
0.889023
0.888844
0.888611
0.888324
0.887983
0.88759
0.887145
0.88665
0.886104
0.885508
0.884864
0.884172
0.883433
0.882651
0.881825
0.880956
0.880044
0.879091
0.878097
0.877064
0.875994
0.874888
0.873747
0.872571
0.871363
0.870124
0.868855
0.867555
0.866227
0.864871
0.863491
0.862087
0.86066
0.859211
0.857743
0.856256
0.854751
0.853228
0.851688
0.850133
0.848563
0.84698
0.845384
0.843776
0.842156
0.840528
0.838891
0.837245
0.835592
0.833933
0.832268
0.830598
0.828924
0.827246
0.825566
0.823884
0.8222
0.820515
0.818828
0.817143
0.815459
0.813777
0.812096
0.810419
0.808744
0.807074
0.805409
0.803749
0.802096
0.800449
0.79881
0.79718
0.795559
0.793947
0.792346
0.790756
0.789179
0.787616
0.786067
0.784533
0.783016
0.781515
0.780032
0.778569
0.777126
0.775704
0.774304
0.772927
0.771575
0.770246
0.768945
0.767671
0.766425
0.765207
0.764018
0.762861
0.761736
0.760643
0.759582
0.758555
0.757562
0.756604
0.755681
0.754795
0.753945
0.753133
0.752358
0.751622
0.750925
0.750267
0.749648
0.749067
0.748526
0.748023
0.74756
0.747136
0.74675
0.746403
0.746094
0.745822
0.745587
0.74539
0.745228
0.745102
0.745011
0.744955
0.744932
0.744943
0.744986
0.745061
0.745168
0.745306
0.745473
0.745671
0.745897
0.746152
0.746434
0.746744
0.747079
0.747441
0.747827
0.748238
0.748674
0.749134
0.749617
0.750124
0.750653
0.751205
0.751781
0.752379
0.753
0.753643
0.75431
0.755
0.755712
0.756447
0.757205
0.757986
0.758789
0.759614
0.76046
0.761326
0.762214
0.763122
0.76405
0.764997
0.765963
0.766947
0.767948
0.768964
0.769995
0.771038
0.772093
0.773157
0.77423
0.775308
0.776391
0.777477
0.778564
0.779649
0.78073
0.781805
0.782871
0.783926
0.784967
0.785993
0.787
0.787985
0.788946
0.789881
0.790785
0.791659
0.792498
0.7933
0.794063
0.794784
0.795462
0.796093
0.796675
0.797206
0.797686
0.798112
0.798482
0.798796
0.799053
0.799249
0.799385
0.79946
0.799472
0.799422
0.799308
0.799131
0.798891
0.798588
0.798223
0.797795
0.797307
0.79676
0.796153
0.795489
0.794769
0.793995
0.793169
0.792293
0.791369
0.790399
0.789385
0.788331
0.787238
0.78611
0.784948
0.783757
0.782539
0.781298
0.780036
0.778755
0.777459
0.77615
0.774831
0.773506
0.772177
0.770849
0.769525
0.768207
0.766898
0.7656
0.764318
0.763054
0.761809
0.760586
0.759388
0.758216
0.757073
0.755961
0.754881
0.753836
0.752826
0.751853
0.75092
0.750027
0.749174
0.748363
0.747595
0.746869
0.746187
0.74555
0.744958
0.74441
0.743905
0.743444
0.743026
0.742651
0.742318
0.742027
0.741776
0.741565
0.741393
0.741259
0.741163
0.741102
0.741077
0.741085
0.741126
0.741199
0.741304
0.741438
0.7416
0.741787
0.741998
0.742234
0.742493
0.742775
0.743076
0.743396
0.743734
0.744088
0.744459
0.744845
0.745246
0.74566
0.746087
0.746526
0.746976
0.747436
0.747907
0.748389
0.748878
0.749377
0.749883
0.750397
0.750919
0.751449
0.751987
0.752533
0.753087
0.753649
0.75422
0.754798
0.755384
0.755979
0.756581
0.757193
0.757813
0.758444
0.759085
0.759737
0.7604
0.761074
0.761761
0.762461
0.763175
0.763902
0.764643
0.765398
0.766168
0.766952
0.767752
0.768568
0.7694
0.770249
0.771114
0.771997
0.772898
0.773817
0.774755
0.775712
0.776687
0.777682
0.778697
0.779731
0.780785
0.78186
0.782953
0.784068
0.785202
0.786357
0.787531
0.788726
0.78994
0.791173
0.792425
0.793695
0.794984
0.796291
0.797615
0.798956
0.800312
0.801684
0.803069
0.804467
0.805878
0.8073
0.808735
0.81018
0.811634
0.813095
0.814563
0.816036
0.817513
0.818993
0.820474
0.821956
0.823436
0.824915
0.826391
0.827861
0.829323
0.830777
0.832219
0.83365
0.835067
0.836468
0.837853
0.839218
0.840564
0.841888
0.843187
0.84446
0.845706
0.846923
0.84811
0.849266
0.850388
0.851475
0.852526
0.85354
0.854516
0.855453
0.856349
0.857205
0.858019
0.85879
0.859517
0.860199
0.860836
0.861427
0.861972
0.862471
0.862923
0.863329
0.863686
0.863997
0.864259
0.864475
0.864643
0.864764
0.864841
0.864871
0.864857
0.864798
0.864694
0.864546
0.864353
0.864116
0.863836
0.863513
0.863148
0.862741
0.862292
0.861802
0.861271
0.860699
0.860087
0.859434
0.858741
0.858009
0.857238
0.856426
0.855576
0.854688
0.853762
0.852798
0.851797
0.850758
0.84968
0.848564
0.84741
0.846219
0.844991
0.843723
0.842418
0.841076
0.839696
0.838281
0.836829
0.835341
0.833816
0.832254
0.830657
0.829025
0.827359
0.825659
0.823927
0.822163
0.820369
0.818545
0.816692
0.814811
0.812905
0.810976
0.809024
0.807052
0.805061
0.803056
0.801034
0.799
0.796955
0.794901
0.792841
0.790776
0.788709
0.786644
0.784581
0.782524
0.780477
0.778441
0.776419
0.774416
0.772432
0.77047
0.768535
0.766629
0.764753
0.762911
0.761105
0.759339
0.757615
0.755935
0.754301
0.752717
0.751183
0.749704
0.748281
0.746914
0.745606
0.744358
0.743172
0.742048
0.740988
0.739993
0.739063
0.7382
0.737404
0.736675
0.736013
0.735419
0.734893
0.734434
0.734041
0.733715
0.733453
0.733255
0.73312
0.733047
0.733035
0.733082
0.733185
0.733345
0.733559
0.733825
0.734143
0.734509
0.734921
0.735377
0.735876
0.736414
0.736989
0.7376
0.738243
0.738917
0.73962
0.740347
0.741099
0.741872
0.742663
0.74347
0.744291
0.745123
0.745964
0.746811
0.747663
0.748516
0.74937
0.750222
0.75107
0.751913
0.752747
0.75357
0.754381
0.755178
0.755958
0.756719
0.757459
0.758177
0.758872
0.759541
0.760184
0.7608
0.761386
0.761944
0.762471
0.762967
0.763432
0.763864
0.764263
0.764627
0.764956
0.765251
0.765512
0.765738
0.76593
0.766088
0.766213
0.766305
0.766366
0.766395
0.766392
0.766359
0.766297
0.766205
0.766086
0.765939
0.765767
0.765569
0.765348
0.765106
0.764843
0.76456
0.76426
0.763943
0.763613
0.763269
0.762915
0.76255
0.762178
0.7618
0.761419
0.761037
0.760656
0.760278
0.759903
0.759534
0.759171
0.758816
0.758473
0.758142
0.757824
0.757522
0.757237
0.756971
0.756725
0.7565
0.756298
0.756121
0.755969
0.755844
0.755746
0.755677
0.75564
0.755633
0.75566
0.75572
0.755815
0.755945
0.756112
0.799893
0.800051
0.800236
0.800447
0.800687
0.800955
0.801252
0.801579
0.801937
0.802325
0.802745
0.803195
0.803676
0.804188
0.804731
0.805306
0.805912
0.806549
0.807218
0.807917
0.808647
0.809407
0.810196
0.811013
0.811859
0.812733
0.813635
0.814562
0.815515
0.816492
0.817494
0.81852
0.819567
0.820635
0.821723
0.82283
0.823954
0.825094
0.826248
0.827416
0.828596
0.829787
0.830989
0.832198
0.833414
0.834638
0.835867
0.8371
0.838335
0.839571
0.840807
0.84204
0.84327
0.844494
0.845712
0.846922
0.848123
0.849315
0.850495
0.851664
0.852821
0.853962
0.855088
0.856198
0.857291
0.858365
0.859421
0.860458
0.861474
0.862469
0.863444
0.864395
0.865324
0.86623
0.867111
0.867967
0.8688
0.869607
0.87039
0.871148
0.871881
0.872589
0.873271
0.873927
0.874557
0.875162
0.87574
0.876293
0.876821
0.877323
0.877802
0.878256
0.878687
0.879093
0.879477
0.879837
0.880176
0.880494
0.88079
0.881067
0.881324
0.881562
0.881782
0.881986
0.882172
0.882343
0.882498
0.882641
0.882769
0.882884
0.882988
0.88308
0.883162
0.883234
0.883298
0.883354
0.883403
0.883446
0.883484
0.883517
0.883547
0.883575
0.8836
0.883625
0.883649
0.883675
0.883701
0.883729
0.883759
0.88379
0.883824
0.883862
0.883904
0.883948
0.883998
0.884052
0.884111
0.884174
0.884242
0.884314
0.88439
0.884469
0.88455
0.884635
0.884722
0.884811
0.884902
0.884994
0.885086
0.885176
0.885266
0.885354
0.88544
0.885521
0.885598
0.885667
0.885729
0.885781
0.885823
0.885853
0.885872
0.885876
0.885867
0.885843
0.885802
0.885744
0.885667
0.885569
0.88545
0.885309
0.885144
0.884955
0.884741
0.884502
0.884236
0.883943
0.883622
0.883272
0.882893
0.882485
0.882047
0.88158
0.881083
0.880555
0.879997
0.879408
0.878788
0.878138
0.877457
0.876746
0.876005
0.875235
0.874436
0.873608
0.872752
0.871868
0.870957
0.870021
0.869059
0.868072
0.867062
0.866029
0.864972
0.863895
0.862796
0.861678
0.86054
0.859384
0.858209
0.857019
0.855813
0.854593
0.853358
0.85211
0.850848
0.849575
0.84829
0.846994
0.845687
0.844372
0.843048
0.841716
0.840377
0.839032
0.837682
0.836327
0.834967
0.833605
0.83224
0.830873
0.829504
0.828135
0.826765
0.825394
0.824024
0.822655
0.821287
0.819922
0.81856
0.8172
0.815843
0.814491
0.813143
0.811799
0.81046
0.809127
0.807802
0.806485
0.805176
0.803875
0.802584
0.801303
0.800031
0.798771
0.797523
0.796288
0.795066
0.793859
0.792666
0.791488
0.790326
0.78918
0.788052
0.786941
0.785848
0.784774
0.783718
0.782681
0.781665
0.780668
0.779691
0.778735
0.777799
0.776883
0.775987
0.775113
0.774259
0.773425
0.77261
0.771815
0.771038
0.77028
0.76954
0.768818
0.768113
0.767425
0.766753
0.766094
0.765449
0.764817
0.764195
0.763584
0.762983
0.76239
0.761804
0.761224
0.76065
0.760079
0.759511
0.758943
0.758376
0.757807
0.757235
0.756657
0.756075
0.755485
0.754887
0.754279
0.75366
0.753031
0.752389
0.751733
0.751062
0.750377
0.749674
0.748953
0.748215
0.747457
0.74668
0.745882
0.745065
0.744228
0.743371
0.742492
0.741594
0.740674
0.739734
0.738774
0.737795
0.736797
0.73578
0.734746
0.733694
0.732625
0.73154
0.730439
0.729322
0.728193
0.727052
0.725901
0.72474
0.723569
0.722392
0.721208
0.720019
0.718827
0.717632
0.716438
0.715245
0.714054
0.712869
0.71169
0.710518
0.709354
0.7082
0.707058
0.70593
0.704816
0.703718
0.702638
0.701577
0.700536
0.699516
0.698519
0.697546
0.696597
0.695675
0.694779
0.693912
0.693074
0.692267
0.69149
0.690744
0.690031
0.689351
0.688705
0.688092
0.687514
0.686972
0.686464
0.685993
0.685558
0.685158
0.684796
0.68447
0.68418
0.683928
0.683712
0.683534
0.683392
0.683287
0.68322
0.683189
0.683194
0.683237
0.683315
0.683431
0.683584
0.683773
0.683999
0.68426
0.684557
0.684891
0.685259
0.685664
0.686103
0.686577
0.687085
0.687629
0.688207
0.688819
0.689464
0.690141
0.690851
0.691594
0.69237
0.693178
0.694018
0.694889
0.695792
0.696727
0.697691
0.698686
0.69971
0.700763
0.701845
0.702956
0.704095
0.705261
0.706454
0.707672
0.708917
0.710188
0.711484
0.712805
0.714149
0.715517
0.716908
0.718322
0.719759
0.721219
0.7227
0.724202
0.725725
0.727267
0.728828
0.730406
0.732003
0.733616
0.735245
0.73689
0.73855
0.740225
0.741915
0.74362
0.745339
0.74707
0.748814
0.750569
0.752334
0.754111
0.755898
0.757694
0.759499
0.761313
0.763135
0.764965
0.766802
0.768645
0.770494
0.77235
0.77421
0.776073
0.777941
0.779812
0.781686
0.783562
0.785441
0.787321
0.789202
0.791083
0.792964
0.794844
0.796723
0.798598
0.800471
0.802339
0.804202
0.80606
0.807911
0.809756
0.811593
0.813422
0.81524
0.817048
0.818844
0.820627
0.822397
0.824153
0.825893
0.827615
0.829319
0.831003
0.832666
0.834307
0.835926
0.837521
0.839091
0.840633
0.842146
0.843631
0.845085
0.846508
0.847898
0.849253
0.850573
0.851856
0.853103
0.854311
0.85548
0.856609
0.857697
0.858744
0.859749
0.86071
0.861627
0.8625
0.863327
0.864108
0.864843
0.865531
0.866173
0.866768
0.867316
0.867816
0.868268
0.868672
0.869029
0.869338
0.869598
0.869809
0.869972
0.870086
0.870151
0.870168
0.870136
0.870056
0.869927
0.869752
0.869531
0.869262
0.868946
0.868581
0.868168
0.867709
0.867202
0.866647
0.866046
0.865398
0.864703
0.863962
0.863176
0.862346
0.861472
0.860554
0.859593
0.858589
0.857544
0.856457
0.855329
0.854162
0.852956
0.851713
0.850432
0.849115
0.847763
0.846377
0.84496
0.843513
0.842038
0.840538
0.839012
0.837465
0.835897
0.834311
0.832709
0.831095
0.82947
0.827837
0.8262
0.824561
0.822924
0.821292
0.819669
0.818057
0.81646
0.814882
0.813324
0.81179
0.810284
0.808808
0.807366
0.805962
0.804599
0.803279
0.802005
0.800782
0.799611
0.798496
0.797438
0.796442
0.795508
0.794639
0.793837
0.793104
0.792441
0.791851
0.791334
0.790892
0.790524
0.790231
0.790014
0.789874
0.78981
0.789822
0.789909
0.790071
0.790307
0.790618
0.791
0.791451
0.791969
0.792552
0.793199
0.793907
0.794673
0.795495
0.796371
0.797296
0.798268
0.799283
0.800339
0.801431
0.802557
0.803712
0.804892
0.806096
0.807318
0.808555
0.809804
0.811062
0.812322
0.813583
0.814838
0.816084
0.817319
0.818538
0.819737
0.820913
0.822063
0.823185
0.824274
0.825326
0.826338
0.827307
0.82823
0.829105
0.829928
0.830697
0.831409
0.832062
0.832654
0.833183
0.833647
0.834044
0.834373
0.834632
0.83482
0.834936
0.834978
0.834948
0.834843
0.834664
0.834409
0.834079
0.833675
0.833196
0.832642
0.832015
0.831315
0.830544
0.829703
0.828793
0.827817
0.826774
0.825667
0.824498
0.823269
0.821982
0.820639
0.819243
0.817797
0.816305
0.814768
0.813189
0.811571
0.809918
0.808233
0.806519
0.80478
0.80302
0.801241
0.799447
0.797644
0.795834
0.794021
0.792208
0.790401
0.788601
0.786813
0.785041
0.783288
0.781557
0.779851
0.778175
0.776532
0.774925
0.773356
0.77183
0.770349
0.768916
0.767534
0.766205
0.764931
0.763716
0.762562
0.761471
0.760444
0.759484
0.758592
0.757768
0.757015
0.756334
0.755726
0.755192
0.754731
0.754344
0.754031
0.753794
0.753631
0.753542
0.753526
0.753583
0.753711
0.753911
0.754181
0.754521
0.754929
0.755404
0.755944
0.756548
0.757214
0.757941
0.758724
0.759564
0.760457
0.7614
0.762392
0.763431
0.764513
0.765637
0.766801
0.768001
0.769235
0.7705
0.771794
0.773115
0.774461
0.775829
0.777218
0.778623
0.780044
0.781477
0.78292
0.78437
0.785825
0.787282
0.788741
0.790199
0.791654
0.793105
0.794549
0.795984
0.797409
0.798823
0.800224
0.801612
0.802984
0.804339
0.805675
0.806991
0.808288
0.809564
0.810818
0.81205
0.813259
0.814446
0.815608
0.816748
0.817864
0.818954
0.820021
0.821063
0.82208
0.823072
0.824039
0.82498
0.825898
0.826791
0.827661
0.828507
0.829331
0.830133
0.830913
0.831672
0.83241
0.833129
0.833827
0.834507
0.835168
0.835813
0.836441
0.837053
0.83765
0.838233
0.838801
0.839356
0.839899
0.84043
0.840948
0.841455
0.84195
0.842435
0.842909
0.843373
0.843827
0.844269
0.844702
0.845123
0.845534
0.845935
0.846324
0.846702
0.847069
0.847423
0.847766
0.848096
0.848413
0.848717
0.849006
0.849279
0.849537
0.849778
0.850003
0.850209
0.850396
0.850564
0.850712
0.850839
0.850945
0.851027
0.851085
0.851119
0.851128
0.851111
0.851066
0.850994
0.850894
0.850765
0.850606
0.850416
0.850197
0.849946
0.849664
0.84935
0.849005
0.848627
0.848217
0.847774
0.8473
0.846794
0.846255
0.845686
0.845085
0.844455
0.843795
0.843106
0.842387
0.84164
0.840867
0.840066
0.839241
0.838391
0.837517
0.836621
0.835705
0.83477
0.833819
0.832851
0.831868
0.830871
0.829862
0.828841
0.82781
0.826772
0.825728
0.824679
0.823628
0.822574
0.821521
0.82047
0.819424
0.818381
0.817345
0.816316
0.815297
0.814289
0.813292
0.812308
0.811339
0.810387
0.809451
0.808534
0.807637
0.806761
0.805907
0.805075
0.804266
0.803482
0.802723
0.801988
0.801279
0.800597
0.799941
0.799311
0.798708
0.798132
0.797582
0.79706
0.796565
0.796096
0.795653
0.795237
0.794846
0.794481
0.79414
0.793826
0.793536
0.79327
0.793027
0.792808
0.792611
0.792437
0.792283
0.792151
0.79204
0.791949
0.791879
0.79183
0.791801
0.791792
0.791802
0.791832
0.791879
0.791945
0.792029
0.792131
0.792251
0.792389
0.792545
0.792719
0.792911
0.793122
0.793353
0.793603
0.793873
0.794163
0.794473
0.794803
0.795152
0.795522
0.795911
0.796322
0.796754
0.797207
0.797681
0.798175
0.79869
0.799226
0.799783
0.799894
0.800399
0.800926
0.801472
0.802039
0.802627
0.803234
0.80386
0.804506
0.80517
0.805853
0.806555
0.807275
0.808011
0.808764
0.809531
0.810313
0.811109
0.811916
0.812735
0.813565
0.814405
0.815253
0.816108
0.816969
0.817835
0.818706
0.819579
0.820454
0.821329
0.822203
0.823075
0.823945
0.824811
0.825672
0.826526
0.827373
0.828212
0.829042
0.82986
0.830666
0.831459
0.832238
0.833002
0.833751
0.834483
0.835197
0.835892
0.836568
0.837222
0.837853
0.838459
0.83904
0.839594
0.840119
0.840615
0.841081
0.841517
0.84192
0.842289
0.842622
0.84292
0.84318
0.843403
0.843585
0.843726
0.843826
0.843883
0.843895
0.843862
0.843781
0.843653
0.843477
0.843251
0.842977
0.842652
0.842277
0.841849
0.841368
0.840832
0.840241
0.839595
0.838894
0.838136
0.837324
0.836456
0.835532
0.834552
0.833515
0.832423
0.831277
0.830077
0.828823
0.827517
0.826158
0.824749
0.823289
0.82178
0.820224
0.818622
0.816975
0.815285
0.813556
0.811788
0.809983
0.808143
0.80627
0.804367
0.802436
0.80048
0.7985
0.796499
0.79448
0.792448
0.790404
0.78835
0.78629
0.784226
0.782163
0.780101
0.778044
0.775995
0.773957
0.771934
0.769927
0.767941
0.765979
0.764042
0.762133
0.760255
0.75841
0.7566
0.754829
0.753098
0.75141
0.749768
0.748172
0.746625
0.74513
0.743686
0.742295
0.740958
0.739678
0.738455
0.737289
0.736182
0.735133
0.734143
0.733213
0.732342
0.73153
0.730777
0.730082
0.729445
0.728863
0.728338
0.727867
0.72745
0.727084
0.72677
0.726506
0.72629
0.726121
0.725999
0.725921
0.725886
0.725892
0.725937
0.726022
0.726143
0.7263
0.726491
0.726717
0.726976
0.727266
0.727587
0.727937
0.728317
0.728725
0.729159
0.729621
0.730109
0.730623
0.731162
0.731727
0.732317
0.732933
0.733574
0.734238
0.734925
0.735637
0.736371
0.73713
0.737913
0.73872
0.739551
0.740406
0.741283
0.742184
0.743107
0.744054
0.745023
0.746015
0.747029
0.748064
0.749121
0.750199
0.751296
0.752413
0.753549
0.754701
0.75587
0.757056
0.758257
0.759473
0.760702
0.761943
0.763196
0.764457
0.765728
0.767006
0.76829
0.769578
0.77087
0.772163
0.773458
0.774753
0.776046
0.777336
0.778622
0.779902
0.781176
0.782442
0.783699
0.784945
0.786179
0.787402
0.788612
0.789806
0.790983
0.792144
0.793288
0.794412
0.795518
0.796603
0.797667
0.79871
0.799732
0.800732
0.80171
0.802666
0.8036
0.804512
0.805401
0.806269
0.807114
0.807937
0.808739
0.80952
0.810281
0.811021
0.811741
0.812442
0.813122
0.813784
0.814429
0.815056
0.815666
0.81626
0.81684
0.817405
0.817957
0.818496
0.819022
0.819538
0.820045
0.820543
0.821032
0.821515
0.821992
0.822465
0.822934
0.823399
0.823862
0.824322
0.824781
0.825239
0.825696
0.826154
0.826614
0.827074
0.827536
0.828
0.828467
0.828937
0.829409
0.829886
0.830366
0.83085
0.831338
0.831832
0.83233
0.832832
0.833338
0.833848
0.834362
0.834881
0.835404
0.835932
0.836464
0.836999
0.837535
0.838073
0.838613
0.839155
0.839699
0.840244
0.840787
0.841328
0.841866
0.842402
0.842934
0.84346
0.843981
0.844493
0.845
0.845499
0.845988
0.846467
0.846935
0.847391
0.847834
0.848262
0.848675
0.849072
0.849452
0.849815
0.850159
0.850485
0.850791
0.851077
0.851341
0.851583
0.851802
0.851997
0.852169
0.852315
0.852434
0.852526
0.852591
0.852629
0.852639
0.852621
0.852573
0.852496
0.852387
0.852247
0.852076
0.851873
0.851638
0.851371
0.851072
0.85074
0.850376
0.849981
0.849554
0.849096
0.848605
0.848084
0.847531
0.846949
0.846338
0.845699
0.845031
0.844337
0.843615
0.842868
0.842095
0.841297
0.840474
0.839629
0.838762
0.837874
0.836966
0.836041
0.8351
0.834144
0.833173
0.832188
0.831192
0.830186
0.829172
0.828148
0.827117
0.826081
0.82504
0.823997
0.822952
0.821906
0.820861
0.819818
0.818777
0.817741
0.816711
0.815688
0.814671
0.813661
0.812661
0.811672
0.810693
0.809726
0.808772
0.807831
0.806905
0.805995
0.805103
0.804228
0.803372
0.802534
0.801715
0.800915
0.800136
0.799377
0.79864
0.797925
0.797232
0.796562
0.795914
0.795292
0.794693
0.794119
0.79357
0.793049
0.792555
0.792088
0.791649
0.791237
0.790852
0.790497
0.790171
0.789874
0.789608
0.789373
0.789168
0.788995
0.788853
0.788743
0.788666
0.788622
0.788613
0.788637
0.788696
0.788791
0.788921
0.789086
0.789286
0.789521
0.789793
0.790102
0.790447
0.790828
0.791245
0.791697
0.792184
0.792706
0.793263
0.793855
0.79448
0.795137
0.795825
0.796545
0.797295
0.798073
0.798877
0.799708
0.800564
0.801445
0.802347
0.803269
0.80421
0.805169
0.806144
0.807133
0.808133
0.809144
0.810164
0.811191
0.812223
0.81326
0.814299
0.815338
0.816376
0.817413
0.818445
0.819472
0.820493
0.821506
0.822511
0.823506
0.82449
0.825462
0.826423
0.827369
0.828302
0.829219
0.830121
0.831006
0.831873
0.832722
0.833554
0.834367
0.835161
0.835937
0.836695
0.837435
0.838156
0.838858
0.839543
0.840209
0.840859
0.841492
0.842109
0.842708
0.84329
0.843855
0.844402
0.844933
0.845448
0.845947
0.846431
0.846898
0.847351
0.847789
0.848212
0.848619
0.849012
0.84939
0.849753
0.850101
0.850433
0.850749
0.851051
0.851336
0.851604
0.851855
0.852089
0.852307
0.852507
0.85269
0.852854
0.852999
0.853124
0.853228
0.853311
0.853371
0.853409
0.853425
0.853417
0.853384
0.853327
0.853243
0.853133
0.852996
0.852832
0.852641
0.852422
0.852174
0.851896
0.85159
0.851253
0.850885
0.850486
0.850055
0.849591
0.849094
0.848564
0.848002
0.847406
0.846777
0.846117
0.845424
0.844698
0.843938
0.843145
0.84232
0.841461
0.84057
0.839647
0.838693
0.837707
0.836691
0.835643
0.834567
0.833461
0.832327
0.831167
0.829979
0.828763
0.827522
0.826257
0.824967
0.823652
0.822314
0.820953
0.819571
0.818168
0.816745
0.815301
0.813839
0.812358
0.810859
0.809344
0.807814
0.806269
0.804711
0.80314
0.801558
0.799964
0.798361
0.796749
0.795129
0.793502
0.791869
0.790232
0.788592
0.786951
0.78531
0.78367
0.782035
0.780404
0.778779
0.777163
0.775557
0.773964
0.772385
0.770823
0.769282
0.767763
0.766269
0.764802
0.763364
0.761959
0.760589
0.759258
0.757969
0.756724
0.755525
0.754376
0.75328
0.752239
0.751256
0.750332
0.749471
0.748676
0.747947
0.747288
0.7467
0.746186
0.745745
0.745379
0.745089
0.744874
0.744737
0.744677
0.744696
0.744792
0.744964
0.745213
0.745537
0.745934
0.746402
0.746939
0.747542
0.74821
0.74894
0.74973
0.750576
0.751476
0.752428
0.753427
0.754472
0.755558
0.756682
0.757843
0.759038
0.760262
0.761513
0.762787
0.764081
0.765393
0.76672
0.768058
0.769404
0.770757
0.772114
0.773473
0.77483
0.776186
0.777537
0.778881
0.780216
0.78154
0.782852
0.78415
0.785434
0.7867
0.787948
0.789176
0.790383
0.791568
0.79273
0.793869
0.794983
0.796072
0.797134
0.798168
0.799172
0.800147
0.801093
0.802009
0.802893
0.803744
0.804563
0.805347
0.806096
0.806808
0.807485
0.808125
0.808728
0.809293
0.809819
0.810306
0.810753
0.81116
0.811526
0.81185
0.812132
0.812371
0.812567
0.81272
0.812828
0.812891
0.81291
0.812884
0.812813
0.812697
0.812534
0.812326
0.812071
0.81177
0.811424
0.811032
0.810593
0.81011
0.809581
0.809007
0.808389
0.807727
0.80702
0.806271
0.805481
0.804648
0.803773
0.802858
0.801904
0.800911
0.799879
0.798811
0.797706
0.796566
0.795393
0.794188
0.792951
0.791685
0.790392
0.789073
0.787729
0.786365
0.78498
0.783578
0.782158
0.780725
0.779278
0.777821
0.776356
0.774885
0.77341
0.771933
0.770456
0.768981
0.76751
0.766046
0.764591
0.763147
0.761716
0.760299
0.758901
0.757521
0.756164
0.754829
0.753519
0.752237
0.750985
0.749766
0.748579
0.747426
0.746309
0.745229
0.744189
0.743189
0.74223
0.741314
0.740442
0.739614
0.738833
0.738099
0.737413
0.736775
0.736185
0.735644
0.735152
0.734709
0.734316
0.733972
0.733678
0.733435
0.733241
0.733097
0.733004
0.73296
0.732965
0.73302
0.733123
0.733274
0.733473
0.733719
0.734012
0.73435
0.734732
0.735157
0.735627
0.736139
0.736691
0.737283
0.737914
0.738582
0.739287
0.740026
0.740799
0.741605
0.742443
0.743312
0.744209
0.745134
0.746087
0.747065
0.748068
0.749094
0.750142
0.751212
0.752302
0.75341
0.754535
0.755676
0.756833
0.758004
0.759189
0.760386
0.761595
0.762817
0.76405
0.765292
0.766543
0.767803
0.769071
0.770348
0.771631
0.772921
0.774217
0.77552
0.776827
0.778141
0.779459
0.780784
0.782114
0.78345
0.784794
0.786142
0.787495
0.788854
0.790219
0.791589
0.792965
0.794346
0.795733
0.797126
0.798525
0.799931
0.801342
0.802759
0.804182
0.805611
0.807047
0.808489
0.809937
0.811391
0.812851
0.814316
0.815785
0.81726
0.81874
0.820224
0.821711
0.823199
0.82469
0.826182
0.827675
0.829167
0.830657
0.832144
0.833626
0.835104
0.836575
0.838039
0.839493
0.840937
0.842369
0.843788
0.845193
0.846581
0.847951
0.849302
0.850632
0.851941
0.853226
0.854487
0.855722
0.856931
0.858111
0.859261
0.86038
0.861466
0.862518
0.863535
0.864516
0.865462
0.866372
0.867244
0.868078
0.868873
0.869628
0.870344
0.87102
0.871655
0.87225
0.872804
0.873318
0.873791
0.874225
0.874618
0.874973
0.875289
0.875566
0.875806
0.87601
0.876178
0.876312
0.876412
0.876479
0.876514
0.876518
0.87649
0.876433
0.876346
0.876233
0.876093
0.875928
0.875737
0.875522
0.875283
0.875022
0.874741
0.874441
0.874122
0.873783
0.873425
0.87305
0.872658
0.872248
0.871823
0.871382
0.870926
0.870455
0.86997
0.869471
0.868957
0.868429
0.867888
0.867335
0.866768
0.799877
0.799204
0.798538
0.797879
0.797227
0.796581
0.795943
0.795314
0.794692
0.794079
0.793473
0.792877
0.79229
0.791713
0.791146
0.790589
0.790044
0.789512
0.788992
0.788486
0.787994
0.787515
0.78705
0.786602
0.786171
0.785758
0.785363
0.784986
0.784628
0.78429
0.783972
0.783677
0.783404
0.783154
0.782926
0.782722
0.782542
0.782387
0.782257
0.782153
0.782075
0.782024
0.781999
0.782002
0.782031
0.78209
0.782176
0.78229
0.782432
0.782601
0.782798
0.783022
0.783272
0.783549
0.783851
0.784179
0.784532
0.784909
0.78531
0.785734
0.786181
0.786648
0.787137
0.787646
0.788173
0.788719
0.789281
0.78986
0.790452
0.791059
0.791679
0.792309
0.792949
0.793597
0.794253
0.794916
0.795584
0.796256
0.796931
0.797608
0.798286
0.798964
0.799642
0.800317
0.800989
0.801658
0.802321
0.802979
0.803629
0.804271
0.804905
0.805529
0.806143
0.806746
0.807338
0.807918
0.808486
0.809042
0.809585
0.810116
0.810633
0.811137
0.811627
0.812102
0.812563
0.813008
0.813439
0.813854
0.814253
0.814636
0.815004
0.815357
0.815694
0.816016
0.816322
0.816614
0.81689
0.817153
0.817401
0.817636
0.817857
0.818064
0.818257
0.818438
0.818604
0.818758
0.818899
0.819029
0.819147
0.819253
0.819347
0.81943
0.819501
0.819562
0.81961
0.819646
0.819672
0.819686
0.81969
0.819682
0.819663
0.819633
0.819591
0.819538
0.819472
0.819395
0.819306
0.819204
0.81909
0.818964
0.818824
0.81867
0.818502
0.818319
0.818121
0.817908
0.817679
0.817434
0.817173
0.816895
0.816601
0.816289
0.815957
0.815606
0.815235
0.814843
0.81443
0.813995
0.813538
0.813058
0.812557
0.812032
0.811483
0.810909
0.810311
0.809686
0.809036
0.808359
0.807656
0.806926
0.806169
0.805386
0.804576
0.803739
0.802875
0.801985
0.801068
0.800125
0.799156
0.798161
0.79714
0.796094
0.795024
0.793928
0.792809
0.791665
0.790499
0.78931
0.788098
0.786866
0.785614
0.784342
0.783052
0.781744
0.78042
0.779081
0.777729
0.776364
0.774987
0.7736
0.772205
0.770803
0.769395
0.767982
0.766565
0.765146
0.763726
0.762306
0.760888
0.759473
0.758063
0.756658
0.755262
0.753875
0.752499
0.751134
0.749782
0.748442
0.747118
0.745809
0.744517
0.743244
0.741991
0.740758
0.739546
0.738357
0.737192
0.736051
0.734933
0.733841
0.732773
0.731733
0.730718
0.729729
0.728767
0.727833
0.726926
0.726046
0.725193
0.724366
0.723567
0.722795
0.722048
0.721327
0.720632
0.719961
0.719314
0.71869
0.718088
0.717508
0.716948
0.716408
0.715886
0.715382
0.714894
0.714422
0.713966
0.713523
0.713094
0.712677
0.712271
0.711877
0.711492
0.711116
0.710749
0.710389
0.710035
0.709688
0.709346
0.709009
0.708677
0.708348
0.708024
0.707702
0.707384
0.707069
0.706758
0.70645
0.706146
0.705845
0.705548
0.705254
0.704965
0.704681
0.704401
0.704126
0.703857
0.703594
0.703338
0.703089
0.702848
0.702616
0.702393
0.702181
0.70198
0.701791
0.701615
0.701454
0.70131
0.701183
0.701073
0.700983
0.700915
0.700868
0.700844
0.700846
0.700873
0.700928
0.701013
0.701128
0.701277
0.70146
0.70168
0.701939
0.702239
0.702581
0.702969
0.703403
0.703887
0.704421
0.705009
0.705651
0.70635
0.707105
0.707919
0.708792
0.709728
0.710727
0.71179
0.712919
0.714112
0.715371
0.716697
0.718088
0.719546
0.72107
0.722657
0.724309
0.726022
0.727795
0.729627
0.731518
0.733463
0.735461
0.737509
0.739603
0.741741
0.743919
0.746134
0.748383
0.750661
0.752965
0.75529
0.757633
0.759991
0.762359
0.764734
0.767112
0.769489
0.77186
0.774223
0.776574
0.778909
0.781225
0.78352
0.78579
0.788034
0.79025
0.792434
0.794582
0.796694
0.798766
0.800798
0.802787
0.804733
0.806634
0.80849
0.810298
0.812059
0.813771
0.815434
0.817048
0.818614
0.820129
0.821594
0.823008
0.82437
0.825683
0.826946
0.828161
0.829325
0.83044
0.831505
0.832522
0.83349
0.83441
0.835283
0.836109
0.836887
0.837619
0.838304
0.838946
0.839544
0.840098
0.840608
0.841074
0.841497
0.841876
0.842213
0.842505
0.842756
0.842965
0.84313
0.843253
0.843335
0.843374
0.843372
0.843327
0.843241
0.843112
0.842941
0.842726
0.842469
0.84217
0.841827
0.841442
0.841013
0.840541
0.840026
0.839467
0.838865
0.838221
0.837531
0.836797
0.836018
0.835196
0.834328
0.833415
0.832457
0.831453
0.830404
0.829312
0.828175
0.826994
0.825771
0.824504
0.823196
0.821845
0.820453
0.819021
0.817549
0.816039
0.814492
0.812909
0.811292
0.809641
0.807956
0.806241
0.804496
0.802723
0.800924
0.799102
0.797257
0.795392
0.793509
0.791609
0.789696
0.78777
0.785835
0.783892
0.781945
0.779996
0.778046
0.776098
0.774154
0.772218
0.77029
0.768376
0.766477
0.764595
0.762734
0.760895
0.759082
0.757295
0.755539
0.753814
0.752123
0.750468
0.74885
0.747272
0.745735
0.744242
0.742793
0.741391
0.740037
0.738733
0.737479
0.736278
0.73513
0.734036
0.732998
0.732014
0.731087
0.730216
0.729403
0.728646
0.727946
0.727304
0.726718
0.726189
0.725717
0.725301
0.724941
0.724636
0.724385
0.724189
0.724044
0.723952
0.723909
0.723915
0.723967
0.724067
0.724211
0.724399
0.724629
0.724899
0.725208
0.725555
0.725938
0.726357
0.72681
0.727296
0.727812
0.728357
0.72893
0.729528
0.730152
0.7308
0.73147
0.732161
0.732872
0.733602
0.734349
0.735113
0.735893
0.736686
0.737493
0.738312
0.739141
0.739982
0.740831
0.74169
0.742556
0.74343
0.74431
0.745198
0.746091
0.746991
0.747894
0.748802
0.749713
0.750626
0.751541
0.752458
0.753376
0.754295
0.755214
0.756134
0.757053
0.757972
0.75889
0.759808
0.760724
0.761639
0.762551
0.763461
0.764368
0.765271
0.766172
0.767068
0.76796
0.768847
0.769729
0.770604
0.771472
0.772333
0.773186
0.774031
0.774867
0.775691
0.776505
0.777306
0.778094
0.778867
0.779626
0.780369
0.781096
0.781804
0.782492
0.783158
0.783802
0.784422
0.785017
0.785588
0.786132
0.786646
0.78713
0.787583
0.788002
0.788386
0.788734
0.789045
0.789317
0.789548
0.789739
0.789887
0.789992
0.790052
0.790066
0.790033
0.789953
0.789823
0.789643
0.789414
0.789133
0.788801
0.788417
0.787982
0.787495
0.786955
0.786364
0.785721
0.78503
0.784289
0.783501
0.782665
0.781781
0.780852
0.779878
0.77886
0.777801
0.776703
0.775567
0.774398
0.773197
0.771967
0.770708
0.769424
0.768118
0.766793
0.765453
0.764102
0.76274
0.761373
0.760003
0.758634
0.75727
0.755912
0.754563
0.753228
0.75191
0.75061
0.749332
0.74808
0.746855
0.745661
0.744501
0.743377
0.742292
0.741247
0.740244
0.739285
0.738371
0.737505
0.736688
0.73592
0.735203
0.734536
0.733922
0.733359
0.732848
0.732389
0.731981
0.731624
0.731316
0.731059
0.73085
0.730687
0.73057
0.730498
0.730469
0.730481
0.730534
0.730625
0.730753
0.730915
0.73111
0.731337
0.731593
0.731877
0.732186
0.73252
0.732876
0.733253
0.733651
0.734066
0.734498
0.734947
0.73541
0.735888
0.736378
0.736881
0.737394
0.737919
0.738455
0.739003
0.739562
0.740131
0.74071
0.7413
0.7419
0.742511
0.743133
0.743767
0.744412
0.74507
0.745741
0.746426
0.747125
0.74784
0.748571
0.749319
0.750085
0.75087
0.751674
0.752498
0.753342
0.754206
0.755092
0.755999
0.756928
0.757881
0.758858
0.759858
0.760881
0.761928
0.762999
0.764093
0.765211
0.766352
0.767517
0.768705
0.769916
0.77115
0.772407
0.773686
0.774987
0.776309
0.777651
0.779012
0.780391
0.781789
0.783203
0.784633
0.786076
0.787532
0.789
0.790477
0.791964
0.793459
0.794959
0.796464
0.797973
0.799485
0.800998
0.802511
0.80402
0.805525
0.807025
0.808518
0.810002
0.811477
0.812939
0.814388
0.815821
0.817238
0.818638
0.820019
0.821379
0.822719
0.824034
0.825325
0.826591
0.827829
0.82904
0.830221
0.831372
0.832493
0.83358
0.834634
0.835652
0.836634
0.83758
0.838488
0.839358
0.840191
0.840985
0.841738
0.84245
0.84312
0.843748
0.844333
0.844872
0.845367
0.845817
0.846222
0.846581
0.846894
0.847161
0.84738
0.847551
0.847674
0.847748
0.847774
0.84775
0.847677
0.847555
0.847382
0.84716
0.846887
0.846562
0.846187
0.845761
0.845286
0.84476
0.844185
0.843561
0.842887
0.842165
0.841396
0.840579
0.839715
0.838804
0.837846
0.836843
0.835795
0.834704
0.833571
0.832395
0.831178
0.82992
0.828624
0.827291
0.825924
0.824521
0.823086
0.821619
0.820121
0.818595
0.817041
0.81546
0.813855
0.812226
0.810575
0.808904
0.807215
0.805508
0.803786
0.80205
0.800303
0.798546
0.79678
0.795008
0.79323
0.791448
0.789664
0.78788
0.786098
0.78432
0.782548
0.780782
0.779025
0.777281
0.775549
0.773833
0.772133
0.770452
0.768792
0.767155
0.765542
0.763956
0.7624
0.760874
0.759381
0.757923
0.756504
0.755123
0.753782
0.752485
0.751232
0.750025
0.748867
0.74776
0.746706
0.745707
0.744763
0.743876
0.743047
0.742278
0.741569
0.740922
0.740338
0.739817
0.739361
0.73897
0.738645
0.738387
0.738197
0.738075
0.738021
0.738036
0.738118
0.738268
0.738486
0.738772
0.739126
0.739545
0.740031
0.740582
0.741198
0.74188
0.742625
0.743433
0.744302
0.745233
0.746222
0.747271
0.748378
0.749541
0.750759
0.752032
0.753358
0.754736
0.756163
0.757639
0.759162
0.760732
0.762345
0.764
0.765695
0.76743
0.769202
0.771009
0.772849
0.774721
0.776621
0.778549
0.780503
0.78248
0.784478
0.786495
0.788529
0.790576
0.792636
0.794704
0.796779
0.798859
0.80094
0.803022
0.805099
0.807171
0.809234
0.811287
0.813325
0.815347
0.817349
0.819329
0.821286
0.823216
0.825117
0.826985
0.828818
0.830615
0.832371
0.834084
0.835752
0.837372
0.838942
0.84046
0.841923
0.799905
0.801081
0.802207
0.803283
0.804307
0.805277
0.806191
0.807047
0.807844
0.80858
0.809253
0.809863
0.810407
0.810886
0.8113
0.811645
0.811921
0.812128
0.812264
0.812328
0.81232
0.812239
0.812087
0.811863
0.811566
0.811197
0.810756
0.810241
0.809654
0.808994
0.808262
0.807459
0.806586
0.805642
0.80463
0.803549
0.802403
0.80119
0.799914
0.798575
0.797175
0.795714
0.794193
0.792614
0.79098
0.789292
0.787552
0.785761
0.783921
0.782034
0.780102
0.778127
0.77611
0.774055
0.771963
0.769836
0.767676
0.765488
0.763272
0.761031
0.758766
0.756482
0.75418
0.751864
0.749535
0.747196
0.74485
0.742498
0.740143
0.737789
0.735437
0.733092
0.730755
0.72843
0.726118
0.723822
0.721544
0.719289
0.717056
0.714851
0.712674
0.71053
0.70842
0.706348
0.704315
0.702324
0.700377
0.698478
0.696627
0.694827
0.693082
0.691392
0.68976
0.688188
0.686678
0.685231
0.683851
0.682537
0.681291
0.680116
0.679013
0.677983
0.677027
0.676146
0.675341
0.674612
0.673961
0.673388
0.672893
0.672476
0.672138
0.671878
0.671697
0.671594
0.67157
0.671622
0.67175
0.671953
0.672231
0.672581
0.673003
0.673496
0.674059
0.674689
0.675386
0.676146
0.676967
0.677849
0.678788
0.679783
0.680832
0.681932
0.683081
0.684276
0.685514
0.686794
0.688112
0.689467
0.690857
0.692277
0.693726
0.695201
0.696698
0.698216
0.699752
0.701304
0.70287
0.704447
0.706033
0.707625
0.709222
0.710821
0.712419
0.714016
0.71561
0.717196
0.718775
0.720344
0.721903
0.72345
0.724982
0.726498
0.727997
0.729477
0.730936
0.732373
0.733787
0.735175
0.736538
0.737874
0.739181
0.740458
0.741704
0.742918
0.744099
0.745246
0.746358
0.747434
0.748472
0.74947
0.75043
0.751348
0.752226
0.753062
0.753856
0.754606
0.755312
0.755975
0.756592
0.757163
0.757688
0.758167
0.758599
0.758985
0.759322
0.759612
0.759853
0.760047
0.760192
0.760291
0.760344
0.760349
0.760308
0.76022
0.760086
0.759905
0.75968
0.759411
0.759097
0.75874
0.758341
0.757901
0.757421
0.756901
0.756343
0.755749
0.75512
0.754457
0.753761
0.753035
0.75228
0.751498
0.750691
0.749862
0.749012
0.748142
0.747256
0.746354
0.745439
0.744512
0.743576
0.742633
0.741686
0.740735
0.739784
0.738834
0.737887
0.736945
0.736011
0.735087
0.734177
0.73328
0.732399
0.731537
0.730695
0.729875
0.729079
0.728311
0.72757
0.72686
0.726181
0.725535
0.724926
0.724353
0.723817
0.723322
0.722867
0.722454
0.722085
0.721759
0.721478
0.721243
0.721056
0.720916
0.720825
0.720782
0.720788
0.720843
0.72095
0.721107
0.721315
0.721574
0.721885
0.722248
0.722661
0.723125
0.723638
0.724201
0.724814
0.725476
0.726185
0.726941
0.727743
0.72859
0.729482
0.730417
0.731394
0.732412
0.733469
0.734564
0.735696
0.736863
0.738064
0.739297
0.740563
0.741859
0.743183
0.744534
0.74591
0.747309
0.748728
0.750167
0.751623
0.753096
0.754583
0.756083
0.757593
0.759111
0.760637
0.762167
0.763701
0.765236
0.766772
0.768305
0.769835
0.771359
0.772877
0.774387
0.775887
0.777374
0.778847
0.780304
0.781744
0.783164
0.784563
0.785939
0.787292
0.78862
0.78992
0.791191
0.792432
0.793641
0.794816
0.795956
0.797059
0.798124
0.799149
0.800134
0.801077
0.801976
0.802831
0.803641
0.804406
0.805123
0.805791
0.806411
0.80698
0.8075
0.807966
0.80838
0.80874
0.809046
0.809297
0.809492
0.80963
0.809712
0.809737
0.809704
0.809614
0.809467
0.809263
0.809001
0.80868
0.808301
0.807865
0.807373
0.806823
0.806215
0.80555
0.80483
0.804055
0.803227
0.802347
0.801415
0.800433
0.799403
0.798325
0.7972
0.79603
0.794816
0.793561
0.792266
0.790934
0.789567
0.788165
0.786731
0.785269
0.783779
0.782266
0.78073
0.779174
0.777603
0.776019
0.774424
0.772823
0.771216
0.769609
0.768005
0.766406
0.764816
0.763237
0.761672
0.760124
0.758598
0.757094
0.755617
0.75417
0.752754
0.751372
0.750027
0.748724
0.747464
0.746249
0.745083
0.743966
0.742902
0.741892
0.740938
0.74004
0.7392
0.73842
0.7377
0.737042
0.736445
0.735911
0.735439
0.73503
0.734686
0.734405
0.734185
0.734027
0.733929
0.733889
0.733908
0.733983
0.734113
0.734297
0.734532
0.734817
0.73515
0.735528
0.735948
0.736409
0.736907
0.737442
0.738009
0.738606
0.73923
0.739879
0.740549
0.741239
0.741945
0.742665
0.743395
0.744132
0.744876
0.745623
0.74637
0.747115
0.747855
0.748589
0.749315
0.75003
0.750733
0.751423
0.752097
0.752753
0.753391
0.754008
0.754604
0.755177
0.755727
0.756253
0.756754
0.757229
0.757677
0.758098
0.758492
0.758859
0.759201
0.759516
0.759804
0.760065
0.760301
0.760511
0.760694
0.760853
0.760987
0.761095
0.761179
0.761241
0.761279
0.761295
0.761288
0.761259
0.761208
0.761136
0.761044
0.760933
0.760803
0.760654
0.760486
0.7603
0.760094
0.759868
0.759622
0.759357
0.759073
0.758769
0.758445
0.7581
0.757734
0.757346
0.756935
0.756501
0.756044
0.755566
0.755063
0.754536
0.753985
0.753408
0.752806
0.752178
0.751526
0.750848
0.750145
0.749416
0.748662
0.747883
0.747079
0.746251
0.745401
0.744528
0.743634
0.74272
0.741788
0.740839
0.739874
0.738895
0.737905
0.736904
0.735897
0.734884
0.733867
0.732848
0.73183
0.730815
0.729806
0.728806
0.727817
0.726844
0.725888
0.724951
0.724036
0.723146
0.722284
0.721452
0.720653
0.719889
0.719162
0.718475
0.717829
0.717226
0.716668
0.716156
0.715692
0.715278
0.714915
0.714605
0.714348
0.714146
0.713998
0.713905
0.713867
0.713885
0.71396
0.71409
0.714277
0.714522
0.714822
0.715177
0.715586
0.716049
0.716564
0.717131
0.717748
0.718415
0.71913
0.719893
0.720701
0.721555
0.722452
0.72339
0.724369
0.725385
0.726436
0.727521
0.728636
0.729782
0.730955
0.732153
0.733376
0.734619
0.735882
0.737161
0.738454
0.739759
0.741073
0.742395
0.743722
0.745052
0.746382
0.74771
0.749034
0.750349
0.751655
0.752951
0.754232
0.755499
0.756749
0.75798
0.759188
0.760373
0.761531
0.762662
0.763763
0.764832
0.765869
0.766872
0.76784
0.768772
0.769667
0.770523
0.771341
0.772119
0.772855
0.773549
0.774201
0.774808
0.775373
0.775894
0.77637
0.776803
0.777191
0.777535
0.777834
0.778089
0.7783
0.778468
0.778592
0.778673
0.778711
0.778707
0.778661
0.778574
0.778448
0.778282
0.778078
0.777837
0.777561
0.777249
0.776904
0.776524
0.776112
0.775669
0.775196
0.774694
0.774164
0.773608
0.773026
0.772421
0.771792
0.771141
0.77047
0.769781
0.769075
0.768354
0.767618
0.766871
0.766112
0.765343
0.764565
0.763781
0.76299
0.762196
0.761398
0.7606
0.759801
0.759006
0.758215
0.75743
0.756652
0.755884
0.755127
0.754382
0.753652
0.752941
0.75225
0.751581
0.750935
0.750315
0.749723
0.749161
0.748631
0.748137
0.74768
0.747262
0.746888
0.746557
0.746272
0.746036
0.745851
0.745719
0.745642
0.745623
0.745662
0.745762
0.745925
0.746151
0.746443
0.746802
0.747228
0.747723
0.748287
0.748921
0.749626
0.750399
0.75124
0.752148
0.753123
0.754162
0.755264
0.756426
0.757647
0.758924
0.760254
0.761634
0.763061
0.76453
0.76604
0.767584
0.769159
0.770762
0.772387
0.774029
0.775684
0.777347
0.779014
0.780678
0.782337
0.783986
0.785618
0.787228
0.788811
0.790363
0.791879
0.793355
0.794787
0.796171
0.797503
0.798779
0.799995
0.801148
0.802234
0.803252
0.804197
0.805069
0.805864
0.80658
0.807216
0.807769
0.808239
0.808625
0.808925
0.809139
0.809268
0.80931
0.809265
0.809133
0.808916
0.808613
0.808225
0.807753
0.807199
0.806564
0.805849
0.805055
0.804183
0.803237
0.802218
0.801126
0.799965
0.798736
0.797442
0.796085
0.794668
0.793192
0.791661
0.790076
0.788441
0.786758
0.78503
0.783258
0.781446
0.779597
0.777714
0.775801
0.773859
0.771888
0.769894
0.767877
0.765842
0.763791
0.761726
0.759649
0.757563
0.75547
0.753372
0.751271
0.74917
0.747071
0.744976
0.742888
0.740809
0.73874
0.736684
0.734643
0.732619
0.730615
0.728632
0.726673
0.72474
0.722835
0.720959
0.719115
0.717305
0.715529
0.713791
0.712092
0.710434
0.70882
0.707252
0.70573
0.704258
0.702837
0.701471
0.70016
0.698908
0.697716
0.696585
0.695518
0.694515
0.693581
0.692716
0.691923
0.691205
0.690562
0.689997
0.689511
0.689107
0.688786
0.688551
0.688403
0.688344
0.688375
0.688498
0.688713
0.689023
0.689427
0.689927
0.690524
0.691218
0.692009
0.692899
0.693887
0.694972
0.696155
0.697434
0.698809
0.700279
0.701843
0.703499
0.705248
0.707086
0.709012
0.711024
0.713118
0.715293
0.717545
0.719871
0.722268
0.724732
0.72726
0.729848
0.732493
0.735189
0.737934
0.740722
0.743551
0.746415
0.749309
0.752229
0.755171
0.758129
0.7611
0.764078
0.76706
0.770039
0.773013
0.775977
0.778925
0.781853
0.784757
0.787634
0.790477
0.793284
0.796051
0.798772
0.801445
0.804066
0.806632
0.809141
0.811588
0.813971
0.816285
0.81853
0.820703
0.822801
0.824822
0.826767
0.828632
0.830417
0.832118
0.833736
0.83527
0.836719
0.838084
0.839362
0.840555
0.841661
0.842682
0.843617
0.844467
0.845233
0.845913
0.84651
0.847024
0.847456
0.847806
0.848075
0.848265
0.848376
0.84841
0.848368
0.848251
0.84806
0.847797
0.847463
0.847062
0.846591
0.846051
0.845444
0.844772
0.844034
0.843233
0.842368
0.841441
0.840451
0.8394
0.838288
0.837117
0.835888
0.8346
0.833254
0.831849
0.830385
0.828863
0.827284
0.825646
0.82395
0.822197
0.820387
0.818519
0.816595
0.814616
0.81258
0.810489
0.808345
0.806145
0.803892
0.801583
0.799221
0.796806
0.794338
0.791819
0.789251
0.786633
0.783967
0.781255
0.778498
