-7.85046
-7.85033
-7.84995
-7.84933
-7.84845
-7.84733
-7.84595
-7.84434
-7.84247
-7.84036
-7.83801
-7.83541
-7.83258
-7.8295
-7.82619
-7.82231
-7.81853
-7.81387
-7.80865
-7.80385
-7.79754
-7.791
-7.78457
-7.77695
-7.77041
-7.76366
-7.75346
-7.745
-7.73763
-7.72844
-7.72002
-7.71075
-7.70291
-7.69391
-7.68536
-7.67566
-7.66707
-7.65732
-7.64773
-7.63797
-7.62901
-7.61923
-7.6093
-7.59889
-7.58768
-7.5773
-7.56613
-7.55644
-7.54564
-7.53569
-7.5253
-7.51414
-7.50319
-7.49214
-7.48132
-7.47007
-7.45875
-7.44637
-7.43424
-7.42333
-7.41237
-7.40006
-7.38802
-7.37627
-7.36415
-7.35234
-7.34019
-7.32802
-7.31649
-7.3053
-7.29314
-7.28197
-7.26953
-7.25842
-7.24703
-7.236
-7.22439
-7.21285
-7.20105
-7.1903
-7.17964
-7.16842
-7.15796
-7.14728
-7.1364
-7.12629
-7.11599
-7.10518
-7.09548
-7.08594
-7.07624
-7.06703
-7.05799
-7.0488
-7.04012
-7.03131
-7.0227
-7.01461
-7.00641
-6.99745
-6.98967
-6.98212
-6.97479
-6.96769
-6.96114
-6.95419
-6.94844
-6.94261
-6.93638
-6.93104
-6.92595
-6.92111
-6.91619
-6.91217
-6.90808
-6.90423
-6.89999
-6.89633
-6.89292
-6.88975
-6.88716
-6.88481
-6.8827
-6.88052
-6.87889
-6.87685
-6.87538
-6.87413
-6.87343
-6.87263
-6.87205
-6.87201
-6.87153
-6.87191
-6.87248
-6.87325
-6.87454
-6.87536
-6.87669
-6.8782
-6.8802
-6.88203
-6.88435
-6.8865
-6.88944
-6.89156
-6.8938
-6.8965
-6.899
-6.90194
-6.90499
-6.90847
-6.91172
-6.91538
-6.91881
-6.92265
-6.92558
-6.92891
-6.93198
-6.93607
-6.9399
-6.94376
-6.94767
-6.95161
-6.95558
-6.95925
-6.96326
-6.96696
-6.97099
-6.97503
-6.97906
-6.98277
-6.98678
-6.99079
-6.99445
-6.99841
-7.00169
-7.00591
-7.01043
-7.01458
-7.01836
-7.0221
-7.02579
-7.02878
-7.03236
-7.03589
-7.03903
-7.04275
-7.04609
-7.04871
-7.05223
-7.05503
-7.05808
-7.06105
-7.06362
-7.06643
-7.06917
-7.07182
-7.07438
-7.07687
-7.07959
-7.0819
-7.08315
-7.08528
-7.08733
-7.08961
-7.09148
-7.09326
-7.09527
-7.09655
-7.09839
-7.09981
-7.10082
-7.10206
-7.10322
-7.10429
-7.10559
-7.10649
-7.10762
-7.10867
-7.10931
-7.10987
-7.11035
-7.11042
-7.11106
-7.1113
-7.11147
-7.11155
-7.11189
-7.11183
-7.11169
-7.11085
-7.11025
-7.10927
-7.10919
-7.10841
-7.10853
-7.10795
-7.10764
-7.10695
-7.1062
-7.10476
-7.10359
-7.10237
-7.10143
-7.10078
-7.09976
-7.0987
-7.0976
-7.0968
-7.09531
-7.09412
-7.09323
-7.09198
-7.09072
-7.09007
-7.08909
-7.08777
-7.08644
-7.08477
-7.08341
-7.08237
-7.08132
-7.07963
-7.07826
-7.07721
-7.07616
-7.07448
-7.07313
-7.07178
-7.07045
-7.06946
-7.06881
-7.06688
-7.06627
-7.06536
-7.06448
-7.0633
-7.06183
-7.06103
-7.05962
-7.05857
-7.05755
-7.05658
-7.05564
-7.05442
-7.05358
-7.05245
-7.05202
-7.05067
-7.04904
-7.04877
-7.04854
-7.04773
-7.04762
-7.04725
-7.04693
-7.04636
-7.04552
-7.04604
-7.04598
-7.04599
-7.04573
-7.0462
-7.04576
-7.04604
-7.04672
-7.04682
-7.04731
-7.04756
-7.0482
-7.0486
-7.05004
-7.05156
-7.05251
-7.05354
-7.05464
-7.05614
-7.05772
-7.05905
-7.0611
-7.06291
-7.06448
-7.06579
-7.06751
-7.06897
-7.07116
-7.0731
-7.07479
-7.07687
-7.07871
-7.08126
-7.08453
-7.0869
-7.08934
-7.09152
-7.09475
-7.09771
-7.10041
-7.10285
-7.10535
-7.10888
-7.11182
-7.11481
-7.11753
-7.12096
-7.12443
-7.12762
-7.13086
-7.13414
-7.13746
-7.14114
-7.1455
-7.14861
-7.15239
-7.1562
-7.15972
-7.16326
-7.16682
-7.17073
-7.17465
-7.17794
-7.18156
-7.18519
-7.18915
-7.19279
-7.19643
-7.20039
-7.20403
-7.20798
-7.21127
-7.21519
-7.21813
-7.22138
-7.22428
-7.22812
-7.23195
-7.23509
-7.23853
-7.24226
-7.24563
-7.24896
-7.2529
-7.25615
-7.25904
-7.26252
-7.26563
-7.26901
-7.27267
-7.2753
-7.27787
-7.2807
-7.2838
-7.28781
-7.29046
-7.29337
-7.29654
-7.29931
-7.30137
-7.30335
-7.30592
-7.30776
-7.30888
-7.3109
-7.31251
-7.31503
-7.31746
-7.31917
-7.3208
-7.32235
-7.32349
-7.3252
-7.32683
-7.32838
-7.32952
-7.32993
-7.33059
-7.33084
-7.33101
-7.33207
-7.33272
-7.33395
-7.33445
-7.33486
-7.33487
-7.33545
-7.33595
-7.33572
-7.33607
-7.33634
-7.33686
-7.33698
-7.33637
-7.33602
-7.3356
-7.33479
-7.33455
-7.3336
-7.33323
-7.33247
-7.33132
-7.33108
-7.33111
-7.33043
-7.32969
-7.32889
-7.32739
-7.32681
-7.32521
-7.32453
-7.32251
-7.32109
-7.31994
-7.31941
-7.31721
-7.31465
-7.31335
-7.31169
-7.31064
-7.30859
-7.30716
-7.30602
-7.30389
-7.30205
-7.30019
-7.2983
-7.29607
-7.29383
-7.29254
-7.29188
-7.28991
-7.28761
-7.28497
-7.28265
-7.28098
-7.27832
-7.27761
-7.27527
-7.27261
-7.2706
-7.26859
-7.26659
-7.26427
-7.26292
-7.26094
-7.25896
-7.25602
-7.25374
-7.25212
-7.24986
-7.24762
-7.24572
-7.24415
-7.24163
-7.2401
-7.23793
-7.23611
-7.23399
-7.23155
-7.23011
-7.22837
-7.22665
-7.22462
-7.22262
-7.22064
-7.21836
-7.21675
-7.21516
-7.2136
-7.21108
-7.21021
-7.20872
-7.20757
-7.20677
-7.20535
-7.20395
-7.20128
-7.19993
-7.19828
-7.19665
-7.19505
-7.19412
-7.19256
-7.19071
-7.18952
-7.18804
-7.18625
-7.18449
-7.1834
-7.18298
-7.18193
-7.18058
-7.17957
-7.18021
-7.17893
-7.17799
-7.1774
-7.17683
-7.17628
-7.17543
-7.1746
-7.17379
-7.17267
-7.17222
-7.1718
-7.17139
-7.17133
-7.17096
-7.16997
-7.16835
-7.16837
-7.16712
-7.16621
-7.16597
-7.16542
-7.1649
-7.16439
-7.16391
-7.16312
-7.16235
-7.16192
-7.16119
-7.16146
-7.1611
-7.16075
-7.16076
-7.16046
-7.16051
-7.15993
-7.15969
-7.15981
-7.15962
-7.15913
-7.15866
-7.15854
-7.15845
-7.15837
-7.15767
-7.15829
-7.15829
-7.15798
-7.15738
-7.15745
-7.15722
-7.15734
-7.1578
-7.15668
-7.15687
-7.15742
-7.15766
-7.15825
-7.15855
-7.15951
-7.16018
-7.1599
-7.16062
-7.16071
-7.16116
-7.16195
-7.16212
-7.16263
-7.16317
-7.16341
-7.164
-7.16364
-7.16395
-7.16461
-7.16529
-7.16534
-7.16575
-7.16649
-7.16726
-7.16837
-7.16918
-7.17001
-7.17117
-7.17204
-7.17292
-7.17414
-7.17506
-7.17631
-7.17726
-7.17822
-7.17854
-7.17953
-7.18085
-7.18218
-7.1832
-7.18391
-7.18494
-7.18599
-7.18639
-7.18713
-7.18884
-7.19023
-7.19163
-7.19238
-7.19345
-7.19453
-7.19561
-7.19668
-7.19775
-7.19915
-7.20021
-7.20127
-7.20135
-7.20207
-7.20311
-7.20447
-7.20646
-7.20747
-7.20815
-7.20947
-7.21109
-7.21206
-7.21333
-7.21459
-7.21552
-7.21545
-7.21699
-7.21819
-7.21905
-7.2199
-7.2204
-7.22121
-7.22232
-7.22309
-7.22481
-7.22619
-7.22658
-7.2276
-7.22859
-7.2286
-7.22923
-7.23049
-7.23044
-7.23069
-7.23124
-7.23177
-7.23228
-7.23277
-7.23356
-7.23433
-7.23508
-7.23549
-7.2362
-7.23689
-7.23691
-7.2382
-7.23851
-7.23782
-7.23841
-7.2393
-7.23953
-7.23877
-7.23928
-7.2401
-7.24089
-7.24103
-7.24147
-7.24124
-7.24133
-7.24171
-7.24209
-7.24212
-7.2431
-7.24278
-7.24244
-7.2424
-7.24235
-7.24196
-7.24188
-7.24146
-7.24102
-7.24122
-7.24108
-7.24093
-7.24076
-7.24155
-7.242
-7.24212
-7.24222
-7.24167
-7.24078
-7.24084
-7.2409
-7.24094
-7.24097
-7.24002
-7.24035
-7.24003
-7.23969
-7.23902
-7.23769
-7.23765
-7.23728
-7.23592
-7.23617
-7.23512
-7.23471
-7.23397
-7.23451
-7.23343
-7.23364
-7.23286
-7.23176
-7.23129
-7.2305
-7.23002
-7.22921
-7.22904
-7.22757
-7.22804
-7.22753
-7.22701
-7.2265
-7.2263
-7.22642
-7.22524
-7.22471
-7.22482
-7.2246
-7.22438
-7.22384
-7.22362
-7.22274
-7.22219
-7.22164
-7.22077
-7.2199
-7.21999
-7.21944
-7.21857
-7.2177
-7.21715
-7.21725
-7.2167
-7.21615
-7.21496
-7.21442
-7.21388
-7.21366
-7.21313
-7.21227
-7.21142
-7.21089
-7.2107
-7.20953
-7.20967
-7.20884
-7.20866
-7.20784
-7.20768
-7.20719
-7.20672
-7.20657
-7.20578
-7.205
-7.20488
-7.20444
-7.20368
-7.20326
-7.20284
-7.20147
-7.20075
-7.20004
-7.19999
-7.19929
-7.19894
-7.19891
-7.19825
-7.19792
-7.19792
-7.19793
-7.19699
-7.19702
-7.19675
-7.19648
-7.1959
-7.19534
-7.19478
-7.19489
-7.19468
-7.19417
-7.19366
-7.19382
-7.19334
-7.1932
-7.19339
-7.19327
-7.19317
-7.19276
-7.19268
-7.19261
-7.19224
-7.1922
-7.19185
-7.19313
-7.19249
-7.19283
-7.19286
-7.19291
-7.19296
-7.19401
-7.19377
-7.19354
-7.19269
-7.19314
-7.1936
-7.19343
-7.19359
-7.19344
-7.19363
-7.19415
-7.19435
-7.19457
-7.1948
-7.19471
-7.19528
-7.19553
-7.1958
-7.19639
-7.19634
-7.1963
-7.19658
-7.19655
-7.19717
-7.19714
-7.19711
-7.19774
-7.19803
-7.19833
-7.19862
-7.19924
-7.19953
-7.19949
-7.19976
-7.19971
-7.19933
-7.19958
-7.19983
-7.20007
-7.19964
-7.20018
-7.20037
-7.20088
-7.20072
-7.20152
-7.20133
-7.20144
-7.20121
-7.20128
-7.20133
-7.20136
-7.20137
-7.20232
-7.20228
-7.20222
-7.20212
-7.20265
-7.20218
-7.202
-7.20212
-7.20189
-7.20194
-7.20132
-7.20067
-7.20032
-7.19993
-7.1995
-7.19905
-7.19856
-7.19805
-7.19749
-7.19659
-7.19597
-7.19532
-7.19399
-7.1936
-7.1922
-7.19208
-7.19159
-7.19108
-7.19021
-7.18899
-7.18806
-7.18646
-7.18515
-7.18415
-7.18344
-7.1827
-7.18194
-7.18084
-7.17939
-7.17792
-7.17707
-7.17556
-7.17468
-7.17346
-7.1719
-7.17097
-7.16971
-7.16779
-7.1665
-7.16585
-7.16455
-7.16324
-7.16193
-7.15997
-7.15865
-7.15799
-7.157
-7.15601
-7.15503
-7.15374
-7.15277
-7.15214
-7.15055
-7.14994
-7.14838
-7.14715
-7.14626
-7.14539
-7.14357
-7.14274
-7.14064
-7.13953
-7.13876
-7.1377
-7.13602
-7.13533
-7.13403
-7.13275
-7.13118
-7.12997
-7.12911
-7.12893
-7.12813
-7.12705
-7.12632
-7.12466
-7.12432
-7.12338
-7.12247
-7.1216
-7.12141
-7.12126
-7.12114
-7.12041
-7.12037
-7.11907
-7.1191
-7.11916
-7.11894
-7.11875
-7.1186
-7.11816
-7.11808
-7.11739
-7.11738
-7.11713
-7.11605
-7.11615
-7.11582
-7.11537
-7.1148
-7.11379
-7.11266
-7.11239
-7.11103
-7.10923
-7.10828
-7.10592
-7.10441
-7.10279
-7.1017
-7.09951
-7.09786
-7.09545
-7.09357
-7.09189
-7.08914
-7.08692
-7.08361
-7.08085
-7.07765
-7.07466
-7.07092
-7.06772
-7.06377
-7.05972
-7.05686
-7.05357
-7.05019
-7.04638
-7.04086
-7.03784
-7.03343
-7.0299
-7.02629
-7.02194
-7.01751
-7.013
-7.00807
-7.0034
-6.99865
-6.99447
-6.98989
-6.98492
-6.9802
-6.97542
-6.97025
-6.96502
-6.9594
-6.95341
-6.948
-6.9419
-6.93705
-6.93085
-6.92429
-6.91769
-6.91201
-6.90663
-6.90056
-6.89511
-6.88898
-6.8838
-6.87827
-6.87207
-6.86488
-6.85898
-6.85306
-6.84713
-6.84088
-6.83527
-6.82902
-6.82341
-6.81717
-6.81093
-6.80406
-6.79851
-6.79265
-6.78713
-6.781
-6.77523
-6.76916
-6.76345
-6.75714
-6.7512
-6.74531
-6.73979
-6.73433
-6.72893
-6.72294
-6.71799
-6.71215
-6.70799
-6.70263
-6.69766
-6.69214
-6.68768
-6.68331
-6.67872
-6.67423
-6.6692
-6.66525
-6.66141
-6.65737
-6.65409
-6.65126
-6.64758
-6.64404
-6.63997
-6.63605
-6.63291
-6.62991
-6.62706
-6.62403
-6.62147
-6.61873
-6.61648
-6.61438
-6.61179
-6.61
-6.60838
-6.60691
-6.60593
-6.60447
-6.6035
-6.60301
-6.60301
-6.60253
-6.60221
-6.60205
-6.60142
-6.60127
-6.60193
-6.60243
-6.60277
-6.60359
-6.60457
-6.6057
-6.60699
-6.60811
-6.60969
-6.61175
-6.61396
-6.6163
-6.61846
-6.62076
-6.62318
-6.62574
-6.62842
-6.63154
-6.63446
-6.63749
-6.64031
-6.64324
-6.64659
-6.65004
-6.65326
-6.65689
-6.65996
-6.66377
-6.66797
-6.67192
-6.67594
-6.68002
-6.68449
-6.68902
-6.69295
-6.6979
-6.70256
-6.70695
-6.71137
-6.71582
-6.72094
-6.72577
-6.73029
-6.73515
-6.74035
-6.74459
-6.75012
-6.75469
-6.75959
-6.76415
-6.76871
-6.77326
-6.7778
-6.78232
-6.78714
-6.7913
-6.79576
-6.80083
-6.80427
-6.80832
-6.81298
-6.81697
-6.82092
-6.82515
-6.82935
-6.83285
-6.83697
-6.84265
-6.84733
-6.85131
-6.85525
-6.85946
-6.86362
-6.86741
-6.87114
-6.87483
-6.87814
-6.88205
-6.88557
-6.88872
-6.89214
-6.89615
-6.89945
-6.90237
-6.90524
-6.90707
-6.91047
-6.91348
-6.91676
-6.91997
-6.92313
-6.9259
-6.9286
-6.93157
-6.93415
-6.93667
-6.93847
-6.94087
-6.94384
-6.94675
-6.94927
-6.9514
-6.95443
-6.95611
-6.95804
-6.96023
-6.96202
-6.96343
-6.96477
-6.96733
-6.96821
-6.96966
-6.97105
-6.97334
-6.97523
-6.97641
-6.97752
-6.9792
-6.97984
-6.98042
-6.98092
-6.98297
-6.98496
-6.98558
-6.98613
-6.98661
-6.98702
-6.98736
-6.98731
-6.98784
-6.98733
-6.98772
-6.98805
-6.98766
-6.98721
-6.98701
-6.9874
-6.98675
-6.98637
-6.98625
-6.98541
-6.98452
-6.98422
-6.98354
-6.98247
-6.98233
-6.98181
-6.98059
-6.97932
-6.978
-6.97761
-6.97587
-6.97507
-6.9739
-6.97268
-6.97143
-6.9708
-6.96981
-6.96813
-6.96741
-6.96536
-6.96426
-6.96281
-6.96134
-6.95985
-6.95868
-6.95683
-6.95498
-6.95344
-6.95157
-6.95034
-6.94878
-6.94689
-6.94533
-6.94377
-6.94287
-6.94132
-6.93946
-6.9376
-6.93576
-6.93425
-6.93276
-6.93
-6.92854
-6.92711
-6.9257
-6.92399
-6.92262
-6.92095
-6.91996
-6.91834
-6.91708
-6.91648
-6.91527
-6.91409
-6.91358
-6.91213
-6.912
-6.91093
-6.90989
-6.90888
-6.9079
-6.90662
-6.9057
-6.90416
-6.90297
-6.90246
-6.90134
-6.90025
-6.90016
-6.89912
-6.89877
-6.89813
-6.89687
-6.89662
-6.89608
-6.89589
-6.89542
-6.89465
-6.89425
-6.89388
-6.89354
-6.89292
-6.89298
-6.89211
-6.8916
-6.89178
-6.89134
-6.89127
-6.89092
-6.89028
-6.89065
-6.89139
-6.89152
-6.89233
-6.89254
-6.89343
-6.89468
-6.895
-6.89503
-6.89574
-6.8968
-6.89758
-6.89774
-6.89857
-6.89879
-6.89935
-6.89929
-6.89957
-6.90019
-6.90082
-6.90147
-6.90213
-6.90279
-6.90314
-6.90381
-6.90447
-6.90546
-6.90579
-6.90611
-6.90706
-6.90735
-6.90827
-6.9095
-6.90908
-6.91059
-6.91077
-6.91092
-6.91137
-6.91178
-6.91249
-6.91283
-6.91217
-6.9131
-6.91333
-6.91288
-6.91272
-6.91316
-6.9126
-6.91329
-6.91329
-6.91358
-6.91383
-6.91339
-6.91323
-6.91271
-6.91216
-6.91156
-6.91094
-6.9106
-6.9099
-6.90884
-6.9084
-6.90825
-6.90742
-6.90688
-6.90599
-6.90539
-6.90509
-6.90444
-6.90311
-6.90241
-6.90233
-6.90222
-6.90177
-6.90032
-6.8995
-6.89866
-6.89781
-6.8966
-6.89473
-6.89317
-6.89289
-6.89194
-6.8913
-6.89032
-6.88932
-6.88831
-6.88794
-6.8869
-6.88617
-6.8851
-6.8837
-6.88196
-6.88087
-6.88008
-6.87928
-6.8775
-6.87636
-6.87521
-6.87373
-6.87191
-6.8717
-6.87019
-6.86868
-6.86748
-6.86595
-6.86507
-6.86386
-6.86199
-6.86077
-6.85923
-6.85865
-6.85807
-6.85684
-6.85561
-6.85502
-6.85444
-6.85289
-6.85166
-6.85076
-6.84954
-6.84897
-6.84808
-6.84654
-6.84534
-6.84479
-6.8436
-6.84242
-6.84092
-6.83975
-6.83859
-6.83777
-6.8363
-6.83485
-6.83405
-6.83294
-6.83282
-6.83174
-6.82969
-6.82895
-6.82726
-6.82622
-6.82519
-6.8245
-6.82318
-6.82219
-6.82121
-6.82025
-6.8193
-6.81804
-6.81711
-6.81555
-6.81465
-6.81312
-6.81225
-6.81139
-6.81055
-6.80972
-6.80891
-6.80844
-6.80733
-6.80657
-6.8055
-6.80446
-6.80408
-6.80372
-6.80274
-6.8021
-6.80149
-6.80091
-6.80003
-6.79982
-6.799
-6.79854
-6.79778
-6.79739
-6.79638
-6.79639
-6.79611
-6.79587
-6.79568
-6.79521
-6.79446
-6.79474
-6.79474
-6.7948
-6.79523
-6.79507
-6.79497
-6.79525
-6.79527
-6.79567
-6.79613
-6.79665
-6.79724
-6.79789
-6.7986
-6.79938
-6.80055
-6.80146
-6.80244
-6.80413
-6.80524
-6.80706
-6.8083
-6.80993
-6.81129
-6.81272
-6.8142
-6.81542
-6.81734
-6.81931
-6.82037
-6.82147
-6.82425
-6.82674
-6.82831
-6.83024
-6.83124
-6.83324
-6.83527
-6.83765
-6.83974
-6.84217
-6.84462
-6.84676
-6.84891
-6.85107
-6.85355
-6.85539
-6.85787
-6.86002
-6.86216
-6.86493
-6.86704
-6.86912
-6.87086
-6.87289
-6.87457
-6.87621
-6.87782
-6.87939
-6.88092
-6.8824
-6.88447
-6.8865
-6.88783
-6.88942
-6.89161
-6.89309
-6.89515
-6.89553
-6.89649
-6.89771
-6.89854
-6.89962
-6.90063
-6.90189
-6.90373
-6.90549
-6.90653
-6.9075
-6.90806
-6.90855
-6.90929
-6.90931
-6.90957
-6.91008
-6.91052
-6.91121
-6.91086
-6.91075
-6.91058
-6.90937
-6.90906
-6.90868
-6.90856
-6.90773
-6.90651
-6.90653
-6.90617
-6.90477
-6.9043
-6.90312
-6.90222
-6.9003
-6.8993
-6.89891
-6.89783
-6.89639
-6.89556
-6.89405
-6.89251
-6.89095
-6.88935
-6.88936
-6.88773
-6.8864
-6.88539
-6.88436
-6.88333
-6.88132
-6.88028
-6.87827
-6.87593
-6.87393
-6.87225
-6.87091
-6.86957
-6.86922
-6.86792
-6.86727
-6.86664
-6.86539
-6.86318
-6.86165
-6.86046
-6.8593
-6.85881
-6.85803
-6.85663
-6.8559
-6.85489
-6.85454
-6.85359
-6.85298
-6.85209
-6.85123
-6.85039
-6.84927
-6.8485
-6.84809
-6.84739
-6.84671
-6.84575
-6.84546
-6.84521
-6.84434
-6.8435
-6.84334
-6.84385
-6.84375
-6.84303
-6.84234
-6.84233
-6.84105
-6.84141
-6.84083
-6.84028
-6.84008
-6.84023
-6.83976
-6.84028
-6.84019
-6.84077
-6.84073
-6.84072
-6.84008
-6.84045
-6.84116
-6.84125
-6.84169
-6.84184
-6.84234
-6.84221
-6.84276
-6.84367
-6.8446
-6.84557
-6.84624
-6.84694
-6.84799
-6.84875
-6.84955
-6.85004
-6.84993
-6.85016
-6.85076
-6.8517
-6.85236
-6.85272
-6.85344
-6.85452
-6.85498
-6.8558
-6.85665
-6.85721
-6.85748
-6.85842
-6.8594
-6.86041
-6.86112
-6.86219
-6.86329
-6.86507
-6.86622
-6.86741
-6.8683
-6.86986
-6.87145
-6.87274
-6.87437
-6.87506
-6.87577
-6.87683
-6.87824
-6.87934
-6.88078
-6.88257
-6.88502
-6.88619
-6.88803
-6.88957
-6.89079
-6.89299
-6.89424
-6.89615
-6.89741
-6.89934
-6.90095
-6.90256
-6.90418
-6.90548
-6.90711
-6.90972
-6.91136
-6.91267
-6.91398
-6.9153
-6.91628
-6.91791
-6.91954
-6.92051
-6.92115
-6.92341
-6.92436
-6.92628
-6.92819
-6.92975
-6.93164
-6.93285
-6.93536
-6.93687
-6.93804
-6.93985
-6.94131
-6.94308
-6.9445
-6.94623
-6.94728
-6.94896
-6.94997
-6.95127
-6.95287
-6.9538
-6.95502
-6.9559
-6.95836
-6.95886
-6.96029
-6.96105
-6.96274
-6.96311
-6.96441
-6.96504
-6.96563
-6.96618
-6.9667
-6.96653
-6.96698
-6.96836
-6.96906
-6.9694
-6.9697
-6.96996
-6.96986
-6.97069
-6.97149
-6.97062
-6.97134
-6.97105
-6.97104
-6.97165
-6.97157
-6.9721
-6.97226
-6.97239
-6.97247
-6.97284
-6.97317
-6.97282
-6.97307
-6.97328
-6.97216
-6.9723
-6.97175
-6.97083
-6.97118
-6.9718
-6.97142
-6.97099
-6.97052
-6.96969
-6.96979
-6.9692
-6.96857
-6.9679
-6.96719
-6.96644
-6.96564
-6.96448
-6.96361
-6.96301
-6.96205
-6.9604
-6.95838
-6.95762
-6.95648
-6.95628
-6.95539
-6.95446
-6.95316
-6.95149
-6.94914
-6.94772
-6.94691
-6.94574
-6.94355
-6.94165
-6.93971
-6.93839
-6.93605
-6.93433
-6.93258
-6.93015
-6.92865
-6.92713
-6.92525
-6.92368
-6.92175
-6.9198
-6.91783
-6.91488
-6.91255
-6.91118
-6.90883
-6.90711
-6.90507
-6.90367
-6.90129
-6.89924
-6.89719
-6.8958
-6.89409
-6.89207
-6.89006
-6.88839
-6.88641
-6.88446
-6.88253
-6.88095
-6.87875
-6.87658
-6.87575
-6.87429
-6.87288
-6.87248
-6.87083
-6.86889
-6.86766
-6.86614
-6.865
-6.86294
-6.86158
-6.85995
-6.85806
-6.85654
-6.8554
-6.85335
-6.85298
-6.8517
-6.8508
-6.84964
-6.84887
-6.84751
-6.84653
-6.84659
-6.84476
-6.84495
-6.84422
-6.84323
-6.84229
-6.84239
-6.84287
-6.84308
-6.84367
-6.84303
-6.8434
-6.8435
-6.84365
-6.84385
-6.84377
-6.84373
-6.84406
-6.84474
-6.84515
-6.84526
-6.84508
-6.84525
-6.84578
-6.84535
-6.84625
-6.84652
-6.84681
-6.84744
-6.8484
-6.84937
-6.85002
-6.85004
-6.85102
-6.85233
-6.85298
-6.85299
-6.85363
-6.85427
-6.85489
-6.85549
-6.85641
-6.85698
-6.8572
-6.85741
-6.85727
-6.85775
-6.85928
-6.8592
-6.85965
-6.85871
-6.85863
-6.85779
-6.85781
-6.85773
-6.85688
-6.85658
-6.85617
-6.85469
-6.85375
-6.85335
-6.85252
-6.8516
-6.85059
-6.8485
-6.84698
-6.84569
-6.84432
-6.84222
-6.84069
-6.83844
-6.83741
-6.83437
-6.83256
-6.83103
-6.82846
-6.8265
-6.82449
-6.82147
-6.81907
-6.81663
-6.81449
-6.81169
-6.80984
-6.80733
-6.80449
-6.80198
-6.79947
-6.79664
-6.79415
-6.79168
-6.78891
-6.78681
-6.78474
-6.78271
-6.78039
-6.7778
-6.77589
-6.77404
-6.7716
-6.76889
-6.76625
-6.76496
-6.76309
-6.76161
-6.75956
-6.75758
-6.75632
-6.75481
-6.75371
-6.75236
-6.75077
-6.74959
-6.74913
-6.74844
-6.74718
-6.74633
-6.74588
-6.74455
-6.74363
-6.74311
-6.74364
-6.74328
-6.74301
-6.74346
-6.74302
-6.74201
-6.74172
-6.74216
-6.74234
-6.74259
-6.74324
-6.74331
-6.74377
-6.74429
-6.74487
-6.74551
-6.7462
-6.7463
-6.74743
-6.74828
-6.7495
-6.75109
-6.75207
-6.75308
-6.75446
-6.75587
-6.75763
-6.75845
-6.75863
-6.76046
-6.7623
-6.7635
-6.76472
-6.76625
-6.76715
-6.76771
-6.7686
-6.76947
-6.77065
-6.77149
-6.77392
-6.77439
-6.77515
-6.77621
-6.77723
-6.77853
-6.7798
-6.78069
-6.78121
-6.78136
-6.78145
-6.78181
-6.78211
-6.78267
-6.78285
-6.7836
-6.78364
-6.78426
-6.78448
-6.78495
-6.78535
-6.78502
-6.7843
-6.78382
-6.78391
-6.78328
-6.78289
-6.7821
-6.78091
-6.77996
-6.77991
-6.77882
-6.77699
-6.77607
-6.77539
-6.77431
-6.77316
-6.77259
-6.77098
-6.76995
-6.76917
-6.76801
-6.76614
-6.7655
-6.76351
-6.76147
-6.75936
-6.75754
-6.75598
-6.75374
-6.75177
-6.75008
-6.74835
-6.74626
-6.7438
-6.74196
-6.73912
-6.73722
-6.73497
-6.73205
-6.73138
-6.72906
-6.7277
-6.72503
-6.72331
-6.72061
-6.71856
-6.71584
-6.71313
-6.71041
-6.70673
-6.70467
-6.70229
-6.69927
-6.69659
-6.69424
-6.69223
-6.68992
-6.6873
-6.68502
-6.68277
-6.68055
-6.6777
-6.67586
-6.67406
-6.67196
-6.66958
-6.66757
-6.6656
-6.66303
-6.66148
-6.6603
-6.65853
-6.65682
-6.65549
-6.65455
-6.65302
-6.65189
-6.65017
-6.64917
-6.64824
-6.64739
-6.64629
-6.6456
-6.64369
-6.64317
-6.64337
-6.64205
-6.64147
-6.64065
-6.64057
-6.63994
-6.63973
-6.63994
-6.64058
-6.64066
-6.64053
-6.64049
-6.64088
-6.6417
-6.64229
-6.64331
-6.64411
-6.64469
-6.64602
-6.64647
-6.648
-6.64931
-6.65039
-6.65156
-6.65251
-6.6542
-6.65598
-6.65818
-6.65949
-6.66186
-6.66366
-6.66522
-6.66751
-6.67052
-6.6723
-6.67448
-6.67736
-6.68064
-6.68364
-6.68638
-6.68884
-6.69168
-6.6952
-6.69845
-6.7014
-6.70438
-6.70706
-6.71009
-6.71346
-6.71653
-6.7196
-6.7217
-6.72446
-6.72753
-6.7306
-6.73333
-6.73573
-6.73875
-6.74143
-6.74408
-6.74703
-6.75026
-6.75346
-6.75629
-6.7594
-6.76214
-6.76483
-6.76779
-6.77069
-6.77353
-6.77566
-6.77837
-6.78069
-6.78327
-6.7848
-6.78756
-6.78926
-6.79121
-6.7934
-6.79486
-6.79656
-6.79785
-6.7997
-6.80146
-6.80247
-6.8034
-6.80455
-6.80561
-6.80658
-6.80777
-6.80887
-6.80986
-6.81012
-6.8106
-6.81163
-6.81126
-6.81242
-6.81251
-6.81315
-6.81369
-6.81348
-6.81317
-6.81309
-6.81227
-6.81199
-6.81163
-6.81084
-6.80996
-6.80931
-6.80824
-6.80709
-6.80584
-6.8045
-6.8034
-6.80189
-6.79998
-6.79798
-6.79687
-6.79503
-6.7928
-6.79082
-6.78909
-6.78631
-6.7838
-6.78252
-6.78053
-6.77816
-6.77541
-6.77325
-6.77104
-6.76847
-6.76584
-6.76351
-6.76016
-6.75678
-6.7537
-6.75059
-6.74778
-6.74431
-6.74082
-6.73797
-6.73512
-6.73194
-6.72908
-6.72623
-6.72306
-6.72089
-6.71711
-6.71432
-6.71092
-6.70819
-6.70583
-6.7035
-6.70121
-6.69864
-6.69613
-6.69367
-6.69126
-6.69021
-6.68761
-6.6854
-6.68358
-6.68086
-6.67887
-6.67631
-6.6748
-6.67272
-6.67073
-6.66915
-6.66668
-6.66624
-6.66558
-6.6637
-6.66321
-6.66184
-6.66056
-6.65969
-6.65859
-6.65758
-6.65666
-6.65614
-6.65474
-6.65408
-6.65382
-6.65396
-6.65354
-6.65319
-6.65324
-6.65336
-6.65355
-6.65478
-6.6551
-6.65548
-6.65591
-6.65705
-6.65824
-6.65883
-6.65946
-6.65981
-6.66052
-6.66159
-6.66237
-6.66221
-6.66337
-6.66455
-6.6664
-6.66697
-6.66788
-6.66977
-6.6707
-6.67163
-6.67224
-6.67318
-6.67378
-6.67471
-6.6753
-6.67621
-6.67711
-6.67734
-6.67886
-6.68004
-6.6812
-6.68235
-6.68283
-6.6849
-6.68534
-6.68576
-6.68615
-6.6875
-6.68882
-6.68948
-6.69011
-6.69071
-6.6913
-6.69153
-6.69207
-6.69291
-6.69309
-6.69388
-6.69433
-6.69477
-6.69485
-6.69492
-6.6953
-6.69565
-6.69566
-6.69534
-6.69532
-6.6956
-6.6962
-6.69645
-6.69637
-6.69692
-6.69681
-6.69636
-6.69655
-6.69673
-6.69754
-6.69736
-6.6975
-6.69795
-6.69806
-6.69784
-6.69729
-6.69769
-6.69777
-6.6975
-6.69755
-6.69759
-6.69762
-6.69764
-6.69733
-6.69635
-6.69634
-6.69632
-6.69564
-6.69593
-6.69556
-6.69582
-6.69576
-6.69536
-6.69529
-6.69553
-6.69511
-6.69502
-6.69525
-6.69514
-6.69504
-6.69461
-6.6945
-6.69504
-6.69493
-6.69483
-6.69505
-6.69496
-6.69488
-6.69577
-6.69506
-6.69501
-6.69497
-6.69495
-6.69526
-6.69495
-6.69434
-6.69471
-6.69447
-6.69425
-6.69438
-6.69421
-6.6944
-6.69559
-6.69616
-6.69645
-6.69677
-6.69712
-6.69784
-6.69762
-6.69808
-6.69762
-6.69784
-6.69908
-6.69939
-6.70038
-6.70077
-6.70153
-6.70297
-6.70381
-6.70469
-6.70561
-6.70754
-6.70853
-6.70892
-6.70934
-6.7111
-6.71257
-6.71407
-6.71528
-6.71652
-6.71682
-6.71941
-6.72073
-6.72207
-6.72344
-6.72482
-6.72557
-6.72634
-6.72712
-6.72921
-6.73099
-6.73244
-6.73391
-6.73537
-6.7362
-6.73799
-6.73945
-6.74027
-6.74237
-6.74414
-6.74557
-6.74699
-6.74808
-6.74914
-6.75051
-6.75186
-6.75319
-6.7545
-6.75579
-6.75705
-6.75829
-6.75949
-6.76035
-6.76118
-6.76262
-6.76339
-6.76446
-6.76517
-6.76617
-6.76682
-6.76744
-6.76835
-6.76956
-6.77073
-6.77091
-6.7717
-6.77279
-6.77353
-6.77456
-6.77491
-6.77621
-6.77684
-6.77842
-6.77932
-6.77956
-6.77977
-6.77996
-6.78045
-6.78125
-6.7817
-6.78247
-6.78289
-6.7833
-6.78305
-6.78279
-6.78285
-6.78289
-6.78391
-6.78427
-6.78495
-6.78531
-6.78567
-6.78603
-6.78606
-6.78675
-6.78745
-6.7875
-6.78821
-6.78828
-6.789
-6.78942
-6.78985
-6.79094
-6.79139
-6.79187
-6.79204
-6.79223
-6.79276
-6.79331
-6.79453
-6.79512
-6.79606
-6.7967
-6.79704
-6.79806
-6.79877
-6.79952
-6.79996
-6.80107
-6.80189
-6.80273
-6.8036
-6.80481
-6.80637
-6.80666
-6.80762
-6.80925
-6.81058
-6.81128
-6.812
-6.81241
-6.81349
-6.81458
-6.81633
-6.81809
-6.81921
-6.82099
-6.82181
-6.82263
-6.82346
-6.82526
-6.82608
-6.82723
-6.8287
-6.82952
-6.83098
-6.83243
-6.83388
-6.83466
-6.83544
-6.83684
-6.83824
-6.83897
-6.84001
-6.84135
-6.84268
-6.84465
-6.84594
-6.84657
-6.84719
-6.84842
-6.84932
-6.84987
-6.85072
-6.85155
-6.85237
-6.85283
-6.85392
-6.85499
-6.85604
-6.85675
-6.85775
-6.85841
-6.85905
-6.86
-6.86059
-6.86085
-6.86141
-6.8626
-6.86279
-6.8633
-6.86378
-6.86489
-6.86533
-6.86543
-6.86519
-6.86557
-6.86594
-6.86629
-6.86629
-6.86659
-6.86623
-6.86649
-6.86705
-6.86694
-6.86649
-6.86601
-6.86583
-6.86562
-6.86572
-6.86579
-6.86518
-6.86519
-6.86452
-6.8648
-6.86374
-6.86395
-6.86348
-6.8633
-6.86276
-6.86348
-6.86319
-6.86221
-6.86152
-6.86111
-6.86065
-6.8608
-6.86026
-6.86065
-6.85872
-6.85804
-6.85699
-6.85718
-6.85571
-6.85451
-6.85358
-6.8526
-6.85157
-6.85081
-6.85065
-6.85011
-6.8492
-6.84758
-6.8456
-6.84421
-6.84244
-6.84094
-6.83972
-6.83748
-6.83616
-6.8348
-6.83274
-6.83128
-6.82977
-6.82855
-6.82663
-6.82403
-6.82203
-6.81967
-6.81727
-6.81549
-6.81335
-6.81085
-6.80864
-6.80673
-6.80446
-6.8025
-6.80019
-6.79785
-6.79615
-6.7941
-6.79171
-6.78996
-6.78755
-6.78481
-6.78303
-6.77996
-6.7772
-6.77477
-6.77234
-6.76959
-6.76684
-6.76443
-6.76268
-6.75996
-6.75726
-6.75522
-6.7532
-6.75055
-6.74793
-6.74565
-6.74307
-6.74052
-6.73832
-6.73616
-6.7337
-6.73193
-6.72987
-6.72752
-6.72554
-6.7236
-6.72171
-6.71922
-6.71742
-6.71535
-6.71365
-6.71167
-6.71008
-6.70822
-6.70707
-6.70564
-6.70461
-6.70395
-6.70271
-6.70121
-6.69978
-6.69906
-6.69743
-6.69684
-6.69567
-6.69457
-6.69387
-6.69291
-6.69202
-6.69217
-6.69175
-6.69172
-6.69175
-6.69121
-6.69042
-6.68969
-6.68968
-6.6894
-6.6892
-6.69002
-6.68994
-6.69056
-6.6906
-6.69102
-6.69149
-6.69299
-6.69291
-6.69354
-6.6942
-6.69459
-6.69566
-6.6971
-6.69857
-6.69975
-6.70064
-6.70187
-6.7028
-6.70343
-6.70472
-6.70537
-6.70603
-6.70735
-6.70802
-6.70901
-6.70968
-6.71067
-6.71229
-6.71294
-6.71421
-6.7158
-6.71639
-6.71696
-6.71686
-6.71771
-6.71886
-6.71965
-6.72073
-6.72081
-6.72085
-6.72184
-6.72213
-6.7224
-6.72262
-6.72312
-6.72424
-6.72466
-6.72537
-6.72604
-6.72602
-6.72628
-6.72715
-6.72733
-6.72747
-6.72724
-6.72666
-6.72701
-6.72699
-6.72662
-6.72653
-6.72673
-6.72689
-6.7267
-6.7268
-6.72719
-6.72755
-6.72659
-6.72624
-6.72587
-6.72515
-6.72472
-6.72427
-6.72413
-6.72331
-6.72311
-6.72225
-6.72169
-6.72112
-6.72084
-6.71991
-6.71928
-6.71864
-6.71831
-6.71732
-6.71665
-6.71531
-6.71527
-6.71521
-6.71515
-6.71411
-6.71307
-6.71235
-6.7113
-6.71121
-6.71113
-6.71008
-6.70935
-6.7083
-6.70758
-6.70653
-6.70581
-6.70543
-6.70472
-6.705
-6.70464
-6.70364
-6.70298
-6.70168
-6.70105
-6.70076
-6.69983
-6.69893
-6.69869
-6.69848
-6.69796
-6.69747
-6.69733
-6.6969
-6.69714
-6.69709
-6.69642
-6.69579
-6.69584
-6.6956
-6.69572
-6.69556
-6.69609
-6.69569
-6.69566
-6.696
-6.69573
-6.69584
-6.69599
-6.69652
-6.69677
-6.6974
-6.69808
-6.69816
-6.69946
-6.69889
-6.69898
-6.69941
-6.69954
-6.7
-6.69918
-6.69967
-6.70051
-6.70039
-6.70125
-6.70214
-6.70174
-6.70201
-6.70262
-6.70389
-6.70517
-6.70549
-6.70647
-6.70649
-6.70781
-6.7085
-6.70951
-6.7102
-6.71122
-6.7116
-6.71262
-6.71428
-6.71562
-6.71696
-6.71667
-6.71766
-6.71865
-6.71865
-6.71897
-6.71991
-6.72051
-6.72175
-6.72296
-6.72351
-6.7237
-6.72452
-6.72467
-6.7264
-6.72714
-6.7272
-6.72722
-6.72753
-6.72749
-6.72773
-6.7276
-6.72777
-6.72822
-6.7283
-6.72801
-6.72801
-6.72764
-6.72755
-6.72774
-6.72755
-6.72732
-6.72608
-6.72543
-6.72505
-6.7256
-6.72448
-6.7246
-6.72339
-6.72277
-6.7221
-6.72073
-6.72029
-6.72044
-6.71956
-6.71767
-6.71605
-6.71437
-6.7133
-6.71185
-6.7097
-6.70848
-6.70785
-6.7062
-6.70548
-6.70406
-6.70259
-6.70108
-6.69952
-6.69694
-6.6953
-6.69393
-6.6922
-6.69042
-6.68893
-6.68708
-6.68551
-6.68326
-6.68098
-6.67899
-6.67794
-6.67621
-6.67381
-6.6717
-6.66925
-6.6671
-6.66493
-6.66242
-6.66021
-6.65864
-6.65576
-6.6532
-6.65129
-6.6484
-6.64615
-6.6439
-6.64133
-6.63877
-6.63687
-6.63497
-6.63245
-6.63058
-6.62874
-6.62627
-6.62447
-6.62269
-6.62062
-6.61794
-6.61625
-6.61428
-6.61202
-6.61044
-6.60794
-6.60645
-6.605
-6.60391
-6.60255
-6.60092
-6.59932
-6.59778
-6.59564
-6.59386
-6.59279
-6.59143
-6.58916
-6.58823
-6.58734
-6.58683
-6.58604
-6.5853
-6.58427
-6.58328
-6.582
-6.58109
-6.57989
-6.57936
-6.57855
-6.57776
-6.577
-6.57659
-6.57555
-6.57485
-6.57385
-6.57287
-6.57319
-6.57223
-6.57128
-6.57066
-6.56908
-6.56846
-6.56786
-6.56757
-6.56664
-6.56571
-6.56477
-6.56415
-6.56353
-6.5629
-6.56194
-6.56163
-6.56163
-6.56098
-6.56097
-6.56031
-6.55964
-6.55929
-6.55829
-6.55827
-6.55791
-6.55692
-6.55592
-6.55526
-6.55492
-6.55362
-6.55297
-6.55234
-6.55236
-6.55176
-6.55084
-6.55027
-6.54972
-6.54919
-6.54901
-6.54821
-6.54743
-6.54766
-6.54695
-6.5466
-6.5466
-6.54632
-6.54576
-6.54556
-6.54541
-6.54498
-6.54492
-6.54491
-6.54398
-6.54439
-6.54421
-6.54409
-6.54402
-6.54434
-6.54471
-6.54449
-6.54596
-6.54587
-6.54649
-6.54718
-6.54793
-6.54843
-6.54899
-6.54962
-6.55064
-6.55173
-6.55321
-6.55412
-6.55606
-6.55711
-6.55854
-6.56005
-6.56227
-6.56359
-6.56563
-6.56741
-6.56926
-6.5715
-6.5738
-6.57584
-6.57795
-6.57979
-6.58235
-6.58496
-6.58731
-6.59004
-6.59315
-6.59566
-6.59855
-6.60246
-6.6048
-6.60849
-6.61157
-6.61437
-6.61688
-6.61975
-6.62201
-6.62496
-6.62793
-6.63093
-6.63429
-6.63734
-6.64042
-6.64319
-6.64662
-6.65008
-6.65354
-6.65637
-6.65954
-6.66239
-6.66556
-6.66874
-6.6729
-6.67609
-6.67927
-6.68213
-6.68564
-6.68946
-6.69296
-6.69548
-6.69864
-6.70115
-6.70397
-6.70678
-6.7099
-6.71398
-6.71741
-6.72017
-6.72227
-6.72533
-6.72838
-6.73173
-6.73474
-6.7387
-6.74233
-6.74528
-6.74854
-6.75145
-6.75369
-6.75624
-6.75843
-6.76092
-6.76435
-6.76679
-6.77016
-6.77253
-6.77487
-6.77782
-6.77976
-6.78231
-6.78481
-6.78728
-6.78937
-6.7911
-6.7944
-6.79635
-6.79858
-6.80043
-6.80254
-6.80427
-6.80594
-6.8082
-6.80942
-6.81122
-6.81328
-6.8143
-6.81557
-6.81677
-6.81821
-6.81862
-6.81991
-6.8221
-6.8226
-6.82334
-6.82464
-6.82554
-6.82636
-6.82709
-6.82774
-6.82831
-6.82943
-6.83015
-6.83046
-6.83101
-6.8318
-6.83186
-6.83216
-6.83303
-6.83284
-6.83257
-6.83158
-6.83115
-6.83096
-6.83037
-6.83003
-6.82896
-6.82814
-6.82757
-6.8266
-6.82524
-6.82446
-6.82296
-6.82172
-6.82009
-6.81873
-6.81729
-6.81548
-6.81393
-6.81233
-6.81099
-6.80928
-6.80719
-6.80505
-6.80384
-6.80194
-6.79999
-6.798
-6.79499
-6.79227
-6.78952
-6.7877
-6.78585
-6.78268
-6.77915
-6.77722
-6.77494
-6.77295
-6.77062
-6.76729
-6.76427
-6.76155
-6.75914
-6.75638
-6.75491
-6.75213
-6.75031
-6.74751
-6.74534
-6.74252
-6.74099
-6.73848
-6.73499
-6.73279
-6.72962
-6.72677
-6.72424
-6.72204
-6.72016
-6.71828
-6.71543
-6.71291
-6.71007
-6.70821
-6.70635
-6.70353
-6.70136
-6.69921
-6.69674
-6.69428
-6.69183
-6.68908
-6.68666
-6.68393
-6.68187
-6.67983
-6.67748
-6.67516
-6.67221
-6.67058
-6.66801
-6.66514
-6.66294
-6.66078
-6.65897
-6.6572
-6.65481
-6.65343
-6.65111
-6.6498
-6.64789
-6.64602
-6.6442
-6.64274
-6.64003
-6.63867
-6.63703
-6.63544
-6.6339
-6.63208
-6.63064
-6.62991
-6.62858
-6.6273
-6.62641
-6.62589
-6.62447
-6.62375
-6.62276
-6.62183
-6.62063
-6.61918
-6.61842
-6.6174
-6.61677
-6.61651
-6.61696
-6.6165
-6.61674
-6.61606
-6.61577
-6.61488
-6.61469
-6.61423
-6.61414
-6.61378
-6.61348
-6.61354
-6.61268
-6.6122
-6.61273
-6.61265
-6.61392
-6.61394
-6.61464
-6.61539
-6.61553
-6.61636
-6.61723
-6.6178
-6.6181
-6.61875
-6.61912
-6.61984
-6.62028
-6.62107
-6.62125
-6.62179
-6.62334
-6.62427
-6.62459
-6.62494
-6.6263
-6.62801
-6.62879
-6.62928
-6.62981
-6.63166
-6.63257
-6.63352
-6.63546
-6.63744
-6.63913
-6.64052
-6.64259
-6.64371
-6.64584
-6.64734
-6.64919
-6.65009
-6.65165
-6.6542
-6.65613
-6.65741
-6.6587
-6.66033
-6.66196
-6.66326
-6.66522
-6.66619
-6.6678
-6.6694
-6.67099
-6.67255
-6.67409
-6.67592
-6.6774
-6.67852
-6.67992
-6.68128
-6.68323
-6.68449
-6.68602
-6.68684
-6.6876
-6.68829
-6.68924
-6.68979
-6.69026
-6.69163
-6.69194
-6.69282
-6.69427
-6.69497
-6.69495
-6.69483
-6.69526
-6.69593
-6.69585
-6.69568
-6.69542
-6.69506
-6.69525
-6.69438
-6.69341
-6.69365
-6.69315
-6.69224
-6.69092
-6.68984
-6.68804
-6.68647
-6.68581
-6.6841
-6.68296
-6.68177
-6.67986
-6.67855
-6.67685
-6.67511
-6.67332
-6.67085
-6.66899
-6.66742
-6.6655
-6.6629
-6.66094
-6.65896
-6.65697
-6.65466
-6.65234
-6.65197
-6.64999
-6.64771
-6.64608
-6.64287
-6.64064
-6.6391
-6.63791
-6.63612
-6.63404
-6.632
-6.63033
-6.62871
-6.62714
-6.62563
-6.62449
-6.62309
-6.62175
-6.6208
-6.61958
-6.6181
-6.61766
-6.61696
-6.61471
-6.61318
-6.61235
-6.6116
-6.61123
-6.61157
-6.61101
-6.61083
-6.6104
-6.61002
-6.60938
-6.6088
-6.6086
-6.60878
-6.60869
-6.6093
-6.60899
-6.60808
-6.60786
-6.6077
-6.6079
-6.60846
-6.60874
-6.60874
-6.60909
-6.60883
-6.60893
-6.60906
-6.60954
-6.61102
-6.61187
-6.61211
-6.61236
-6.61329
-6.61358
-6.61422
-6.61456
-6.61523
-6.61657
-6.61696
-6.618
-6.61906
-6.61981
-6.62057
-6.62134
-6.62212
-6.62324
-6.62437
-6.62487
-6.6257
-6.62622
-6.6274
-6.62794
-6.62882
-6.62939
-6.63029
-6.63153
-6.63214
-6.63341
-6.63469
-6.63567
-6.63634
-6.638
-6.64033
-6.64138
-6.64245
-6.64321
-6.64432
-6.64578
-6.64693
-6.64811
-6.64996
-6.65086
-6.65211
-6.65338
-6.65468
-6.65633
-6.65735
-6.65938
-6.66176
-6.66319
-6.66433
-6.66615
-6.66799
-6.66955
-6.67113
-6.67339
-6.67503
-6.67735
-6.67905
-6.68045
-6.68189
-6.68304
-6.68421
-6.68606
-6.68891
-6.69017
-6.69145
-6.69342
-6.69508
-6.69709
-6.69912
-6.70086
-6.70261
-6.70471
-6.7065
-6.70896
-6.71111
-6.71296
-6.71514
-6.717
-6.71888
-6.72109
-6.72428
-6.7265
-6.72872
-6.73062
-6.73284
-6.73603
-6.73792
-6.74077
-6.74297
-6.74482
-6.74666
-6.74978
-6.75223
-6.75433
-6.75641
-6.75846
-6.76015
-6.76246
-6.76441
-6.76632
-6.76819
-6.77034
-6.77147
-6.77321
-6.77457
-6.77587
-6.77745
-6.77929
-6.78076
-6.78152
-6.78286
-6.78415
-6.78537
-6.78652
-6.78794
-6.78928
-6.78992
-6.79048
-6.79065
-6.79172
-6.79272
-6.79366
-6.79419
-6.79498
-6.79602
-6.79602
-6.79627
-6.79581
-6.79625
-6.79694
-6.79692
-6.79683
-6.79668
-6.79678
-6.79649
-6.79678
-6.79571
-6.79555
-6.79565
-6.79504
-6.79404
-6.79266
-6.79154
-6.79068
-6.78944
-6.78814
-6.78742
-6.786
-6.78484
-6.78362
-6.78235
-6.78102
-6.77963
-6.77818
-6.777
-6.77512
-6.7735
-6.77183
-6.77075
-6.76928
-6.76744
-6.76522
-6.76358
-6.76157
-6.75885
-6.75543
-6.75326
-6.75135
-6.74906
-6.74704
-6.74497
-6.74317
-6.74035
-6.7378
-6.7352
-6.73255
-6.73051
-6.72745
-6.72467
-6.72152
-6.71964
-6.71674
-6.71381
-6.71118
-6.7069
-6.70421
-6.70118
-6.69716
-6.69441
-6.69068
-6.68695
-6.68385
-6.6801
-6.67733
-6.67423
-6.6705
-6.66678
-6.6634
-6.66102
-6.65801
-6.65471
-6.65177
-6.64854
-6.64601
-6.64352
-6.64108
-6.63804
-6.63572
-6.63281
-6.63093
-6.62816
-6.62578
-6.62316
-6.62094
-6.61913
-6.61708
-6.61609
-6.61389
-6.61244
-6.6101
-6.60851
-6.6067
-6.60595
-6.60465
-6.60281
-6.60107
-6.59911
-6.59822
-6.59775
-6.59771
-6.5968
-6.5976
-6.59721
-6.59691
-6.59639
-6.5966
-6.59723
-6.59762
-6.5981
-6.5977
-6.59834
-6.59777
-6.59825
-6.5988
-6.59941
-6.60042
-6.60149
-6.60198
-6.60284
-6.60343
-6.60472
-6.60573
-6.60679
-6.60788
-6.60901
-6.61017
-6.61135
-6.61192
-6.61315
-6.61407
-6.61533
-6.61628
-6.61756
-6.61884
-6.62044
-6.62172
-6.62299
-6.62426
-6.62551
-6.62674
-6.62764
-6.62851
-6.62935
-6.63082
-6.63193
-6.63301
-6.6334
-6.63441
-6.63537
-6.63694
-6.63814
-6.6393
-6.6401
-6.64084
-6.64154
-6.64251
-6.64343
-6.64398
-6.64447
-6.64459
-6.64498
-6.64532
-6.64593
-6.64584
-6.64538
-6.6452
-6.64561
-6.64533
-6.64436
-6.64366
-6.64357
-6.64278
-6.64228
-6.64206
-6.64212
-6.64183
-6.6415
-6.64081
-6.64041
-6.63999
-6.63921
-6.63874
-6.63792
-6.63708
-6.63655
-6.636
-6.63512
-6.63455
-6.63398
-6.63373
-6.63283
-6.63162
-6.63138
-6.63115
-6.63028
-6.63007
-6.62988
-6.62971
-6.62924
-6.62975
-6.62803
-6.62763
-6.62791
-6.62757
-6.62727
-6.62765
-6.6271
-6.62691
-6.62709
-6.62666
-6.6266
-6.62724
-6.62696
-6.62672
-6.62719
-6.62771
-6.62861
-6.62961
-6.6292
-6.62947
-6.62979
-6.63048
-6.6312
-6.63229
-6.63311
-6.63267
-6.63358
-6.63421
-6.63488
-6.63593
-6.6367
-6.63719
-6.6374
-6.63831
-6.63959
-6.64124
-6.64197
-6.64306
-6.6442
-6.64539
-6.64758
-6.64821
-6.64952
-6.65087
-6.65194
-6.65272
-6.65418
-6.65633
-6.65852
-6.66009
-6.66234
-6.66365
-6.66499
-6.66667
-6.66838
-6.67044
-6.67154
-6.67331
-6.67542
-6.67722
-6.67871
-6.68086
-6.68399
-6.68616
-6.68833
-6.68954
-6.69204
-6.69357
-6.69607
-6.69759
-6.69943
-6.70158
-6.70372
-6.70584
-6.70795
-6.70972
-6.71212
-6.71451
-6.71622
-6.71791
-6.71957
-6.72154
-6.72379
-6.7257
-6.72693
-6.72813
-6.7293
-6.73141
-6.73219
-6.73423
-6.73559
-6.73724
-6.73885
-6.73977
-6.74131
-6.74216
-6.74362
-6.74504
-6.74545
-6.7468
-6.74714
-6.74776
-6.74867
-6.74921
-6.75004
-6.75051
-6.75158
-6.75198
-6.75266
-6.7533
-6.75424
-6.75481
-6.75471
-6.75554
-6.75634
-6.75711
-6.75752
-6.75758
-6.75794
-6.75763
-6.75761
-6.75789
-6.75846
-6.75838
-6.75762
-6.75781
-6.75798
-6.75846
-6.7586
-6.75872
-6.75915
-6.75893
-6.75901
-6.75908
-6.75947
-6.75953
-6.76055
-6.76092
-6.76064
-6.76165
-6.76201
-6.76172
-6.76208
-6.76147
-6.76152
-6.76156
-6.76128
-6.76166
-6.76171
-6.7621
-6.76249
-6.76256
-6.76265
-6.76273
-6.76283
-6.76261
-6.76271
-6.76283
-6.76262
-6.76307
-6.76352
-6.76365
-6.76313
-6.76327
-6.76406
-6.76387
-6.76401
-6.76608
-6.76492
-6.76473
-6.7642
-6.76432
-6.76442
-6.76484
-6.76459
-6.76465
-6.76437
-6.76473
-6.76473
-6.76472
-6.76436
-6.76398
-6.76421
-6.76377
-6.76427
-6.76409
-6.76356
-6.76331
-6.76368
-6.76238
-6.7617
-6.76098
-6.76086
-6.7607
-6.7605
-6.75994
-6.75965
-6.75834
-6.75699
-6.75592
-6.75481
-6.75397
-6.75244
-6.75184
-6.75118
-6.74984
-6.74877
-6.74798
-6.74651
-6.74531
-6.74407
-6.74311
-6.74146
-6.74041
-6.73933
-6.73724
-6.73673
-6.73554
-6.73399
-6.73208
-6.72982
-6.7285
-6.72746
-6.72511
-6.72338
-6.72161
-6.71886
-6.71672
-6.71489
-6.71272
-6.71117
-6.7096
-6.70802
-6.70609
-6.70382
-6.70251
-6.70086
-6.69855
-6.6972
-6.69551
-6.69382
-6.69082
-6.68879
-6.6861
-6.68309
-6.68104
-6.67899
-6.67597
-6.67294
-6.67024
-6.66753
-6.6658
-6.66342
-6.66073
-6.65965
-6.65793
-6.65557
-6.65386
-6.6515
-6.65013
-6.64811
-6.64643
-6.64378
-6.64179
-6.64014
-6.63785
-6.63655
-6.63461
-6.63269
-6.63111
-6.62922
-6.62735
-6.62517
-6.62301
-6.6212
-6.61909
-6.617
-6.61493
-6.61321
-6.6112
-6.6092
-6.60821
-6.60628
-6.60502
-6.60346
-6.60129
-6.59947
-6.59865
-6.59722
-6.59614
-6.59509
-6.59407
-6.59308
-6.59148
-6.59023
-6.58868
-6.58749
-6.58632
-6.58486
-6.58343
-6.58299
-6.58194
-6.5809
-6.57989
-6.57891
-6.57859
-6.57796
-6.57703
-6.57611
-6.57489
-6.57367
-6.57344
-6.57322
-6.57268
-6.57248
-6.5713
-6.57013
-6.56927
-6.5681
-6.56724
-6.56637
-6.56518
-6.56461
-6.56372
-6.56313
-6.56317
-6.56223
-6.56127
-6.55899
-6.55798
-6.55663
-6.55557
-6.55449
-6.55339
-6.55225
-6.55141
-6.55021
-6.54899
-6.5487
-6.54774
-6.54642
-6.54572
-6.54402
-6.54261
-6.54117
-6.5397
-6.53723
-6.53571
-6.53513
-6.53355
-6.53195
-6.53032
-6.52899
-6.52732
-6.52562
-6.52488
-6.52315
-6.52141
-6.5203
-6.51854
-6.51676
-6.5153
-6.51384
-6.51205
-6.51123
-6.50944
-6.50862
-6.5062
-6.50443
-6.50267
-6.50092
-6.49919
-6.49845
-6.49676
-6.49476
-6.49344
-6.49214
-6.49055
-6.48867
-6.48714
-6.48532
-6.48418
-6.48276
-6.4817
-6.47971
-6.47808
-6.47682
-6.47561
-6.47412
-6.47268
-6.47064
-6.4693
-6.468
-6.46708
-6.46557
-6.46443
-6.46367
-6.46264
-6.46231
-6.46204
-6.46182
-6.461
-6.46057
-6.45987
-6.45954
-6.45927
-6.45906
-6.45891
-6.45848
-6.45843
-6.45844
-6.45851
-6.4583
-6.45815
-6.45806
-6.45834
-6.45868
-6.46004
-6.46113
-6.46196
-6.46251
-6.46312
-6.46378
-6.46416
-6.46395
-6.46542
-6.46693
-6.46785
-6.46882
-6.46983
-6.4709
-6.47201
-6.47253
-6.47439
-6.47565
-6.47793
-6.47961
-6.48068
-6.48213
-6.48427
-6.48548
-6.48706
-6.48836
-6.48971
-6.49141
-6.49349
-6.49495
-6.49678
-6.49897
-6.50088
-6.50282
-6.50448
-6.50649
-6.5079
-6.50999
-6.51178
-6.51329
-6.5158
-6.51803
-6.5206
-6.52256
-6.52455
-6.52625
-6.52861
-6.53101
-6.53343
-6.53587
-6.53802
-6.54051
-6.54302
-6.54523
-6.54746
-6.54939
-6.55167
-6.55428
-6.55627
-6.55956
-6.56191
-6.56458
-6.56728
-6.57063
-6.57336
-6.57512
-6.57754
-6.58062
-6.58338
-6.5868
-6.58991
-6.5927
-6.59582
-6.5983
-6.60078
-6.60392
-6.60705
-6.60987
-6.61269
-6.61519
-6.61704
-6.61954
-6.62268
-6.62518
-6.62799
-6.6308
-6.6336
-6.6364
-6.63951
-6.64261
-6.64537
-6.64845
-6.65152
-6.65457
-6.65696
-6.65998
-6.66298
-6.66466
-6.66729
-6.66958
-6.67249
-6.67537
-6.67757
-6.68039
-6.68285
-6.6856
-6.68799
-6.69035
-6.69299
-6.69558
-6.69748
-6.69966
-6.70115
-6.70291
-6.70494
-6.7066
-6.7082
-6.70943
-6.71091
-6.71267
-6.71566
-6.71729
-6.71886
-6.72069
-6.72213
-6.72383
-6.72546
-6.7267
-6.72788
-6.72865
-6.72936
-6.72968
-6.7309
-6.73237
-6.73312
-6.73444
-6.73537
-6.73623
-6.73669
-6.73741
-6.73708
-6.73797
-6.73814
-6.73888
-6.73891
-6.73886
-6.73874
-6.73822
-6.73829
-6.73731
-6.7369
-6.73643
-6.73556
-6.73494
-6.73425
-6.73381
-6.7333
-6.7324
-6.73175
-6.73039
-6.72895
-6.7268
-6.72588
-6.72457
-6.72352
-6.72207
-6.72089
-6.719
-6.71737
-6.716
-6.71296
-6.71115
-6.70961
-6.70769
-6.70571
-6.704
-6.7016
-6.69948
-6.69795
-6.69574
-6.69316
-6.69088
-6.68888
-6.68653
-6.68415
-6.68175
-6.67932
-6.67721
-6.67476
-6.6723
-6.66952
-6.66804
-6.66559
-6.66283
-6.65976
-6.65704
-6.65403
-6.65202
-6.64971
-6.64713
-6.64524
-6.6434
-6.64097
-6.63957
-6.63759
-6.63536
-6.6332
-6.63079
-6.62977
-6.62851
-6.62604
-6.62496
-6.62431
-6.6231
-6.6233
-6.6223
-6.62142
-6.61967
-6.61933
-6.61878
-6.61834
-6.61802
-6.61878
-6.61901
-6.6187
-6.61948
-6.61875
-6.61781
-6.61795
-6.6182
-6.61888
-6.61965
-6.62053
-6.62085
-6.62191
-6.62339
-6.62462
-6.62658
-6.62862
-6.63008
-6.63225
-6.63318
-6.63482
-6.63619
-6.63792
-6.63937
-6.6415
-6.64333
-6.64519
-6.64674
-6.64862
-6.65052
-6.65208
-6.65364
-6.65584
-6.65834
-6.66017
-6.66164
-6.66405
-6.66578
-6.66746
-6.66909
-6.67067
-6.67154
-6.67332
-6.67438
-6.67537
-6.67628
-6.67711
-6.67786
-6.67884
-6.67972
-6.68052
-6.68089
-6.68116
-6.68166
-6.68204
-6.68265
-6.68282
-6.68353
-6.68317
-6.68301
-6.68306
-6.68236
-6.68154
-6.68093
-6.68021
-6.67906
-6.67812
-6.67674
-6.67559
-6.67433
-6.67231
-6.67085
-6.66928
-6.66698
-6.66458
-6.66273
-6.6608
-6.65879
-6.65702
-6.65485
-6.65293
-6.65062
-6.64858
-6.64648
-6.64432
-6.64212
-6.64019
-6.63759
-6.6343
-6.63163
-6.62861
-6.62559
-6.62287
-6.62015
-6.61775
-6.61537
-6.61267
-6.61063
-6.60732
-6.60437
-6.60177
-6.59922
-6.59767
-6.59553
-6.59345
-6.59109
-6.58848
-6.58626
-6.58411
-6.58171
-6.57972
-6.57781
-6.57598
-6.57522
-6.57326
-6.5714
-6.56996
-6.56862
-6.56738
-6.56561
-6.56426
-6.56335
-6.56222
-6.56153
-6.56095
-6.56048
-6.56045
-6.55988
-6.55975
-6.55973
-6.55981
-6.55968
-6.55998
-6.56006
-6.56025
-6.56118
-6.5619
-6.56335
-6.56394
-6.56591
-6.567
-6.5685
-6.56976
-6.5711
-6.57348
-6.57529
-6.57685
-6.5788
-6.58016
-6.58159
-6.58339
-6.58524
-6.58681
-6.58811
-6.58976
-6.59243
-6.59481
-6.59754
-6.59932
-6.6021
-6.60425
-6.60642
-6.60827
-6.61045
-6.61264
-6.61418
-6.61636
-6.61919
-6.62137
-6.62418
-6.62634
-6.62847
-6.63059
-6.63172
-6.63478
-6.63716
-6.63919
-6.6412
-6.64285
-6.64544
-6.64768
-6.64988
-6.65173
-6.6529
-6.65403
-6.65512
-6.65683
-6.65916
-6.66144
-6.66271
-6.66525
-6.66613
-6.66761
-6.66939
-6.67112
-6.67218
-6.67416
-6.67579
-6.67706
-6.67797
-6.67885
-6.68002
-6.68149
-6.68259
-6.68335
-6.68407
-6.68477
-6.68608
-6.68705
-6.68734
-6.68826
-6.68948
-6.69068
-6.69153
-6.69301
-6.69447
-6.69462
-6.69605
-6.69648
-6.69658
-6.69731
-6.69834
-6.69903
-6.69972
-6.70006
-6.70006
-6.70037
-6.70066
-6.70158
-6.70184
-6.70273
-6.70328
-6.70349
-6.70465
-6.70515
-6.70563
-6.70608
-6.70651
-6.70692
-6.70763
-6.70864
-6.7093
-6.70961
-6.71022
-6.71015
-6.71102
-6.71121
-6.71137
-6.71084
-6.71125
-6.71163
-6.71099
-6.71064
-6.71058
-6.71112
-6.71064
-6.71077
-6.71053
-6.7096
-6.70927
-6.7089
-6.70815
-6.70768
-6.70684
-6.70595
-6.70533
-6.70499
-6.70363
-6.70287
-6.70207
-6.70056
-6.69966
-6.69872
-6.6974
-6.69669
-6.69562
-6.6945
-6.69333
-6.69181
-6.68992
-6.68897
-6.68734
-6.68535
-6.68365
-6.68225
-6.67985
-6.67872
-6.67789
-6.67607
-6.67456
-6.67238
-6.6718
-6.67025
-6.66933
-6.66711
-6.66553
-6.66395
-6.66205
-6.66015
-6.6589
-6.65734
-6.65643
-6.65489
-6.65368
-6.65217
-6.65067
-6.64855
-6.64742
-6.64599
-6.64491
-6.64418
-6.64219
-6.64088
-6.63959
-6.63867
-6.63778
-6.63725
-6.63579
-6.63501
-6.63427
-6.63487
-6.63324
-6.63261
-6.63203
-6.63149
-6.63164
-6.63021
-6.62947
-6.62876
-6.62842
-6.62747
-6.62656
-6.62569
-6.62551
-6.62536
-6.62492
-6.62452
-6.62481
-6.62416
-6.62354
-6.62295
-6.62304
-6.62285
-6.62236
-6.62254
-6.62309
-6.62301
-6.62297
-6.62296
-6.622
-6.62204
-6.62179
-6.62124
-6.62105
-6.6212
-6.62105
-6.62126
-6.62214
-6.62273
-6.62204
-6.62171
-6.62141
-6.62243
-6.62154
-6.62133
-6.62147
-6.62197
-6.62281
-6.62337
-6.62363
-6.62522
-6.62554
-6.62655
-6.62661
-6.62735
-6.6278
-6.62893
-6.62944
-6.63186
-6.63262
-6.63341
-6.6339
-6.63475
-6.63531
-6.63655
-6.63749
-6.63845
-6.6388
-6.64015
-6.64023
-6.64196
-6.64339
-6.64452
-6.64632
-6.64716
-6.64803
-6.64892
-6.65015
-6.6514
-6.65298
-6.65425
-6.65586
-6.65715
-6.65812
-6.65943
-6.66106
-6.66205
-6.66337
-6.66468
-6.66566
-6.66729
-6.66859
-6.6702
-6.67116
-6.67276
-6.67337
-6.67461
-6.67584
-6.67705
-6.67759
-6.67941
-6.68088
-6.68265
-6.6831
-6.68514
-6.68586
-6.68752
-6.68818
-6.6888
-6.68971
-6.69058
-6.69109
-6.69188
-6.69327
-6.693
-6.69365
-6.69393
-6.69481
-6.69466
-6.69478
-6.69453
-6.69519
-6.69546
-6.69632
-6.69614
-6.69655
-6.69657
-6.6962
-6.69575
-6.69589
-6.6953
-6.69528
-6.6939
-6.69244
-6.69123
-6.69091
-6.69019
-6.68907
-6.6885
-6.68721
-6.68616
-6.68502
-6.68316
-6.68185
-6.68079
-6.67965
-6.67809
-6.67678
-6.67506
-6.67261
-6.67073
-6.66812
-6.66641
-6.66429
-6.66243
-6.65984
-6.65783
-6.6551
-6.65263
-6.65042
-6.64718
-6.64453
-6.64182
-6.63906
-6.63625
-6.63275
-6.62985
-6.62692
-6.62362
-6.62094
-6.61824
-6.61616
-6.61374
-6.61034
-6.60692
-6.6048
-6.60203
-6.59861
-6.59553
-6.59342
-6.59004
-6.58668
-6.58367
-6.58134
-6.57872
-6.57614
-6.57295
-6.56949
-6.56672
-6.564
-6.56135
-6.55875
-6.55687
-6.55343
-6.55104
-6.54839
-6.54647
-6.54463
-6.54254
-6.54054
-6.53765
-6.53614
-6.53504
-6.53337
-6.5318
-6.53064
-6.52989
-6.52826
-6.52737
-6.52624
-6.52487
-6.52392
-6.52337
-6.5229
-6.52252
-6.52157
-6.52102
-6.52088
-6.52048
-6.51983
-6.52023
-6.52101
-6.52122
-6.52085
-6.52085
-6.52125
-6.5217
-6.52156
-6.52179
-6.52273
-6.52306
-6.52345
-6.52421
-6.52437
-6.52489
-6.52579
-6.52672
-6.52673
-6.52807
-6.52848
-6.52925
-6.52941
-6.53058
-6.53341
-6.53369
-6.53465
-6.53597
-6.537
-6.53742
-6.5382
-6.53869
-6.53986
-6.54107
-6.54264
-6.54425
-6.54556
-6.54659
-6.54765
-6.54842
-6.54955
-6.55104
-6.55191
-6.55347
-6.55473
-6.55667
-6.55799
-6.55967
-6.56137
-6.5631
-6.56518
-6.56631
-6.56908
-6.57123
-6.57243
-6.57494
-6.57649
-6.57838
-6.57997
-6.58253
-6.58446
-6.58639
-6.58833
-6.59059
-6.59351
-6.59512
-6.59674
-6.5977
-6.59963
-6.60155
-6.60347
-6.60472
-6.60757
-6.60912
-6.61065
-6.61216
-6.61332
-6.61511
-6.61623
-6.61862
-6.62098
-6.62202
-6.62433
-6.62596
-6.62723
-6.62912
-6.63
-6.63086
-6.63297
-6.63441
-6.63678
-6.63814
-6.63948
-6.64078
-6.64172
-6.64263
-6.64384
-6.64598
-6.6468
-6.64759
-6.64834
-6.64972
-6.65074
-6.65173
-6.6527
-6.65396
-6.65488
-6.65577
-6.65664
-6.65781
-6.65864
-6.65912
-6.65991
-6.66101
-6.66177
-6.66219
-6.6626
-6.66333
-6.66404
-6.6641
-6.66384
-6.66486
-6.66587
-6.66689
-6.66725
-6.66859
-6.66895
-6.66964
-6.67065
-6.67134
-6.67203
-6.67241
-6.67343
-6.67413
-6.6742
-6.67459
-6.67563
-6.67636
-6.67741
-6.67815
-6.6789
-6.67933
-6.68009
-6.68085
-6.6813
-6.68208
-6.68254
-6.68333
-6.68381
-6.68493
-6.68541
-6.68622
-6.68735
-6.68881
-6.68931
-6.69012
-6.69094
-6.69143
-6.69288
-6.69401
-6.69448
-6.6956
-6.69638
-6.69682
-6.69758
-6.69865
-6.69939
-6.70011
-6.7021
-6.70311
-6.70378
-6.70442
-6.70536
-6.70563
-6.70588
-6.7061
-6.70694
-6.70808
-6.70854
-6.70864
-6.70936
-6.71005
-6.7107
-6.71067
-6.71093
-6.71115
-6.71133
-6.71114
-6.71156
-6.71129
-6.71163
-6.71161
-6.71121
-6.7111
-6.71093
-6.71007
-6.70949
-6.71016
-6.71013
-6.70973
-6.70928
-6.70846
-6.70759
-6.707
-6.70636
-6.706
-6.70558
-6.7048
-6.70333
-6.70278
-6.70186
-6.70058
-6.70022
-6.69951
-6.69842
-6.6973
-6.69647
-6.69495
-6.69371
-6.69277
-6.69147
-6.69014
-6.68877
-6.68771
-6.68565
-6.68454
-6.68308
-6.68161
-6.68141
-6.6799
-6.67837
-6.67684
-6.67529
-6.67438
-6.6725
-6.67093
-6.66937
-6.66812
-6.66623
-6.66434
-6.66278
-6.66155
-6.65968
-6.65815
-6.65662
-6.65511
-6.65361
-6.65245
-6.6513
-6.6492
-6.64777
-6.64604
-6.64432
-6.64328
-6.64162
-6.64031
-6.63967
-6.63842
-6.63719
-6.63664
-6.63514
-6.63368
-6.6329
-6.6315
-6.63079
-6.63011
-6.62881
-6.62755
-6.62698
-6.62612
-6.624
-6.62322
-6.6228
-6.62178
-6.62144
-6.62082
-6.62025
-6.61906
-6.61858
-6.61813
-6.6187
-6.6177
-6.61772
-6.61746
-6.61725
-6.61773
-6.61794
-6.61722
-6.61786
-6.61757
-6.61733
-6.61715
-6.61735
-6.61759
-6.61789
-6.61792
-6.61833
-6.61847
-6.61899
-6.61956
-6.62019
-6.62086
-6.62159
-6.6227
-6.62419
-6.62507
-6.62666
-6.62764
-6.62835
-6.62976
-6.63088
-6.63172
-6.63325
-6.63418
-6.63449
-6.63581
-6.63652
-6.6379
-6.63996
-6.64108
-6.64286
-6.64467
-6.64617
-6.64769
-6.64922
-6.65011
-6.65198
-6.65354
-6.65509
-6.6573
-6.65918
-6.66074
-6.66229
-6.66383
-6.66568
-6.6672
-6.67
-6.67085
-6.672
-6.67378
-6.6749
-6.67632
-6.6774
-6.68007
-6.68174
-6.68275
-6.68405
-6.68565
-6.68657
-6.68779
-6.68866
-6.69014
-6.6916
-6.69271
-6.69315
-6.69388
-6.69393
-6.69493
-6.69623
-6.69718
-6.69778
-6.699
-6.69955
-6.70008
-6.70057
-6.70105
-6.70149
-6.7016
-6.70265
-6.70335
-6.70467
-6.70501
-6.70564
-6.70625
-6.70652
-6.70708
-6.7073
-6.70815
-6.70865
-6.7088
-6.70957
-6.71
-6.71008
-6.71078
-6.7121
-6.71275
-6.71305
-6.71397
-6.7139
-6.71444
-6.71398
-6.71446
-6.71426
-6.71403
-6.71344
-6.71314
-6.7128
-6.71275
-6.71364
-6.71351
-6.71335
-6.71249
-6.71128
-6.71131
-6.71163
-6.71126
-6.7102
-6.71006
-6.70891
-6.70836
-6.70743
-6.70711
-6.70641
-6.70502
-6.70358
-6.70306
-6.70249
-6.70284
-6.7025
-6.70211
-6.70134
-6.69988
-6.69869
-6.6981
-6.69714
-6.69548
-6.69441
-6.69201
-6.69053
-6.68868
-6.68744
-6.6855
-6.68351
-6.68181
-6.68105
-6.67959
-6.67809
-6.67655
-6.67368
-6.67142
-6.66913
-6.66712
-6.66411
-6.66203
-6.66025
-6.65812
-6.6553
-6.65343
-6.65089
-6.64832
-6.64604
-6.64407
-6.64143
-6.63942
-6.63674
-6.63404
-6.63165
-6.6286
-6.62683
-6.62472
-6.62228
-6.61983
-6.6177
-6.61524
-6.6131
-6.61096
-6.60947
-6.60702
-6.60457
-6.60213
-6.60003
-6.59795
-6.59524
-6.59319
-6.59052
-6.58756
-6.58593
-6.58337
-6.58117
-6.57933
-6.57755
-6.57485
-6.57285
-6.57156
-6.56905
-6.56725
-6.56488
-6.56356
-6.56232
-6.56052
-6.55914
-6.55849
-6.55665
-6.55556
-6.55522
-6.55466
-6.55389
-6.5529
-6.55235
-6.55192
-6.5516
-6.55139
-6.55065
-6.551
-6.55147
-6.55205
-6.55275
-6.55291
-6.55383
-6.55454
-6.55534
-6.55689
-6.5579
-6.55867
-6.56018
-6.56177
-6.5628
-6.56455
-6.56605
-6.56761
-6.56892
-6.57061
-6.57235
-6.57414
-6.57533
-6.57623
-6.57814
-6.58106
-6.58238
-6.58469
-6.5867
-6.58937
-6.5914
-6.59343
-6.59547
-6.59815
-6.59954
-6.60124
-6.60294
-6.60494
-6.60725
-6.60889
-6.61084
-6.61341
-6.61564
-6.61783
-6.61967
-6.62148
-6.62326
-6.62468
-6.62607
-6.62741
-6.62937
-6.63096
-6.63219
-6.6337
-6.63581
-6.63787
-6.63925
-6.63993
-6.64088
-6.64178
-6.64328
-6.64408
-6.64548
-6.64649
-6.64745
-6.64803
-6.64888
-6.64902
-6.64943
-6.65042
-6.65136
-6.6519
-6.65239
-6.65281
-6.6535
-6.65314
-6.65337
-6.65353
-6.65395
-6.65366
-6.65491
-6.65481
-6.65431
-6.65374
-6.65375
-6.65337
-6.65292
-6.65208
-6.65149
-6.65083
-6.6514
-6.65061
-6.64975
-6.64947
-6.64815
-6.64709
-6.64499
-6.64316
-6.64191
-6.6406
-6.6389
-6.63747
-6.6363
-6.63508
-6.63315
-6.6315
-6.63011
-6.62835
-6.62622
-6.62436
-6.62214
-6.6202
-6.61757
-6.61556
-6.61319
-6.61079
-6.60901
-6.60753
-6.60505
-6.6032
-6.6007
-6.5985
-6.595
-6.59343
-6.59121
-6.589
-6.58711
-6.58458
-6.58271
-6.58117
-6.579
-6.57653
-6.57441
-6.57296
-6.57056
-6.56853
-6.56653
-6.56521
-6.56231
-6.56011
-6.55861
-6.55715
-6.5551
-6.55375
-6.55148
-6.55024
-6.54842
-6.54666
-6.54528
-6.5443
-6.54338
-6.54156
-6.54046
-6.53911
-6.53815
-6.53759
-6.53678
-6.53571
-6.53505
-6.53446
-6.53394
-6.5335
-6.53249
-6.53188
-6.53101
-6.5312
-6.53145
-6.53146
-6.53187
-6.53202
-6.5316
-6.53125
-6.53227
-6.53303
-6.53386
-6.53411
-6.5341
-6.53513
-6.53558
-6.53673
-6.53794
-6.53889
-6.53989
-6.54095
-6.54238
-6.54354
-6.5454
-6.54633
-6.54698
-6.54865
-6.55037
-6.5518
-6.55326
-6.55477
-6.55598
-6.55723
-6.55916
-6.56112
-6.56278
-6.56414
-6.56586
-6.56792
-6.57032
-6.5721
-6.57389
-6.57571
-6.57786
-6.57971
-6.58158
-6.58313
-6.58534
-6.58692
-6.58981
-6.59173
-6.59464
-6.59691
-6.59886
-6.6005
-6.60312
-6.60477
-6.60708
-6.6094
-6.61141
-6.6131
-6.61544
-6.6178
-6.62048
-6.62221
-6.62458
-6.62632
-6.6284
-6.63048
-6.63192
-6.63466
-6.63677
-6.63921
-6.64102
-6.64315
-6.64529
-6.64745
-6.65058
-6.65243
-6.65461
-6.65648
-6.65867
-6.65991
-6.66212
-6.66466
-6.66689
-6.66944
-6.67167
-6.67391
-6.67615
-6.67871
-6.68127
-6.68319
-6.68574
-6.68764
-6.68986
-6.69174
-6.69361
-6.69612
-6.69731
-6.69914
-6.70159
-6.70305
-6.70545
-6.70783
-6.70986
-6.71186
-6.71382
-6.71478
-6.71634
-6.71755
-6.71904
-6.72049
-6.72221
-6.72389
-6.72552
-6.72709
-6.72862
-6.73009
-6.73216
-6.7332
-6.73451
-6.73576
-6.73663
-6.73744
-6.73851
-6.73953
-6.7408
-6.74137
-6.74155
-6.74265
-6.74303
-6.74401
-6.74525
-6.74545
-6.7456
-6.74634
-6.74638
-6.74636
-6.74759
-6.74843
-6.74826
-6.74739
-6.74809
-6.74874
-6.74935
-6.74894
-6.74784
-6.74799
-6.74843
-6.74786
-6.74725
-6.74725
-6.74657
-6.74682
-6.74673
-6.74628
-6.74547
-6.74496
-6.74508
-6.74516
-6.74425
-6.74363
-6.74267
-6.74201
-6.741
-6.74029
-6.73957
-6.73882
-6.73837
-6.73758
-6.73709
-6.73594
-6.73541
-6.73366
-6.73233
-6.73068
-6.72905
-6.72775
-6.7271
-6.72614
-6.72488
-6.72394
-6.72302
-6.72179
-6.72122
-6.72002
-6.71915
-6.71798
-6.71682
-6.71568
-6.71488
-6.71442
-6.71431
-6.71389
-6.7135
-6.71248
-6.71148
-6.71116
-6.71022
-6.70962
-6.70841
-6.7082
-6.70737
-6.70689
-6.70774
-6.70733
-6.70696
-6.70694
-6.70631
-6.70539
-6.70548
-6.70561
-6.70513
-6.70501
-6.70494
-6.70458
-6.7049
-6.70527
-6.70601
-6.70646
-6.70566
-6.70587
-6.7058
-6.70642
-6.70708
-6.70778
-6.70852
-6.70898
-6.70979
-6.71032
-6.71056
-6.71149
-6.71212
-6.71312
-6.71447
-6.71455
-6.71564
-6.71546
-6.7166
-6.71777
-6.71864
-6.71855
-6.71882
-6.71975
-6.72069
-6.72165
-6.72262
-6.72328
-6.72363
-6.72463
-6.72629
-6.72763
-6.72897
-6.72966
-6.731
-6.73169
-6.7327
-6.73371
-6.73504
-6.73604
-6.73734
-6.73832
-6.73831
-6.73926
-6.7402
-6.74112
-6.74235
-6.74356
-6.74443
-6.74593
-6.74579
-6.74693
-6.74805
-6.74883
-6.74894
-6.75
-6.75103
-6.75172
-6.75175
-6.75272
-6.75334
-6.75458
-6.75483
-6.75571
-6.75656
-6.75739
-6.75755
-6.75769
-6.7578
-6.75821
-6.75893
-6.75931
-6.76031
-6.76064
-6.76062
-6.76156
-6.76183
-6.76176
-6.76166
-6.76187
-6.76272
-6.76322
-6.76305
-6.76319
-6.76332
-6.76472
-6.76481
-6.76521
-6.76526
-6.76497
-6.76564
-6.76565
-6.76564
-6.76529
-6.76492
-6.76518
-6.76445
-6.76435
-6.76456
-6.7641
-6.7646
-6.76475
-6.76521
-6.76532
-6.76509
-6.76516
-6.76489
-6.76524
-6.76492
-6.76458
-6.76356
-6.76317
-6.76146
-6.76102
-6.76055
-6.76005
-6.75953
-6.75865
-6.75806
-6.75744
-6.75646
-6.75642
-6.75635
-6.75528
-6.75417
-6.75334
-6.75248
-6.75191
-6.75097
-6.74935
-6.74833
-6.74728
-6.74651
-6.74505
-6.74355
-6.74201
-6.74043
-6.73946
-6.73748
-6.7361
-6.73469
-6.73388
-6.73271
-6.73086
-6.72929
-6.72801
-6.72669
-6.72501
-6.72297
-6.7209
-6.71911
-6.71697
-6.71512
-6.71357
-6.71198
-6.70972
-6.70776
-6.70578
-6.70409
-6.70142
-6.69872
-6.69633
-6.69457
-6.69216
-6.69006
-6.68762
-6.68485
-6.68273
-6.68028
-6.67814
-6.67634
-6.67486
-6.67306
-6.67062
-6.66819
-6.66545
-6.66369
-6.66163
-6.65958
-6.65755
-6.65554
-6.65388
-6.65192
-6.6503
-6.64807
-6.64586
-6.64369
-6.6422
-6.63944
-6.63737
-6.63598
-6.63463
-6.63267
-6.63107
-6.62886
-6.62766
-6.62618
-6.62441
-6.62366
-6.62294
-6.62195
-6.62067
-6.61878
-6.61758
-6.61675
-6.61595
-6.61487
-6.61448
-6.61315
-6.61217
-6.61124
-6.61034
-6.60914
-6.60863
-6.60814
-6.60703
-6.60628
-6.60587
-6.60516
-6.60448
-6.60381
-6.60285
-6.6019
-6.60161
-6.60102
-6.60077
-6.59988
-6.59933
-6.59879
-6.59794
-6.59741
-6.59755
-6.59704
-6.59655
-6.59605
-6.59557
-6.59508
-6.59428
-6.59413
-6.59399
-6.59321
-6.5934
-6.59327
-6.5925
-6.59206
-6.59065
-6.59055
-6.59013
-6.59004
-6.58964
-6.58957
-6.58854
-6.58816
-6.5878
-6.5881
-6.58777
-6.58842
-6.5878
-6.58751
-6.58628
-6.58636
-6.58582
-6.58595
-6.58579
-6.585
-6.58523
-6.58515
-6.58577
-6.58545
-6.58581
-6.58589
-6.5857
-6.58587
-6.58609
-6.58637
-6.58702
-6.58741
-6.58786
-6.58772
-6.58863
-6.58928
-6.59033
-6.59145
-6.59169
-6.592
-6.59305
-6.59418
-6.5954
-6.59736
-6.59844
-6.60091
-6.60315
-6.60452
-6.60664
-6.60788
-6.61019
-6.61292
-6.61576
-6.61837
-6.62042
-6.62258
-6.62515
-6.62781
-6.62991
-6.63242
-6.63566
-6.63834
-6.64141
-6.64487
-6.64808
-6.65135
-6.65435
-6.6574
-6.66081
-6.66427
-6.66743
-6.67095
-6.67481
-6.67836
-6.68128
-6.68452
-6.68841
-6.69229
-6.69519
-6.69872
-6.70157
-6.70537
-6.70881
-6.71222
-6.71623
-6.71956
-6.72251
-6.72573
-6.7289
-6.73201
-6.73505
-6.73804
-6.74031
-6.74381
-6.74594
-6.74898
-6.75195
-6.75451
-6.75636
-6.75846
-6.76016
-6.76178
-6.7643
-6.76642
-6.76879
-6.76979
-6.77201
-6.77448
-6.7759
-6.7779
-6.7795
-6.78102
-6.78344
-6.7845
-6.78581
-6.78672
-6.78822
-6.78931
-6.79034
-6.79163
-6.79252
-6.79303
-6.79347
-6.79385
-6.79545
-6.79602
-6.79653
-6.79729
-6.79734
-6.79766
-6.7979
-6.79809
-6.79724
-6.79665
-6.79665
-6.79658
-6.79613
-6.79561
-6.79535
-6.79471
-6.79432
-6.7942
-6.79433
-6.79375
-6.79344
-6.79337
-6.7926
-6.79144
-6.79054
-6.79022
-6.78918
-6.78743
-6.78659
-6.78471
-6.78341
-6.78204
-6.7806
-6.77942
-6.77784
-6.77588
-6.77418
-6.77241
-6.77122
-6.76964
-6.76768
-6.76565
-6.76324
-6.76077
-6.75824
-6.75597
-6.75333
-6.75031
-6.74788
-6.74508
-6.74223
-6.73933
-6.73671
-6.73406
-6.73136
-6.72798
-6.72489
-6.72176
-6.71861
-6.71641
-6.71387
-6.71098
-6.7084
-6.70581
-6.70256
-6.69964
-6.69671
-6.69411
-6.6912
-6.68829
-6.6854
-6.68318
-6.68065
-6.67751
-6.67536
-6.67228
-6.66924
-6.66688
-6.66392
-6.66134
-6.65848
-6.65535
-6.65292
-6.65055
-6.64825
-6.64568
-6.64319
-6.64108
-6.6397
-6.63807
-6.63651
-6.63503
-6.63363
-6.63199
-6.63076
-6.62928
-6.62789
-6.62659
-6.62537
-6.62391
-6.62351
-6.62254
-6.62199
-6.62055
-6.61951
-6.61889
-6.61835
-6.61822
-6.61849
-6.61787
-6.61733
-6.61751
-6.61745
-6.61746
-6.61689
-6.61704
-6.61726
-6.61721
-6.61724
-6.61764
-6.6181
-6.61863
-6.61952
-6.62048
-6.62148
-6.62286
-6.62331
-6.62412
-6.62466
-6.62621
-6.62747
-6.62876
-6.62977
-6.63016
-6.63155
-6.63232
-6.63473
-6.63588
-6.63705
-6.63792
-6.63977
-6.64132
-6.64289
-6.6448
-6.64575
-6.64736
-6.64866
-6.64965
-6.65097
-6.6523
-6.65429
-6.65564
-6.65667
-6.65739
-6.65908
-6.66045
-6.66182
-6.66319
-6.66425
-6.66563
-6.66701
-6.66903
-6.67041
-6.67114
-6.67284
-6.6739
-6.67527
-6.67697
-6.67898
-6.68099
-6.68203
-6.68306
-6.68409
-6.68576
-6.6871
-6.68778
-6.6891
-6.69041
-6.69204
-6.69365
-6.69493
-6.69717
-6.69843
-6.69999
-6.70088
-6.70241
-6.70359
-6.70508
-6.70654
-6.7083
-6.70939
-6.71045
-6.71149
-6.71248
-6.71345
-6.71406
-6.71495
-6.71548
-6.71597
-6.71707
-6.71747
-6.71783
-6.7191
-6.71968
-6.72053
-6.72132
-6.72172
-6.72207
-6.72106
-6.72193
-6.72241
-6.72283
-6.72317
-6.72312
-6.72268
-6.72216
-6.72124
-6.72058
-6.71983
-6.71933
-6.71843
-6.71778
-6.7177
-6.71656
-6.71503
-6.71407
-6.71109
-6.7103
-6.70944
-6.70851
-6.70815
-6.70644
-6.70498
-6.70312
-6.70186
-6.70021
-6.69883
-6.69643
-6.69398
-6.69214
-6.69057
-6.68865
-6.68701
-6.68437
-6.68269
-6.68034
-6.67829
-6.6756
-6.67289
-6.67084
-6.66911
-6.66708
-6.66538
-6.6637
-6.66172
-6.65977
-6.65818
-6.6563
-6.65414
-6.65202
-6.64931
-6.64763
-6.64567
-6.64411
-6.64292
-6.64149
-6.64044
-6.63849
-6.63694
-6.63579
-6.63504
-6.63469
-6.63344
-6.6326
-6.63151
-6.63082
-6.62988
-6.62902
-6.62856
-6.6272
-6.62689
-6.62665
-6.62712
-6.62734
-6.62729
-6.62699
-6.6261
-6.62623
-6.62642
-6.62699
-6.62696
-6.62698
-6.62704
-6.62811
-6.62858
-6.62908
-6.62993
-6.63018
-6.63077
-6.6314
-6.63204
-6.63336
-6.63406
-6.63478
-6.63616
-6.63627
-6.63671
-6.63718
-6.6383
-6.63945
-6.64029
-6.64146
-6.64233
-6.64354
-6.64541
-6.64633
-6.64759
-6.64821
-6.64918
-6.6492
-6.65053
-6.65123
-6.65293
-6.65303
-6.65445
-6.65557
-6.65704
-6.65789
-6.65975
-6.66131
-6.66322
-6.6642
-6.66552
-6.66721
-6.6686
-6.66971
-6.67085
-6.67202
-6.67324
-6.67545
-6.67641
-6.67838
-6.68005
-6.68144
-6.68351
-6.68529
-6.68711
-6.68961
-6.69214
-6.69309
-6.69537
-6.69702
-6.69904
-6.7014
-6.70444
-6.70686
-6.70834
-6.71113
-6.71362
-6.71613
-6.718
-6.72054
-6.72245
-6.72437
-6.72662
-6.7292
-6.73147
-6.73438
-6.736
-6.73827
-6.74086
-6.74344
-6.74569
-6.74826
-6.75178
-6.75399
-6.75586
-6.75803
-6.76083
-6.76328
-6.7657
-6.76745
-6.76949
-6.7715
-6.77348
-6.77574
-6.77796
-6.78014
-6.78195
-6.78373
-6.7861
-6.78778
-6.78909
-6.79067
-6.7922
-6.79302
-6.79444
-6.7958
-6.79614
-6.79771
-6.79955
-6.80035
-6.80207
-6.8034
-6.80434
-6.80522
-6.80538
-6.80547
-6.8068
-6.80773
-6.8073
-6.80841
-6.80881
-6.80882
-6.80907
-6.80991
-6.81002
-6.80941
-6.80873
-6.80894
-6.80843
-6.8072
-6.80687
-6.80646
-6.8063
-6.80606
-6.80445
-6.80341
-6.80327
-6.80208
-6.80179
-6.80046
-6.7997
-6.79952
-6.79829
-6.79635
-6.79466
-6.79322
-6.79107
-6.78982
-6.78819
-6.78648
-6.7844
-6.78257
-6.78068
-6.77874
-6.77674
-6.77437
-6.77162
-6.76946
-6.76661
-6.76404
-6.76208
-6.76072
-6.75802
-6.75497
-6.75285
-6.75005
-6.74786
-6.74468
-6.74212
-6.73857
-6.73564
-6.73237
-6.73006
-6.72806
-6.72508
-6.72241
-6.72006
-6.71674
-6.71438
-6.71106
-6.70872
-6.70606
-6.70374
-6.70045
-6.69687
-6.69427
-6.69169
-6.68914
-6.68695
-6.68478
-6.682
-6.6799
-6.67753
-6.67519
-6.6729
-6.67066
-6.66815
-6.66537
-6.6633
-6.66097
-6.65902
-6.65779
-6.65598
-6.65457
-6.65355
-6.6523
-6.65144
-6.6497
-6.64805
-6.64681
-6.64533
-6.64362
-6.64265
-6.64177
-6.64066
-6.63998
-6.63939
-6.63826
-6.63787
-6.63823
-6.63708
-6.63732
-6.63734
-6.63747
-6.63802
-6.63802
-6.63877
-6.63995
-6.6409
-6.64163
-6.64311
-6.64371
-6.64441
-6.64552
-6.64674
-6.64836
-6.64976
-6.65124
-6.65314
-6.6548
-6.65687
-6.6587
-6.66061
-6.66292
-6.66499
-6.6668
-6.66902
-6.67195
-6.67366
-6.67608
-6.67856
-6.6811
-6.68338
-6.68571
-6.68778
-6.69086
-6.69335
-6.6962
-6.69909
-6.70202
-6.70499
-6.70734
-6.71069
-6.71309
-6.71584
-6.7186
-6.72235
-6.72611
-6.72858
-6.73171
-6.73483
-6.73859
-6.7417
-6.74447
-6.74787
-6.75126
-6.75397
-6.75632
-6.75994
-6.76287
-6.76512
-6.76797
-6.7711
-6.77353
-6.77654
-6.77853
-6.7811
-6.7836
-6.78571
-6.78774
-6.78969
-6.79157
-6.79601
-6.7981
-6.80012
-6.80205
-6.80359
-6.80505
-6.80642
-6.80673
-6.80793
-6.80968
-6.81069
-6.81192
-6.81242
-6.81476
-6.81538
-6.81557
-6.81598
-6.81694
-6.81747
-6.81757
-6.81755
-6.81743
-6.81753
-6.81719
-6.81642
-6.8162
-6.81586
-6.81508
-6.8142
-6.81321
-6.81212
-6.81091
-6.80993
-6.80851
-6.80731
-6.80569
-6.8043
-6.80248
-6.80089
-6.8005
-6.79807
-6.79588
-6.79393
-6.7922
-6.7904
-6.78884
-6.78591
-6.78257
-6.77981
-6.77698
-6.77408
-6.77112
-6.76777
-6.76501
-6.76155
-6.75804
-6.75447
-6.75119
-6.74819
-6.74515
-6.74143
-6.73768
-6.73391
-6.73108
-6.72726
-6.7244
-6.72088
-6.71768
-6.71479
-6.71094
-6.70741
-6.70357
-6.69974
-6.69625
-6.69246
-6.68934
-6.68592
-6.68286
-6.67951
-6.67653
-6.67326
-6.67037
-6.66688
-6.66377
-6.66072
-6.65774
-6.65482
-6.65229
-6.64984
-6.64681
-6.64387
-6.64134
-6.63889
-6.63556
-6.63362
-6.6321
-6.63035
-6.62838
-6.62748
-6.62572
-6.62374
-6.62284
-6.62141
-6.61879
-6.61726
-6.61617
-6.61648
-6.6153
-6.61423
-6.61361
-6.61245
-6.61239
-6.61244
-6.61164
-6.61193
-6.612
-6.6122
-6.6125
-6.61292
-6.61344
-6.61408
-6.61449
-6.61566
-6.61661
-6.61733
-6.61814
-6.61938
-6.62005
-6.62114
-6.62295
-6.6242
-6.62585
-6.62725
-6.62872
-6.63026
-6.63282
-6.63448
-6.63554
-6.63795
-6.63943
-6.64128
-6.64382
-6.64639
-6.64866
-6.65097
-6.65427
-6.65629
-6.65898
-6.66169
-6.66537
-6.66777
-6.67016
-6.67353
-6.6756
-6.67799
-6.68037
-6.68242
-6.68348
-6.68582
-6.68846
-6.69043
-6.69239
-6.69528
-6.69783
-6.70034
-6.70282
-6.70429
-6.70573
-6.70777
-6.71074
-6.71238
-6.71495
-6.71649
-6.71766
-6.71944
-6.72083
-6.7225
-6.72411
-6.72567
-6.72717
-6.72861
-6.72999
-6.7313
-6.73288
-6.73407
-6.73487
-6.73593
-6.73757
-6.73818
-6.73903
-6.74014
-6.74086
-6.74248
-6.74306
-6.74324
-6.74335
-6.74339
-6.74336
-6.74358
-6.7434
-6.74348
-6.74349
-6.74245
-6.74167
-6.74083
-6.74056
-6.73957
-6.73949
-6.73869
-6.73719
-6.73627
-6.73561
-6.73521
-6.73475
-6.73424
-6.7327
-6.73143
-6.73011
-6.72972
-6.7283
-6.7275
-6.72665
-6.72479
-6.72419
-6.72259
-6.72193
-6.7206
-6.71957
-6.71755
-6.71616
-6.71444
-6.71302
-6.7116
-6.71082
-6.70907
-6.70797
-6.70655
-6.70449
-6.70309
-6.70138
-6.70001
-6.69867
-6.69767
-6.69605
-6.69447
-6.69323
-6.69204
-6.69121
-6.69042
-6.68936
-6.68866
-6.68737
-6.68646
-6.68624
-6.68576
-6.68437
-6.68369
-6.68243
-6.68155
-6.68138
-6.68096
-6.68061
-6.68033
-6.67947
-6.67901
-6.67894
-6.67863
-6.67807
-6.67887
-6.67911
-6.6791
-6.67948
-6.67963
-6.67985
-6.68047
-6.68116
-6.68193
-6.6831
-6.68402
-6.68566
-6.68608
-6.68721
-6.68809
-6.68904
-6.69135
-6.69307
-6.69454
-6.69671
-6.69862
-6.70027
-6.70196
-6.70371
-6.70519
-6.70672
-6.70926
-6.71186
-6.71417
-6.71619
-6.71826
-6.72068
-6.72313
-6.72529
-6.72747
-6.73001
-6.73224
-6.73449
-6.73708
-6.73936
-6.74197
-6.74426
-6.74689
-6.74919
-6.75149
-6.7538
-6.75609
-6.75805
-6.76033
-6.76195
-6.76387
-6.76643
-6.76831
-6.77115
-6.77363
-6.77576
-6.77818
-6.7809
-6.78325
-6.78524
-6.78719
-6.7891
-6.79128
-6.7931
-6.79518
-6.79624
-6.7979
-6.79917
-6.80071
-6.80219
-6.80393
-6.8056
-6.80688
-6.80745
-6.8086
-6.80967
-6.81068
-6.81193
-6.81375
-6.81486
-6.81556
-6.8165
-6.81704
-6.81847
-6.81852
-6.81817
-6.8187
-6.81817
-6.81789
-6.81816
-6.81803
-6.81748
-6.81718
-6.81743
-6.81695
-6.81638
-6.81541
-6.81467
-6.81384
-6.81293
-6.81226
-6.81182
-6.81099
-6.80974
-6.80745
-6.8067
-6.80588
-6.80368
-6.80207
-6.80038
-6.7983
-6.79615
-6.7946
-6.79201
-6.79065
-6.78796
-6.78585
-6.78435
-6.78151
-6.77927
-6.77733
-6.77502
-6.77237
-6.76936
-6.76666
-6.76362
-6.76089
-6.75848
-6.75607
-6.75334
-6.75127
-6.74824
-6.74554
-6.74287
-6.7412
-6.73858
-6.73697
-6.73443
-6.73226
-6.73014
-6.72774
-6.7254
-6.72345
-6.72188
-6.72038
-6.71896
-6.71728
-6.71568
-6.71417
-6.71241
-6.71074
-6.70948
-6.70734
-6.70561
-6.70495
-6.70438
-6.70325
-6.7019
-6.70161
-6.70109
-6.70067
-6.70067
-6.70043
-6.70028
-6.69957
-6.69928
-6.69971
-6.70023
-6.70019
-6.70054
-6.70064
-6.70147
-6.70236
-6.70299
-6.70368
-6.70508
-6.7062
-6.7077
-6.70795
-6.70888
-6.71018
-6.71119
-6.7119
-6.71296
-6.71404
-6.71513
-6.71592
-6.71639
-6.71686
-6.71798
-6.7191
-6.72053
-6.72099
-6.72207
-6.7238
-6.72453
-6.72589
-6.72625
-6.72691
-6.72689
-6.72717
-6.72807
-6.72893
-6.72943
-6.73022
-6.73065
-6.73136
-6.73203
-6.73266
-6.73293
-6.73445
-6.73496
-6.73544
-6.73619
-6.73691
-6.73726
-6.7379
-6.7385
-6.73809
-6.73829
-6.73845
-6.73825
-6.73867
-6.7384
-6.73875
-6.73842
-6.73837
-6.73894
-6.73851
-6.7387
-6.73886
-6.73866
-6.73811
-6.73786
-6.73823
-6.73792
-6.73758
-6.73786
-6.73779
-6.73833
-6.73788
-6.73836
-6.73849
-6.73762
-6.73736
-6.73674
-6.73674
-6.73573
-6.73501
-6.73458
-6.73379
-6.73297
-6.73242
-6.73152
-6.73058
-6.7296
-6.72826
-6.72785
-6.72676
-6.72531
-6.72381
-6.72228
-6.72137
-6.71944
-6.71813
-6.71679
-6.71575
-6.71499
-6.71325
-6.71148
-6.71001
-6.70852
-6.70573
-6.70389
-6.70205
-6.70084
-6.69932
-6.69747
-6.69594
-6.69378
-6.6926
-6.69177
-6.69096
-6.68985
-6.68812
-6.68674
-6.68573
-6.68412
-6.68254
-6.68167
-6.6802
-6.67911
-6.67775
-6.67679
-6.6762
-6.67504
-6.67395
-6.67326
-6.67231
-6.67177
-6.6713
-6.67027
-6.66996
-6.66909
-6.66895
-6.6689
-6.66925
-6.67001
-6.66988
-6.67081
-6.67182
-6.67228
-6.67281
-6.6731
-6.67347
-6.67359
-6.67444
-6.67505
-6.67637
-6.67712
-6.67826
-6.67948
-6.67946
-6.68048
-6.68221
-6.68336
-6.68521
-6.68646
-6.68841
-6.69008
-6.69245
-6.69324
-6.69504
-6.69655
-6.69938
-6.70095
-6.70255
-6.70481
-6.70677
-6.70906
-6.71137
-6.71369
-6.71665
-6.71897
-6.72096
-6.72327
-6.72525
-6.72721
-6.72915
-6.73107
-6.73232
-6.7342
-6.73605
-6.73753
-6.73931
-6.74105
-6.74307
-6.74472
-6.74665
-6.74756
-6.74971
-6.75084
-6.75256
-6.75422
-6.75616
-6.75706
-6.75887
-6.75998
-6.76167
-6.76297
-6.76356
-6.7644
-6.76486
-6.76622
-6.76687
-6.76778
-6.76862
-6.76939
-6.76977
-6.77041
-6.77066
-6.77052
-6.77032
-6.77005
-6.77005
-6.76966
-6.76953
-6.77031
-6.77006
-6.76975
-6.76907
-6.76801
-6.76722
-6.7667
-6.76645
-6.76648
-6.76517
-6.76413
-6.76338
-6.76291
-6.76272
-6.7625
-6.76224
-6.76129
-6.76032
-6.75899
-6.75957
-6.75916
-6.7584
-6.7573
-6.75618
-6.75504
-6.75389
-6.75304
-6.75154
-6.75036
-6.74916
-6.74829
-6.74709
-6.74525
-6.74373
-6.74222
-6.7404
-6.73955
-6.73808
-6.73694
-6.73582
-6.73505
-6.73399
-6.73295
-6.73227
-6.7313
-6.73037
-6.72916
-6.72831
-6.72784
-6.7271
-6.72641
-6.72579
-6.72523
-6.72473
-6.7243
-6.72362
-6.72302
-6.72282
-6.72239
-6.72203
-6.72241
-6.72192
-6.72184
-6.72218
-6.72261
-6.72283
-6.72282
-6.72324
-6.72441
-6.72439
-6.72609
-6.72693
-6.72851
-6.73052
-6.73134
-6.7329
-6.73455
-6.73694
-6.7391
-6.74069
-6.74236
-6.74411
-6.74592
-6.74813
-6.75039
-6.75336
-6.7554
-6.7578
-6.76056
-6.76303
-6.76584
-6.76833
-6.77018
-6.77236
-6.77452
-6.77635
-6.77847
-6.78089
-6.78262
-6.78462
-6.78722
-6.78911
-6.7919
-6.79463
-6.79695
-6.79854
-6.80037
-6.80242
-6.80405
-6.80493
-6.80667
-6.80798
-6.80917
-6.81057
-6.81185
-6.813
-6.81371
-6.81364
-6.81441
-6.81344
-6.81396
-6.81434
-6.8146
-6.81408
-6.81375
-6.81265
-6.81272
-6.81201
-6.81247
-6.81152
-6.81045
-6.80958
-6.80859
-6.80653
-6.80467
-6.80304
-6.80097
-6.7988
-6.79783
-6.7958
-6.79367
-6.79146
-6.78884
-6.78678
-6.78465
-6.7818
-6.77921
-6.77655
-6.77384
-6.77042
-6.7663
-6.76343
-6.76051
-6.75691
-6.75457
-6.75122
-6.74784
-6.74541
-6.74264
-6.73985
-6.73672
-6.73293
-6.72946
-6.72598
-6.72316
-6.72033
-6.71751
-6.7147
-6.71223
-6.70945
-6.70637
-6.70363
-6.70059
-6.69759
-6.69429
-6.69135
-6.6878
-6.68527
-6.68181
-6.67969
-6.67633
-6.67366
-6.67073
-6.66915
-6.66634
-6.6636
-6.66125
-6.65896
-6.65643
-6.65462
-6.65354
-6.65223
-6.64873
-6.64694
-6.64557
-6.64364
-6.64214
-6.64106
-6.63944
-6.6376
-6.6362
-6.63524
-6.63439
-6.63334
-6.63273
-6.6316
-6.63125
-6.63135
-6.63159
-6.63196
-6.63182
-6.63181
-6.63228
-6.63256
-6.63331
-6.63388
-6.6346
-6.63611
-6.63777
-6.6386
-6.64023
-6.64201
-6.64392
-6.64599
-6.64819
-6.65086
-6.65335
-6.65629
-6.6584
-6.66129
-6.66463
-6.66745
-6.67104
-6.67474
-6.67888
-6.68215
-6.68585
-6.68964
-6.69417
-6.69813
-6.70186
-6.70597
-6.71016
-6.71472
-6.71902
-6.72304
-6.72742
-6.73183
-6.73627
-6.74072
-6.74552
-6.74999
-6.75413
-6.75859
-6.76369
-6.76811
-6.7725
-6.77621
-6.78117
-6.78544
-6.78965
-6.79315
-6.79723
-6.80157
-6.80518
-6.80903
-6.81246
-6.81678
-6.82003
-6.82318
-6.82655
-6.83046
-6.8336
-6.83696
-6.8402
-6.84332
-6.84535
-6.8479
-6.85001
-6.85198
-6.85448
-6.85621
-6.8578
-6.85991
-6.86254
-6.8644
-6.86515
-6.86708
-6.86822
-6.86925
-6.86982
-6.87091
-6.87156
-6.87208
-6.87249
-6.87277
-6.87261
-6.87266
-6.87292
-6.87275
-6.87246
-6.87239
-6.87189
-6.87129
-6.87058
-6.8701
-6.86983
-6.86883
-6.86642
-6.86555
-6.86425
-6.86253
-6.86137
-6.86012
-6.85878
-6.85669
-6.85453
-6.85195
-6.8496
-6.84782
-6.84627
-6.84431
-6.84162
-6.83916
-6.83662
-6.83399
-6.8316
-6.82912
-6.82623
-6.82326
-6.82021
-6.81643
-6.81289
-6.80926
-6.80556
-6.80242
-6.79855
-6.79525
-6.79155
-6.78777
-6.78425
-6.78032
-6.77567
-6.77225
-6.76844
