1.2
1.19987
1.1995
1.19887
1.198
1.19687
1.1955
1.19388
1.19202
1.18991
1.18755
1.18496
1.18212
1.17905
1.17573
1.17218
1.1684
1.16438
1.16014
1.15567
1.15097
1.14605
1.14092
1.13556
1.13
1.12422
1.11823
1.11203
1.10563
1.09903
1.09223
1.08523
1.07804
1.07065
1.06308
1.05532
1.04737
1.03925
1.03095
1.02249
1.01385
1.00505
0.996086
0.98697
0.977704
0.968292
0.958739
0.94905
0.939228
0.929279
0.919208
0.90902
0.898723
0.88832
0.877819
0.867225
0.856543
0.845782
0.834948
0.824046
0.813082
0.802064
0.790999
0.779893
0.768754
0.757589
0.746405
0.735209
0.724009
0.712812
0.701625
0.690456
0.679313
0.668203
0.657134
0.646114
0.63515
0.62425
0.613423
0.602676
0.592016
0.58145
0.570988
0.560635
0.5504
0.540289
0.530311
0.520472
0.51078
0.50124
0.491861
0.482648
0.473607
0.464746
0.45607
0.447584
0.439295
0.431208
0.423327
0.415659
0.408208
0.400978
0.393973
0.387197
0.380653
0.374345
0.368276
0.362448
0.356863
0.351524
0.346432
0.341588
0.336994
0.332651
0.328558
0.324716
0.321125
0.317784
0.314694
0.311852
0.309258
0.306908
0.304803
0.30294
0.301315
0.299927
0.298772
0.297848
0.297149
0.296674
0.296417
0.296375
0.296543
0.296918
0.297493
0.298265
0.299227
0.300376
0.301705
0.303209
0.304882
0.30672
0.308715
0.310863
0.313158
0.315594
0.318164
0.320863
0.323685
0.326623
0.329671
0.332824
0.336075
0.339417
0.342846
0.346355
0.349939
0.353591
0.357306
0.361077
0.364899
0.368767
0.372673
0.376614
0.380583
0.384575
0.388586
0.392609
0.396642
0.400677
0.40471
0.408737
0.412754
0.416756
0.420739
0.424698
0.42863
0.432531
0.436396
0.440224
0.444009
0.447747
0.451437
0.455074
0.458656
0.462181
0.465644
0.469045
0.472379
0.475645
0.478841
0.481964
0.485013
0.487986
0.49088
0.493695
0.496428
0.499079
0.501646
0.504127
0.506523
0.508832
0.511055
0.51319
0.515237
0.517195
0.519065
0.520845
0.522535
0.524135
0.525646
0.527068
0.528401
0.529646
0.530803
0.531872
0.532854
0.533749
0.534558
0.535284
0.535926
0.536486
0.536964
0.537361
0.537678
0.537917
0.538079
0.538166
0.538178
0.538117
0.537985
0.537784
0.537515
0.53718
0.536781
0.536319
0.535797
0.535217
0.53458
0.533887
0.533141
0.532344
0.531499
0.530606
0.52967
0.52869
0.52767
0.526612
0.525516
0.524387
0.523225
0.522034
0.520815
0.519571
0.518303
0.517015
0.515709
0.514387
0.513053
0.511706
0.51035
0.508987
0.507618
0.506246
0.504873
0.503502
0.502135
0.500774
0.499421
0.498078
0.496748
0.495432
0.494134
0.492855
0.491598
0.490366
0.489158
0.487978
0.486827
0.485708
0.484621
0.48357
0.482556
0.48158
0.480644
0.479751
0.478902
0.478099
0.477344
0.47664
0.475987
0.475387
0.474842
0.474352
0.47392
0.473545
0.473231
0.472979
0.472789
0.472664
0.472603
0.472608
0.47268
0.472821
0.473031
0.473311
0.473663
0.474087
0.474583
0.475153
0.475799
0.476519
0.477315
0.478187
0.479136
0.48016
0.48126
0.482438
0.483692
0.485023
0.486432
0.487917
0.48948
0.491119
0.492833
0.494623
0.496487
0.498426
0.500439
0.502525
0.504683
0.506912
0.509213
0.511583
0.514022
0.516528
0.519102
0.521741
0.524443
0.527206
0.530029
0.53291
0.535849
0.538843
0.541889
0.544986
0.548132
0.551325
0.554563
0.557842
0.561162
0.564519
0.567913
0.571341
0.574801
0.578291
0.581806
0.585346
0.588907
0.592487
0.596086
0.599699
0.603322
0.606953
0.61059
0.61423
0.617871
0.621509
0.625142
0.628766
0.63238
0.635982
0.639569
0.643137
0.646684
0.650208
0.653707
0.657177
0.660615
0.66402
0.66739
0.670721
0.674014
0.677265
0.680472
0.683632
0.686742
0.689802
0.692809
0.695761
0.698656
0.701492
0.704267
0.706981
0.709631
0.712216
0.714734
0.717184
0.719564
0.721875
0.724114
0.72628
0.728371
0.730388
0.732329
0.734193
0.73598
0.737688
0.739317
0.740866
0.742334
0.74372
0.745026
0.746249
0.747391
0.748452
0.749432
0.750331
0.751149
0.751884
0.75254
0.753117
0.753613
0.754028
0.754363
0.754619
0.754795
0.754893
0.754915
0.75486
0.75473
0.754525
0.754248
0.753898
0.753476
0.752985
0.752425
0.751797
0.751104
0.750344
0.74952
0.748635
0.747689
0.746684
0.74562
0.744501
0.743326
0.742098
0.740819
0.73949
0.738116
0.736695
0.735229
0.73372
0.732171
0.730583
0.728959
0.727298
0.725604
0.723878
0.722122
0.720337
0.718526
0.716688
0.714826
0.712941
0.711037
0.709114
0.707175
0.705222
0.703256
0.701278
0.69929
0.697294
0.695292
0.693285
0.691276
0.689265
0.687253
0.685242
0.683234
0.681229
0.67923
0.677237
0.675252
0.673275
0.671307
0.669352
0.667407
0.665475
0.663556
0.661652
0.659763
0.65789
0.656033
0.654194
0.652372
0.650569
0.648785
0.647021
0.645278
0.643556
0.641854
0.640175
0.638519
0.636886
0.635275
0.633687
0.632122
0.630581
0.629064
0.62757
0.626099
0.624651
0.623227
0.621827
0.620452
0.619102
0.617775
0.616473
0.615193
0.613938
0.612705
0.611498
0.610314
0.609154
0.608016
0.606902
0.605809
0.604739
0.603691
0.602665
0.601662
0.60068
0.599722
0.598785
0.597869
0.596974
0.596101
0.595249
0.594418
0.593607
0.592816
0.592046
0.591296
0.590566
0.589856
0.589167
0.588498
0.587851
0.587224
0.586619
0.586033
0.585468
0.584921
0.584395
0.583888
0.583402
0.582936
0.582491
0.582066
0.581662
0.581279
0.580917
0.580576
0.580256
0.579958
0.579681
0.579426
0.579193
0.578983
0.578794
0.578628
0.578485
0.578364
0.578266
0.578192
0.57814
0.578113
0.578109
0.578129
0.578174
0.578243
0.578336
0.578454
0.578596
0.578765
0.57896
0.57918
0.579424
0.579693
0.579986
0.580305
0.580649
0.581018
0.581412
0.581831
0.582275
0.582743
0.583235
0.583751
0.58429
0.584853
0.58544
0.586051
0.586686
0.587344
0.588025
0.588728
0.589454
0.590201
0.590969
0.591756
0.592564
0.59339
0.594235
0.595098
0.595979
0.596878
0.597792
0.598723
0.599669
0.600628
0.601601
0.602587
0.603585
0.604593
0.605612
0.606641
0.607679
0.608724
0.609776
0.610835
0.611898
0.612966
0.614038
0.615113
0.616189
0.617266
0.618342
0.619417
0.620488
0.621557
0.622621
0.62368
0.624733
0.62578
0.626819
0.62785
0.628872
0.629885
0.630887
0.631877
0.632855
0.63382
0.634771
0.635709
0.636632
0.637539
0.638432
0.639309
0.640169
0.641012
0.641838
0.642646
0.643435
0.644205
0.644956
0.645689
0.646401
0.647094
0.647767
0.64842
0.649054
0.649666
0.650259
0.65083
0.651382
0.651913
0.652425
0.652915
0.653383
0.653831
0.654258
0.654664
0.655048
0.655412
0.655756
0.65608
0.656384
0.656668
0.656934
0.65718
0.657407
0.657615
0.657804
0.657974
0.658125
0.658259
0.658375
0.658474
0.658554
0.658618
0.658666
0.658698
0.658712
0.658711
0.658693
0.658659
0.658609
0.658543
0.65846
0.658362
0.65825
0.658124
0.657983
0.65783
0.657662
0.657482
0.657288
0.657082
0.656862
0.65663
0.656384
0.656127
0.655859
0.655579
0.655286
0.654983
0.654668
0.654343
0.654007
0.653661
0.653305
0.652939
0.652563
0.652178
0.651785
0.651382
0.650971
0.650553
0.650126
0.649692
0.64925
0.6488
0.648342
0.647877
0.647404
0.646925
0.646438
0.645945
0.645446
0.644944
0.644436
0.643923
0.643404
0.64288
0.642353
0.641823
0.641289
0.640753
0.640214
0.639672
0.639127
0.63858
0.638032
0.637483
0.636933
0.636383
0.635833
0.635283
0.634733
0.634183
0.633633
0.633084
0.632535
0.631989
0.631442
0.630898
0.630356
0.629815
0.629278
0.628743
0.628211
0.627682
0.627156
0.626635
0.626117
0.625605
0.625098
0.624597
0.624102
0.623613
0.623131
0.622654
0.622184
0.62172
0.621263
0.620815
0.620375
0.619942
0.619518
0.619104
0.6187
0.618305
0.617919
0.617542
0.617175
0.616816
0.616466
0.616126
0.615795
0.615474
0.615164
0.614865
0.614578
0.614302
0.614036
0.613782
0.613539
0.61331
0.613092
0.612887
0.612694
0.612514
0.612346
0.612191
0.612048
0.611919
0.611802
0.611698
0.611607
0.611528
0.611463
0.611411
0.611372
0.611348
0.611337
0.611341
0.611359
0.61139
0.611434
0.611492
0.611564
0.611649
0.611748
0.61186
0.611986
0.612125
0.612277
0.61244
0.612615
0.6128
0.612996
0.613203
0.613421
0.613649
0.613885
0.61413
0.614384
0.614645
0.614913
0.615189
0.615471
0.615758
0.616049
0.616343
0.616639
0.616936
0.617234
0.617532
0.617829
0.618123
0.618414
0.618701
0.618985
0.619262
0.619534
0.619799
0.620055
0.620302
0.620537
0.62076
0.620971
0.621168
0.62135
0.621517
0.621667
0.621798
0.621911
0.622004
0.622076
0.622128
0.622157
0.622163
0.622146
0.622105
0.622038
0.621944
0.621824
0.621677
0.621501
0.621295
0.62106
0.620794
0.620498
0.620171
0.619813
0.619424
0.619003
0.618549
0.618063
0.617544
0.616992
0.616407
0.61579
0.61514
0.614458
0.613743
0.612997
0.61222
0.611414
0.610577
0.60971
0.608813
0.607886
0.606931
0.605948
0.604939
0.603905
0.602848
0.601766
0.600661
0.599534
0.598386
0.597218
0.596032
0.594827
0.593606
0.592369
0.591118
0.589854
0.588579
0.587293
0.585999
0.584697
0.58339
0.582078
0.580764
0.579449
0.578134
0.57682
0.575511
0.574207
0.572912
0.571624
0.570346
0.569079
0.567825
0.566584
0.565357
0.564146
0.562953
0.561778
0.560623
0.559491
0.558381
0.557294
0.556232
0.555196
0.554186
0.553205
0.552254
0.551332
0.550441
0.549581
0.548754
0.547959
0.547197
0.54647
0.545779
0.545123
0.544503
0.543918
0.543369
0.542856
0.542379
0.541939
0.541535
0.541168
0.540838
0.540544
0.540286
0.540064
0.539877
0.539725
0.539609
0.539528
0.539482
0.53947
1.19987
1.19977
1.19955
1.19921
1.19876
1.19819
1.1975
1.1967
1.19579
1.19475
1.19359
1.19232
1.19093
1.18943
1.1878
1.18606
1.1842
1.18223
1.18014
1.17793
1.17561
1.17318
1.17063
1.16798
1.16521
1.16233
1.15935
1.15626
1.15306
1.14976
1.14635
1.14284
1.13923
1.13553
1.13172
1.12782
1.12383
1.11974
1.11557
1.1113
1.10696
1.10252
1.09801
1.09341
1.08874
1.08398
1.07916
1.07426
1.06929
1.06425
1.05914
1.05397
1.04874
1.04345
1.0381
1.0327
1.02724
1.02174
1.01619
1.0106
1.00497
0.999298
0.993588
0.987845
0.982069
0.976265
0.970434
0.96458
0.958705
0.952814
0.946909
0.940992
0.935067
0.929137
0.923204
0.917272
0.911344
0.905423
0.899512
0.893614
0.887735
0.881877
0.876042
0.870234
0.864456
0.858713
0.853008
0.847344
0.841726
0.836157
0.83064
0.825179
0.819777
0.814439
0.809169
0.80397
0.798846
0.793802
0.78884
0.783965
0.779182
0.774493
0.769902
0.765413
0.761029
0.756755
0.752593
0.748547
0.74462
0.740818
0.737143
0.733596
0.730183
0.726905
0.723766
0.720768
0.717914
0.715207
0.712648
0.71024
0.707985
0.705885
0.703942
0.702156
0.70053
0.699065
0.697763
0.696624
0.695649
0.694837
0.69419
0.693708
0.69339
0.693236
0.693248
0.693424
0.693763
0.694263
0.694925
0.695746
0.696724
0.697856
0.699143
0.700582
0.70217
0.703906
0.705785
0.707806
0.709965
0.71226
0.714686
0.71724
0.719919
0.722719
0.725638
0.72867
0.731813
0.735061
0.738412
0.741862
0.745407
0.749041
0.75276
0.756561
0.760439
0.764391
0.768411
0.772496
0.77664
0.780841
0.785094
0.789394
0.793739
0.798122
0.802541
0.80699
0.811467
0.815969
0.82049
0.825028
0.829579
0.834139
0.838705
0.843275
0.847845
0.85241
0.856969
0.861518
0.866054
0.870573
0.875074
0.879555
0.884012
0.888443
0.892847
0.897221
0.901563
0.905872
0.910144
0.914378
0.918572
0.922727
0.926839
0.930908
0.934934
0.938916
0.942853
0.946741
0.950579
0.954367
0.958104
0.96179
0.965424
0.969004
0.972531
0.976004
0.979421
0.982782
0.986086
0.989332
0.99252
0.995652
0.998724
1.00174
1.00469
1.00758
1.01041
1.01318
1.01589
1.01853
1.02111
1.02363
1.02608
1.02847
1.0308
1.03306
1.03526
1.03739
1.03945
1.04145
1.04338
1.04524
1.04704
1.04877
1.05043
1.05202
1.05355
1.055
1.05639
1.0577
1.05895
1.06013
1.06124
1.06227
1.06324
1.06414
1.06496
1.06572
1.06641
1.06703
1.06758
1.06806
1.06847
1.06882
1.06909
1.06929
1.06943
1.0695
1.0695
1.06944
1.06931
1.06911
1.06885
1.06853
1.06815
1.0677
1.06719
1.06662
1.066
1.06531
1.06458
1.06379
1.06294
1.06205
1.0611
1.06011
1.05907
1.05798
1.05685
1.05568
1.05446
1.05321
1.05193
1.05061
1.04927
1.04789
1.04649
1.04506
1.04362
1.04215
1.04066
1.03916
1.03764
1.03611
1.03457
1.03302
1.03147
1.02991
1.02835
1.02679
1.02523
1.02368
1.02213
1.02059
1.01906
1.01754
1.01604
1.01455
1.01308
1.01162
1.01019
1.00878
1.00739
1.00602
1.00468
1.00336
1.00207
1.0008
0.999563
0.998351
0.997166
0.996011
0.994883
0.993785
0.992716
0.991675
0.990664
0.989681
0.988729
0.987806
0.986913
0.986051
0.98522
0.98442
0.983651
0.982912
0.982204
0.981528
0.980885
0.980275
0.979699
0.979155
0.978646
0.978171
0.977731
0.977324
0.976954
0.976618
0.976319
0.976058
0.975834
0.97565
0.975503
0.975395
0.975325
0.975295
0.975304
0.975352
0.975441
0.975568
0.975735
0.97594
0.976182
0.976463
0.976781
0.977134
0.977521
0.977941
0.978393
0.978875
0.979386
0.979925
0.980487
0.981071
0.981675
0.982295
0.982931
0.98358
0.984237
0.984902
0.985569
0.986237
0.986903
0.987564
0.988218
0.988861
0.989491
0.990106
0.990704
0.991281
0.991837
0.99237
0.992876
0.993354
0.993801
0.994215
0.994595
0.99494
0.995251
0.995525
0.995761
0.995959
0.996118
0.996239
0.996322
0.996366
0.996369
0.996333
0.996257
0.996141
0.995986
0.995792
0.995559
0.99529
0.994985
0.994645
0.994271
0.993863
0.993422
0.992948
0.99244
0.991902
0.991335
0.990738
0.990113
0.98946
0.988781
0.988076
0.987346
0.986592
0.985816
0.985019
0.984201
0.983362
0.982502
0.981623
0.980725
0.97981
0.978878
0.977931
0.976968
0.975988
0.974993
0.973982
0.972957
0.971917
0.970864
0.969799
0.968722
0.967634
0.966535
0.965424
0.964303
0.963172
0.962031
0.960879
0.959718
0.958548
0.95737
0.956186
0.954995
0.953798
0.952595
0.951386
0.950173
0.948956
0.947736
0.946514
0.945288
0.944061
0.942832
0.941602
0.94037
0.93914
0.937911
0.936684
0.935459
0.934237
0.933019
0.931804
0.930594
0.929389
0.928192
0.927002
0.925819
0.924644
0.923477
0.922318
0.921169
0.920029
0.9189
0.91778
0.916672
0.915576
0.914492
0.91342
0.912359
0.91131
0.910272
0.909245
0.908231
0.90723
0.906243
0.905267
0.904303
0.903351
0.902412
0.901487
0.900575
0.899676
0.89879
0.897918
0.89706
0.896218
0.895391
0.894579
0.893783
0.893003
0.892242
0.891498
0.890775
0.890073
0.889392
0.888733
0.888098
0.887487
0.886902
0.886346
0.885818
0.885322
0.884857
0.884426
0.884031
0.883673
0.883355
0.883077
0.882841
0.882648
0.8825
0.882402
0.882354
0.882359
0.882415
0.882525
0.882689
0.882911
0.883191
0.88353
0.883929
0.88439
0.884914
0.885501
0.886151
0.886866
0.887646
0.888493
0.889405
0.890382
0.891426
0.892536
0.893711
0.894949
0.896252
0.897615
0.899039
0.900521
0.902062
0.903659
0.90531
0.907013
0.908766
0.910568
0.912415
0.914306
0.916237
0.918206
0.920208
0.92224
0.9243
0.926386
0.928493
0.930618
0.932758
0.934908
0.937065
0.939225
0.941385
0.943542
0.945691
0.947829
0.949952
0.952059
0.954143
0.956203
0.958236
0.960238
0.962207
0.96414
0.966032
0.967881
0.969683
0.971437
0.973141
0.974792
0.976387
0.977924
0.979401
0.980817
0.98217
0.983458
0.984678
0.985829
0.986909
0.987917
0.988853
0.989717
0.990508
0.991226
0.991868
0.992435
0.992926
0.993341
0.99368
0.993944
0.994132
0.994246
0.994287
0.994257
0.994156
0.993984
0.993742
0.993433
0.993056
0.992612
0.992105
0.991535
0.990906
0.990218
0.989472
0.988672
0.98782
0.986918
0.985967
0.984972
0.983934
0.982856
0.98174
0.980588
0.979402
0.978186
0.976942
0.975673
0.974383
0.973076
0.971752
0.970414
0.969066
0.96771
0.966349
0.964985
0.963619
0.962256
0.960898
0.959547
0.958202
0.956868
0.955545
0.954237
0.952945
0.951671
0.950416
0.949182
0.947972
0.946785
0.945623
0.944489
0.943383
0.942305
0.941255
0.940236
0.939247
0.93829
0.937364
0.936469
0.935605
0.934773
0.933972
0.933204
0.932469
0.931765
0.931093
0.930452
0.929843
0.929266
0.92872
0.928204
0.927719
0.927264
0.92684
0.926444
0.926077
0.925737
0.925426
0.925144
0.924889
0.924661
0.92446
0.924285
0.924137
0.924017
0.923924
0.923858
0.923818
0.923804
0.923816
0.923856
0.923922
0.924015
0.924134
0.924279
0.924452
0.924651
0.924879
0.925137
0.925424
0.925742
0.926088
0.926465
0.926872
0.92731
0.927778
0.928277
0.928806
0.929367
0.929959
0.930582
0.931236
0.931923
0.932643
0.933395
0.934181
0.935
0.935851
0.936735
0.93765
0.938597
0.939575
0.940583
0.941622
0.942692
0.943791
0.944919
0.946076
0.94726
0.948472
0.949711
0.950975
0.952264
0.953577
0.954913
0.956273
0.957655
0.959059
0.960484
0.961928
0.963389
0.96487
0.966369
0.967885
0.969416
0.970963
0.972522
0.974093
0.975675
0.977265
0.978864
0.980473
0.982088
0.983709
0.985334
0.986964
0.988598
0.990235
0.991872
0.99351
0.995147
0.99678
0.99841
1.00003
1.00166
1.00327
1.00488
1.00648
1.00807
1.00965
1.01122
1.01278
1.01432
1.01585
1.01737
1.01887
1.02035
1.02181
1.02325
1.02468
1.02608
1.02745
1.02881
1.03014
1.03144
1.03272
1.03397
1.0352
1.03639
1.03757
1.03871
1.03982
1.0409
1.04194
1.04296
1.04394
1.04489
1.0458
1.04668
1.04752
1.04833
1.0491
1.04983
1.05053
1.05119
1.05182
1.0524
1.05295
1.05346
1.05393
1.05436
1.05475
1.05511
1.05543
1.05571
1.05595
1.05616
1.05632
1.05645
1.05653
1.05658
1.05659
1.05655
1.05648
1.05637
1.05622
1.05604
1.05581
1.05554
1.05524
1.05489
1.05451
1.05408
1.05361
1.0531
1.05256
1.05197
1.05134
1.05067
1.04995
1.0492
1.04841
1.04757
1.04669
1.04577
1.04481
1.04381
1.04276
1.04167
1.04054
1.03937
1.03815
1.0369
1.0356
1.03426
1.03288
1.03146
1.03
1.0285
1.02696
1.02539
1.02377
1.02212
1.02044
1.01872
1.01696
1.01518
1.01336
1.01151
1.00964
1.00774
1.00581
1.00386
1.00189
0.999907
0.997904
0.995887
0.993859
0.991821
0.989776
0.987727
0.985677
0.983625
0.981577
0.979536
0.977503
0.97548
0.973471
0.971477
0.969502
0.967548
0.965618
0.963716
0.961842
0.959998
0.958189
0.956414
0.954677
0.952981
0.951329
0.94972
0.948158
0.946643
0.945179
0.943767
0.942408
0.941103
0.939853
0.93866
0.937524
0.936446
0.935428
0.93447
0.933572
0.932735
0.931959
0.931246
0.930594
0.930004
0.929477
0.929011
0.928607
0.928263
0.927978
0.927752
0.927583
0.927472
0.927417
0.927416
0.927467
0.927568
0.927718
0.927914
0.928156
0.928442
0.928768
0.929133
0.929536
0.929972
0.93044
0.930937
0.93146
0.93201
0.932585
0.933179
0.933791
0.934416
0.935052
0.9357
0.936355
0.937013
0.937674
0.938334
0.938991
0.939642
0.940287
0.94092
0.941541
0.942147
0.942736
0.943307
0.943857
0.944386
0.944892
0.945375
1.19979
1.20004
1.20017
1.2002
1.20012
1.19993
1.19963
1.19922
1.1987
1.19807
1.19734
1.1965
1.19556
1.19451
1.19337
1.19212
1.19078
1.18935
1.18782
1.18621
1.18452
1.18274
1.18089
1.17896
1.17696
1.17489
1.17276
1.17058
1.16834
1.16605
1.16372
1.16135
1.15894
1.15651
1.15405
1.15156
1.14907
1.14656
1.14405
1.14153
1.13902
1.13652
1.13403
1.13156
1.12911
1.12669
1.1243
1.12194
1.11963
1.11735
1.11513
1.11296
1.11084
1.10878
1.10678
1.10484
1.10297
1.10117
1.09944
1.09778
1.0962
1.09469
1.09327
1.09192
1.09065
1.08947
1.08837
1.08735
1.08641
1.08556
1.08479
1.08411
1.08351
1.08299
1.08255
1.08219
1.08192
1.08172
1.08161
1.08157
1.0816
1.08171
1.0819
1.08215
1.08248
1.08287
1.08333
1.08385
1.08443
1.08507
1.08576
1.08651
1.08731
1.08816
1.08906
1.09
1.09098
1.09199
1.09305
1.09413
1.09524
1.09638
1.09754
1.09872
1.09991
1.10112
1.10233
1.10354
1.10476
1.10597
1.10718
1.10837
1.10955
1.11072
1.11186
1.11297
1.11406
1.11511
1.11613
1.11711
1.11805
1.11895
1.11979
1.12058
1.12132
1.12201
1.12263
1.12319
1.12369
1.12412
1.12449
1.12478
1.125
1.12515
1.12522
1.12522
1.12515
1.12499
1.12476
1.12445
1.12406
1.1236
1.12305
1.12243
1.12173
1.12096
1.12011
1.11918
1.11818
1.1171
1.11595
1.11473
1.11345
1.11209
1.11067
1.10918
1.10763
1.10602
1.10436
1.10264
1.10086
1.09903
1.09715
1.09523
1.09326
1.09125
1.0892
1.0871
1.08497
1.08281
1.08062
1.0784
1.07615
1.07387
1.07158
1.06926
1.06693
1.06458
1.06222
1.05984
1.05746
1.05507
1.05268
1.05029
1.0479
1.04552
1.04314
1.04077
1.03841
1.03606
1.03373
1.03142
1.02912
1.02684
1.02459
1.02237
1.02017
1.01801
1.01588
1.01378
1.01173
1.00971
1.00774
1.00582
1.00395
1.00212
1.00036
0.998645
0.996992
0.995401
0.993874
0.992413
0.991019
0.989697
0.988447
0.987273
0.986176
0.985158
0.984223
0.983373
0.982609
0.981934
0.981349
0.980855
0.980455
0.980148
0.979937
0.979825
0.979812
0.9799
0.980086
0.980374
0.980764
0.981256
0.981851
0.982547
0.983346
0.984248
0.985251
0.986356
0.987562
0.988867
0.99027
0.99177
0.993366
0.995055
0.996835
0.998706
1.00067
1.00271
1.00484
1.00705
1.00933
1.01169
1.01412
1.01662
1.01919
1.02181
1.02449
1.02723
1.03002
1.03285
1.03573
1.03865
1.0416
1.04458
1.04759
1.05062
1.05366
1.05673
1.0598
1.06287
1.06595
1.06903
1.07209
1.07515
1.07819
1.08122
1.08422
1.08719
1.09014
1.09305
1.09592
1.09875
1.10154
1.10428
1.10697
1.1096
1.11218
1.1147
1.11715
1.11954
1.12186
1.12411
1.12629
1.1284
1.13043
1.13238
1.13424
1.13603
1.13773
1.13934
1.14086
1.1423
1.14364
1.14489
1.14604
1.1471
1.14807
1.14894
1.14971
1.15038
1.15096
1.15144
1.15182
1.1521
1.15229
1.15238
1.15237
1.15226
1.15205
1.15175
1.15134
1.15084
1.15025
1.14955
1.14877
1.14789
1.14691
1.14585
1.14469
1.14344
1.14211
1.14068
1.13918
1.13758
1.13591
1.13415
1.13232
1.1304
1.12842
1.12637
1.12424
1.12206
1.1198
1.11749
1.11512
1.11269
1.11021
1.10768
1.1051
1.10248
1.09982
1.09712
1.09439
1.09163
1.08885
1.08604
1.08321
1.08037
1.07752
1.07467
1.07181
1.06896
1.06611
1.06326
1.06044
1.05763
1.05485
1.05209
1.04937
1.04668
1.04402
1.04141
1.03885
1.03633
1.03387
1.03146
1.02912
1.02684
1.02463
1.02249
1.02042
1.01843
1.01652
1.01468
1.01293
1.01126
1.00968
1.00818
1.00677
1.00546
1.00423
1.00309
1.00205
1.00109
1.00022
0.999444
0.998755
0.998154
0.99764
0.997212
0.99687
0.996608
0.996428
0.996328
0.996304
0.996353
0.996475
0.996665
0.996921
0.997242
0.997621
0.998057
0.998547
0.999088
0.999677
1.00031
1.00098
1.00169
1.00244
1.00322
1.00403
1.00486
1.00572
1.0066
1.00749
1.0084
1.00932
1.01025
1.01118
1.01212
1.01305
1.01398
1.01491
1.01582
1.01673
1.01763
1.01851
1.01938
1.02024
1.02108
1.0219
1.0227
1.02348
1.02424
1.02498
1.0257
1.0264
1.02708
1.02773
1.02836
1.02897
1.02955
1.03011
1.03065
1.03117
1.03166
1.03214
1.03259
1.03302
1.03343
1.03382
1.0342
1.03455
1.03489
1.03521
1.03551
1.0358
1.03607
1.03632
1.03657
1.03679
1.03701
1.03721
1.03739
1.03757
1.03773
1.03788
1.03802
1.03815
1.03826
1.03836
1.03846
1.03854
1.03861
1.03867
1.03872
1.03876
1.03879
1.03881
1.03882
1.03882
1.03881
1.03879
1.03876
1.03872
1.03867
1.03861
1.03854
1.03847
1.0384
1.03831
1.03822
1.03813
1.03803
1.03793
1.03782
1.03772
1.03761
1.0375
1.03739
1.03729
1.03719
1.0371
1.03702
1.03694
1.03688
1.03683
1.03679
1.03677
1.03676
1.03677
1.0368
1.03686
1.03693
1.03704
1.03717
1.03732
1.03751
1.03773
1.03798
1.03827
1.03859
1.03894
1.03933
1.03976
1.04023
1.04073
1.04128
1.04187
1.0425
1.04318
1.04389
1.04464
1.04544
1.04628
1.04716
1.04807
1.04903
1.05003
1.05106
1.05214
1.05325
1.05439
1.05557
1.05678
1.05802
1.05928
1.06058
1.0619
1.06324
1.06461
1.06599
1.06739
1.0688
1.07023
1.07168
1.07313
1.07458
1.07605
1.07752
1.07898
1.08045
1.08192
1.08338
1.08483
1.08628
1.08771
1.08913
1.09054
1.09193
1.0933
1.09465
1.09598
1.09729
1.09858
1.09984
1.10107
1.10228
1.10346
1.10461
1.10573
1.10682
1.10789
1.10892
1.10993
1.1109
1.11184
1.11276
1.11364
1.11449
1.11531
1.11611
1.11687
1.11761
1.11831
1.11899
1.11965
1.12027
1.12088
1.12146
1.12202
1.12255
1.12307
1.12356
1.12403
1.12449
1.12493
1.12535
1.12576
1.12616
1.12655
1.12693
1.1273
1.12767
1.12803
1.12839
1.12874
1.1291
1.12946
1.12982
1.13019
1.13056
1.13093
1.13132
1.13171
1.13212
1.13253
1.13296
1.1334
1.13386
1.13434
1.13483
1.13534
1.13587
1.13642
1.13699
1.13759
1.13821
1.13885
1.13951
1.1402
1.14092
1.14166
1.14242
1.14322
1.14403
1.14487
1.14574
1.14663
1.14754
1.14848
1.14944
1.15042
1.15143
1.15245
1.15349
1.15455
1.15563
1.15672
1.15782
1.15893
1.16006
1.16119
1.16233
1.16348
1.16462
1.16578
1.16693
1.16807
1.16922
1.17036
1.1715
1.17263
1.17375
1.17486
1.17596
1.17704
1.17811
1.17917
1.1802
1.18123
1.18223
1.18322
1.1842
1.18515
1.18609
1.187
1.1879
1.18877
1.18962
1.19046
1.19127
1.19206
1.19282
1.19357
1.1943
1.195
1.19568
1.19634
1.19698
1.1976
1.1982
1.19878
1.19934
1.19988
1.2004
1.2009
1.20138
1.20184
1.20229
1.20271
1.20311
1.2035
1.20387
1.20421
1.20454
1.20484
1.20513
1.20539
1.20563
1.20584
1.20603
1.2062
1.20635
1.20647
1.20656
1.20663
1.20667
1.20668
1.20666
1.20661
1.20653
1.20641
1.20627
1.20609
1.20587
1.20562
1.20533
1.205
1.20463
1.20422
1.20376
1.20326
1.20272
1.20213
1.2015
1.20082
1.2001
1.19932
1.19849
1.19762
1.19669
1.19571
1.19468
1.19359
1.19246
1.19127
1.19003
1.18875
1.18741
1.18602
1.18457
1.18308
1.18153
1.17994
1.1783
1.17661
1.17487
1.17309
1.17126
1.16939
1.16747
1.16551
1.16352
1.16148
1.15941
1.1573
1.15516
1.15298
1.15077
1.14854
1.14628
1.14399
1.14167
1.13934
1.13698
1.13461
1.13223
1.12983
1.12742
1.125
1.12258
1.12015
1.11772
1.11529
1.11286
1.11043
1.10801
1.1056
1.10319
1.1008
1.09842
1.09606
1.09372
1.09139
1.08909
1.08681
1.08456
1.08233
1.08014
1.07797
1.07584
1.07374
1.07168
1.06966
1.06768
1.06574
1.06385
1.062
1.0602
1.05845
1.05676
1.05511
1.05351
1.05198
1.0505
1.04908
1.04771
1.04641
1.04517
1.044
1.04289
1.04184
1.04086
1.03995
1.03911
1.03833
1.03763
1.03699
1.03642
1.03593
1.0355
1.03515
1.03486
1.03465
1.0345
1.03442
1.0344
1.03445
1.03457
1.03475
1.03499
1.03529
1.03565
1.03607
1.03654
1.03707
1.03764
1.03826
1.03893
1.03964
1.04039
1.04118
1.04201
1.04286
1.04375
1.04465
1.04559
1.04653
1.0475
1.04848
1.04946
1.05045
1.05145
1.05245
1.05344
1.05442
1.0554
1.05637
1.05732
1.05825
1.05917
1.06007
1.06094
1.06179
1.06261
1.0634
1.06416
1.06489
1.06558
1.06624
1.06686
1.06744
1.06799
1.0685
1.06896
1.06939
1.06977
1.07012
1.07042
1.07068
1.0709
1.07108
1.07122
1.07132
1.07138
1.07141
1.07139
1.07134
1.07125
1.07113
1.07097
1.07078
1.07055
1.0703
1.07001
1.06969
1.06935
1.06898
1.06858
1.06815
1.0677
1.06723
1.06673
1.06622
1.06568
1.06512
1.06454
1.06395
1.06334
1.06271
1.06207
1.06142
1.06075
1.06008
1.05939
1.0587
1.05799
1.05729
1.05657
1.05585
1.05513
1.0544
1.05367
1.05294
1.05222
1.05149
1.05076
1.05004
1.04931
1.0486
1.04789
1.04718
1.04649
1.0458
1.04513
1.04447
1.04382
1.04319
1.04257
1.04197
1.04139
1.04083
1.04029
1.03978
1.03929
1.03882
1.03839
1.03798
1.03761
1.03726
1.03696
1.03668
1.03644
1.03624
1.03608
1.03596
1.03589
1.03585
1.03587
1.03593
1.03603
1.03619
1.03639
1.03664
1.03695
1.0373
1.03771
1.19983
1.20023
1.20065
1.20108
1.20153
1.20199
1.20246
1.20296
1.20347
1.20399
1.20454
1.2051
1.20568
1.20627
1.20688
1.2075
1.20813
1.20878
1.20943
1.2101
1.21078
1.21146
1.21215
1.21284
1.21354
1.21423
1.21493
1.21562
1.21632
1.217
1.21768
1.21836
1.21902
1.21967
1.22031
1.22093
1.22153
1.22212
1.22268
1.22323
1.22375
1.22424
1.22471
1.22515
1.22557
1.22595
1.22629
1.22661
1.22688
1.22712
1.22733
1.22749
1.22761
1.22769
1.22773
1.22773
1.22768
1.22759
1.22746
1.22727
1.22704
1.22677
1.22644
1.22607
1.22564
1.22517
1.22465
1.22408
1.22346
1.22279
1.22207
1.2213
1.22048
1.21961
1.21868
1.21771
1.21668
1.21561
1.21448
1.21331
1.21208
1.21081
1.20949
1.20811
1.2067
1.20523
1.20372
1.20215
1.20055
1.1989
1.19721
1.19548
1.19371
1.19189
1.19004
1.18815
1.18622
1.18427
1.18227
1.18025
1.1782
1.17612
1.17401
1.17189
1.16974
1.16757
1.16538
1.16317
1.16095
1.15873
1.15649
1.15425
1.152
1.14976
1.14751
1.14527
1.14303
1.1408
1.13858
1.13638
1.13419
1.13203
1.12988
1.12775
1.12566
1.12359
1.12155
1.11954
1.11757
1.11563
1.11373
1.11187
1.11006
1.10828
1.10656
1.10487
1.10323
1.10164
1.1001
1.0986
1.09715
1.09575
1.0944
1.0931
1.09184
1.09063
1.08947
1.08836
1.08729
1.08626
1.08527
1.08432
1.0834
1.08252
1.08168
1.08086
1.08007
1.07931
1.07858
1.07786
1.07716
1.07649
1.07582
1.07518
1.07454
1.07392
1.0733
1.07268
1.07207
1.07146
1.07085
1.07024
1.06963
1.06902
1.0684
1.06778
1.06715
1.06652
1.06588
1.06523
1.06458
1.06393
1.06326
1.0626
1.06192
1.06125
1.06058
1.0599
1.05923
1.05856
1.05789
1.05723
1.05658
1.05593
1.0553
1.05468
1.05407
1.05348
1.05291
1.05236
1.05183
1.05132
1.05084
1.05039
1.04997
1.04959
1.04923
1.04891
1.04864
1.0484
1.0482
1.04805
1.04794
1.04788
1.04787
1.04791
1.048
1.04815
1.04835
1.0486
1.04892
1.04929
1.04972
1.05022
1.05077
1.0514
1.05208
1.05284
1.05365
1.05454
1.05549
1.05651
1.0576
1.05876
1.05999
1.06129
1.06266
1.06409
1.0656
1.06718
1.06882
1.07053
1.07231
1.07416
1.07607
1.07805
1.0801
1.0822
1.08437
1.0866
1.08889
1.09124
1.09365
1.09611
1.09862
1.10119
1.1038
1.10647
1.10918
1.11194
1.11474
1.11757
1.12045
1.12335
1.1263
1.12927
1.13227
1.1353
1.13836
1.14143
1.14453
1.14764
1.15077
1.15391
1.15707
1.16023
1.1634
1.16658
1.16976
1.17294
1.17613
1.17932
1.1825
1.18568
1.18886
1.19203
1.1952
1.19836
1.20151
1.20466
1.20779
1.21091
1.21402
1.21713
1.22021
1.22329
1.22635
1.22939
1.23242
1.23543
1.23842
1.2414
1.24435
1.24728
1.2502
1.25309
1.25595
1.25879
1.26161
1.26439
1.26715
1.26988
1.27257
1.27523
1.27786
1.28045
1.28299
1.2855
1.28797
1.29039
1.29276
1.29509
1.29737
1.29959
1.30176
1.30388
1.30593
1.30793
1.30986
1.31172
1.31353
1.31526
1.31693
1.31852
1.32004
1.32149
1.32287
1.32416
1.32538
1.32653
1.32759
1.32857
1.32947
1.33029
1.33102
1.33167
1.33223
1.33271
1.33311
1.33342
1.33364
1.33379
1.33385
1.33383
1.33372
1.33353
1.33327
1.33292
1.33249
1.33198
1.33139
1.33072
1.32997
1.32916
1.32826
1.3273
1.32626
1.32515
1.32398
1.32274
1.32143
1.32007
1.31864
1.31715
1.3156
1.31399
1.31233
1.31062
1.30886
1.30704
1.30519
1.30328
1.30133
1.29934
1.29731
1.29524
1.29313
1.29099
1.28882
1.28661
1.28438
1.28213
1.27984
1.27753
1.2752
1.27284
1.27047
1.26808
1.26566
1.26323
1.26079
1.25834
1.25587
1.25339
1.2509
1.2484
1.2459
1.24339
1.24087
1.23835
1.23583
1.2333
1.23077
1.22824
1.22571
1.22319
1.22066
1.21814
1.21563
1.21312
1.21061
1.20811
1.20562
1.20314
1.20067
1.19822
1.19577
1.19334
1.19092
1.18852
1.18613
1.18377
1.18142
1.1791
1.1768
1.17452
1.17227
1.17005
1.16785
1.16569
1.16356
1.16146
1.15939
1.15736
1.15537
1.15342
1.15151
1.14964
1.14781
1.14603
1.14429
1.1426
1.14096
1.13937
1.13783
1.13634
1.13491
1.13352
1.13219
1.13092
1.1297
1.12854
1.12743
1.12639
1.1254
1.12447
1.1236
1.12279
1.12204
1.12134
1.1207
1.12013
1.1196
1.11914
1.11873
1.11838
1.11808
1.11784
1.11765
1.11752
1.11743
1.1174
1.11741
1.11748
1.11759
1.11775
1.11796
1.11821
1.11851
1.11885
1.11923
1.11965
1.12012
1.12062
1.12116
1.12174
1.12236
1.12301
1.1237
1.12443
1.12519
1.12598
1.12681
1.12767
1.12857
1.1295
1.13047
1.13147
1.1325
1.13357
1.13467
1.13581
1.13698
1.13818
1.13942
1.14069
1.14199
1.14332
1.14468
1.14607
1.1475
1.14894
1.15042
1.15192
1.15345
1.15499
1.15656
1.15814
1.15974
1.16134
1.16296
1.16459
1.16622
1.16785
1.16947
1.17109
1.17271
1.17431
1.17589
1.17745
1.17899
1.1805
1.18198
1.18342
1.18482
1.18618
1.18749
1.18875
1.18995
1.19109
1.19218
1.19319
1.19414
1.19501
1.19581
1.19653
1.19717
1.19772
1.19819
1.19858
1.19887
1.19908
1.19919
1.19921
1.19913
1.19896
1.1987
1.19834
1.19788
1.19733
1.19669
1.19596
1.19514
1.19423
1.19323
1.19215
1.19099
1.18975
1.18844
1.18705
1.1856
1.18408
1.1825
1.18086
1.17917
1.17742
1.17564
1.17381
1.17195
1.17005
1.16813
1.16619
1.16422
1.16225
1.16026
1.15827
1.15627
1.15429
1.15231
1.15035
1.1484
1.14648
1.14458
1.14271
1.14088
1.13908
1.13732
1.13561
1.13394
1.13232
1.13075
1.12924
1.12778
1.12638
1.12504
1.12376
1.12255
1.12139
1.1203
1.11928
1.11833
1.11744
1.11662
1.11586
1.11517
1.11454
1.11398
1.11348
1.11304
1.11266
1.11235
1.11209
1.11189
1.11174
1.11165
1.11162
1.11163
1.11169
1.1118
1.11196
1.11216
1.1124
1.11268
1.113
1.11335
1.11374
1.11416
1.11461
1.11509
1.1156
1.11613
1.11669
1.11727
1.11787
1.11849
1.11913
1.11979
1.12046
1.12115
1.12186
1.12258
1.12332
1.12406
1.12482
1.1256
1.12638
1.12717
1.12798
1.1288
1.12963
1.13047
1.13133
1.1322
1.13308
1.13397
1.13487
1.13579
1.13672
1.13767
1.13863
1.13961
1.1406
1.14161
1.14264
1.14369
1.14476
1.14585
1.14696
1.1481
1.14925
1.15043
1.15163
1.15285
1.1541
1.15537
1.15667
1.158
1.15935
1.16073
1.16213
1.16357
1.16503
1.16652
1.16805
1.1696
1.17118
1.17279
1.17443
1.1761
1.1778
1.17953
1.1813
1.18309
1.18491
1.18676
1.18864
1.19054
1.19248
1.19444
1.19642
1.19843
1.20047
1.20253
1.2046
1.2067
1.20882
1.21095
1.2131
1.21527
1.21745
1.21964
1.22184
1.22405
1.22627
1.22849
1.23071
1.23293
1.23515
1.23737
1.23959
1.24179
1.24398
1.24616
1.24833
1.25047
1.2526
1.2547
1.25678
1.25883
1.26085
1.26283
1.26478
1.26669
1.26856
1.27038
1.27217
1.2739
1.27558
1.27721
1.27879
1.28031
1.28177
1.28318
1.28452
1.28581
1.28703
1.28818
1.28928
1.2903
1.29125
1.29214
1.29296
1.29371
1.29438
1.29499
1.29553
1.29599
1.29639
1.29671
1.29696
1.29715
1.29726
1.29731
1.29729
1.2972
1.29704
1.29682
1.29653
1.29617
1.29575
1.29527
1.29472
1.29411
1.29344
1.2927
1.29191
1.29105
1.29013
1.28915
1.28811
1.28701
1.28586
1.28464
1.28336
1.28203
1.28064
1.2792
1.27769
1.27614
1.27452
1.27285
1.27112
1.26933
1.26749
1.26559
1.26363
1.26161
1.25954
1.25742
1.25524
1.25301
1.25072
1.24838
1.24599
1.24354
1.24104
1.23849
1.23589
1.23325
1.23055
1.22782
1.22504
1.22222
1.21936
1.21646
1.21354
1.21058
1.20759
1.20458
1.20155
1.1985
1.19543
1.19235
1.18926
1.18616
1.18306
1.17997
1.17687
1.17379
1.17071
1.16766
1.16463
1.16162
1.15865
1.15571
1.1528
1.14994
1.14713
1.14437
1.14166
1.13901
1.13642
1.1339
1.13145
1.12908
1.12678
1.12456
1.12242
1.12037
1.11841
1.11654
1.11476
1.11307
1.11148
1.10999
1.1086
1.1073
1.10611
1.10501
1.10402
1.10313
1.10234
1.10165
1.10106
1.10057
1.10018
1.09988
1.09968
1.09957
1.09955
1.09962
1.09978
1.10002
1.10034
1.10074
1.10121
1.10176
1.10238
1.10307
1.10381
1.10462
1.10548
1.1064
1.10736
1.10838
1.10943
1.11052
1.11165
1.11281
1.11399
1.11521
1.11644
1.11768
1.11895
1.12022
1.12149
1.12277
1.12405
1.12533
1.12661
1.12787
1.12912
1.13036
1.13157
1.13277
1.13394
1.13508
1.13619
1.13727
1.13831
1.13931
1.14028
1.1412
1.14208
1.14292
1.14371
1.14445
1.14515
1.1458
1.14639
1.14694
1.14743
1.14788
1.14827
1.14861
1.14889
1.14913
1.14932
1.14946
1.14955
1.14959
1.14959
1.14954
1.14945
1.14931
1.14913
1.14891
1.14865
1.14835
1.14802
1.14766
1.14726
1.14684
1.14639
1.14592
1.14542
1.1449
1.14437
1.14383
1.14327
1.1427
1.14213
1.14156
1.14098
1.14042
1.13985
1.1393
1.13876
1.13822
1.13771
1.13721
1.13674
1.13628
1.13586
1.13546
1.13509
1.13475
1.13445
1.13418
1.13395
1.13377
1.13362
1.13352
1.13346
1.13345
1.13349
1.13358
1.13372
1.13392
1.13417
1.19984
1.20008
1.20035
1.20067
1.20103
1.20143
1.20188
1.20237
1.2029
1.20349
1.20412
1.20479
1.20551
1.20628
1.2071
1.20796
1.20887
1.20982
1.21083
1.21188
1.21297
1.21411
1.21529
1.21652
1.21779
1.2191
1.22045
1.22184
1.22327
1.22474
1.22624
1.22778
1.22935
1.23095
1.23259
1.23425
1.23593
1.23764
1.23937
1.24112
1.24289
1.24468
1.24648
1.2483
1.25012
1.25196
1.2538
1.25565
1.2575
1.25936
1.26121
1.26306
1.2649
1.26674
1.26857
1.27038
1.27219
1.27397
1.27574
1.2775
1.27923
1.28094
1.28263
1.2843
1.28594
1.28755
1.28913
1.29069
1.29221
1.2937
1.29517
1.29659
1.29799
1.29934
1.30067
1.30195
1.3032
1.30441
1.30559
1.30672
1.30782
1.30888
1.30991
1.31089
1.31184
1.31274
1.31361
1.31444
1.31523
1.31598
1.3167
1.31738
1.31803
1.31864
1.31921
1.31976
1.32026
1.32074
1.32119
1.3216
1.32199
1.32234
1.32267
1.32298
1.32326
1.32351
1.32375
1.32396
1.32415
1.32433
1.32448
1.32462
1.32474
1.32485
1.32495
1.32503
1.3251
1.32517
1.32523
1.32528
1.32532
1.32536
1.3254
1.32544
1.32547
1.32551
1.32555
1.32559
1.32564
1.32569
1.32574
1.32579
1.32586
1.32592
1.326
1.32608
1.32617
1.32626
1.32636
1.32647
1.32658
1.3267
1.32683
1.32695
1.32708
1.32722
1.32735
1.32749
1.32763
1.32776
1.3279
1.32803
1.32816
1.32828
1.3284
1.3285
1.32859
1.32867
1.32873
1.32878
1.32881
1.32881
1.3288
1.32876
1.3287
1.32862
1.3285
1.32835
1.32817
1.32796
1.32772
1.32743
1.32711
1.32675
1.32635
1.32591
1.32543
1.32491
1.32434
1.32373
1.32307
1.32237
1.32162
1.32083
1.32
1.31911
1.31818
1.31721
1.31618
1.31512
1.31401
1.31285
1.31165
1.31041
1.30913
1.3078
1.30644
1.30503
1.30359
1.30211
1.30059
1.29904
1.29746
1.29584
1.29419
1.29252
1.29081
1.28908
1.28731
1.28553
1.28372
1.28189
1.28004
1.27816
1.27627
1.27436
1.27243
1.27049
1.26853
1.26656
1.26457
1.26257
1.26057
1.25855
1.25652
1.25449
1.25245
1.25041
1.24836
1.24631
1.24426
1.2422
1.24015
1.23809
1.23604
1.23398
1.23193
1.22988
1.22784
1.2258
1.22377
1.22174
1.21971
1.2177
1.21569
1.21369
1.2117
1.20973
1.20776
1.20581
1.20388
1.20195
1.20005
1.19816
1.19628
1.19443
1.1926
1.19079
1.189
1.18723
1.18549
1.18377
1.18208
1.18041
1.17877
1.17716
1.17558
1.17402
1.1725
1.171
1.16954
1.1681
1.1667
1.16532
1.16398
1.16267
1.16139
1.16014
1.15892
1.15772
1.15656
1.15542
1.15431
1.15323
1.15217
1.15114
1.15013
1.14914
1.14817
1.14722
1.14629
1.14538
1.14447
1.14358
1.14271
1.14184
1.14097
1.14012
1.13927
1.13842
1.13756
1.13671
1.13585
1.13499
1.13411
1.13323
1.13233
1.13142
1.13049
1.12955
1.12858
1.1276
1.12659
1.12556
1.12451
1.12343
1.12232
1.12119
1.12002
1.11882
1.1176
1.11634
1.11506
1.11374
1.11239
1.11101
1.1096
1.10816
1.10669
1.10519
1.10367
1.10212
1.10054
1.09894
1.09731
1.09566
1.09398
1.09229
1.09058
1.08885
1.08711
1.08535
1.08359
1.08181
1.08003
1.07824
1.07645
1.07466
1.07287
1.07108
1.0693
1.06753
1.06578
1.06403
1.0623
1.06059
1.05889
1.05722
1.05558
1.05396
1.05236
1.0508
1.04927
1.04778
1.04632
1.0449
1.04351
1.04217
1.04087
1.03961
1.0384
1.03723
1.03612
1.03505
1.03403
1.03306
1.03214
1.03127
1.03046
1.0297
1.02899
1.02834
1.02774
1.02719
1.0267
1.02627
1.02589
1.02557
1.0253
1.02509
1.02493
1.02483
1.02478
1.02479
1.02485
1.02497
1.02515
1.02538
1.02566
1.026
1.02639
1.02684
1.02734
1.02789
1.0285
1.02915
1.02986
1.03063
1.03144
1.03231
1.03323
1.0342
1.03521
1.03628
1.03739
1.03855
1.03977
1.04103
1.04233
1.04369
1.04509
1.04654
1.04803
1.04957
1.05115
1.05277
1.05443
1.05614
1.05789
1.05968
1.06151
1.06338
1.06528
1.06723
1.06921
1.07122
1.07328
1.07536
1.07748
1.07964
1.08183
1.08405
1.0863
1.08859
1.0909
1.09324
1.09561
1.098
1.10042
1.10287
1.10533
1.10782
1.11034
1.11287
1.11543
1.11801
1.12061
1.12322
1.12585
1.1285
1.13117
1.13385
1.13654
1.13925
1.14197
1.1447
1.14745
1.1502
1.15297
1.15574
1.15852
1.16131
1.16411
1.16691
1.16972
1.17253
1.17534
1.17816
1.18098
1.1838
1.18662
1.18945
1.19227
1.19508
1.1979
1.20071
1.20351
1.2063
1.20909
1.21187
1.21463
1.21739
1.22013
1.22286
1.22557
1.22827
1.23094
1.2336
1.23623
1.23884
1.24142
1.24398
1.2465
1.249
1.25146
1.25389
1.25628
1.25864
1.26095
1.26322
1.26545
1.26763
1.26976
1.27185
1.27388
1.27586
1.27778
1.27965
1.28147
1.28322
1.28491
1.28655
1.28812
1.28962
1.29107
1.29244
1.29375
1.29499
1.29616
1.29726
1.2983
1.29926
1.30015
1.30097
1.30172
1.3024
1.30301
1.30354
1.30401
1.3044
1.30471
1.30496
1.30513
1.30523
1.30525
1.3052
1.30508
1.30489
1.30463
1.3043
1.30389
1.30342
1.30287
1.30225
1.30156
1.3008
1.29997
1.29907
1.2981
1.29705
1.29594
1.29476
1.29352
1.29221
1.29083
1.28939
1.28788
1.28632
1.28469
1.28299
1.28124
1.27943
1.27757
1.27565
1.27367
1.27164
1.26957
1.26744
1.26527
1.26306
1.26081
1.25852
1.2562
1.25385
1.25147
1.24906
1.24664
1.2442
1.24176
1.2393
1.23684
1.23439
1.23194
1.2295
1.22709
1.22469
1.22232
1.21999
1.21769
1.21543
1.21321
1.21105
1.20894
1.2069
1.20492
1.20301
1.20117
1.19942
1.19774
1.19616
1.19466
1.19326
1.19196
1.19076
1.18966
1.18866
1.18778
1.187
1.18634
1.18579
1.18535
1.18502
1.18481
1.18472
1.18473
1.18486
1.18511
1.18546
1.18593
1.1865
1.18718
1.18795
1.18883
1.1898
1.19086
1.19201
1.19324
1.19456
1.19594
1.1974
1.19892
1.20051
1.20215
1.20384
1.20557
1.20734
1.20914
1.21098
1.21283
1.21471
1.21659
1.21848
1.22037
1.22226
1.22413
1.22598
1.22781
1.2296
1.23137
1.23309
1.23478
1.23641
1.23799
1.23951
1.24096
1.24235
1.24366
1.24489
1.24604
1.24711
1.24809
1.24898
1.24977
1.25047
1.25107
1.25156
1.25195
1.25223
1.2524
1.25247
1.25242
1.25226
1.252
1.25161
1.25112
1.25051
1.24979
1.24896
1.24802
1.24697
1.24582
1.24455
1.24319
1.24173
1.24016
1.2385
1.23675
1.2349
1.23297
1.23096
1.22886
1.2267
1.22446
1.22215
1.21978
1.21736
1.21488
1.21235
1.20978
1.20717
1.20453
1.20186
1.19917
1.19647
1.19375
1.19103
1.18831
1.1856
1.1829
1.18022
1.17756
1.17493
1.17233
1.16978
1.16726
1.1648
1.16239
1.16003
1.15775
1.15552
1.15337
1.1513
1.14931
1.1474
1.14557
1.14384
1.14221
1.14067
1.13923
1.13789
1.13665
1.13552
1.1345
1.13359
1.13279
1.1321
1.13152
1.13105
1.13069
1.13045
1.13031
1.13029
1.13037
1.13057
1.13087
1.13127
1.13178
1.13239
1.13311
1.13392
1.13482
1.13582
1.13691
1.13809
1.13935
1.14068
1.1421
1.14359
1.14515
1.14677
1.14846
1.1502
1.152
1.15385
1.15575
1.15769
1.15967
1.16169
1.16374
1.16583
1.16794
1.17007
1.17222
1.17438
1.17655
1.17874
1.18092
1.18311
1.1853
1.18748
1.18966
1.19182
1.19398
1.19611
1.19823
1.20034
1.20242
1.20448
1.20651
1.20851
1.21049
1.21243
1.21435
1.21623
1.21807
1.21989
1.22167
1.22341
1.22512
1.2268
1.22843
1.23003
1.23159
1.23312
1.23461
1.23606
1.23747
1.23885
1.24019
1.24149
1.24276
1.244
1.2452
1.24637
1.24751
1.24862
1.24969
1.25074
1.25176
1.25275
1.25372
1.25466
1.25558
1.25648
1.25735
1.2582
1.25903
1.25985
1.26064
1.26142
1.26218
1.26293
1.26365
1.26436
1.26506
1.26574
1.2664
1.26705
1.26769
1.2683
1.2689
1.26949
1.27005
1.2706
1.27113
1.27165
1.27214
1.27262
1.27308
1.27351
1.27392
1.27431
1.27467
1.275
1.27531
1.27559
1.27585
1.27607
1.27626
1.27642
1.27654
1.27663
1.27668
1.27669
1.27667
1.2766
1.27649
1.27634
1.27615
1.27591
1.27562
1.27529
1.27492
1.2745
1.27403
1.27351
1.27294
1.27233
1.27166
1.27095
1.27019
1.26938
1.26853
1.26763
1.26668
1.26569
1.26466
1.26358
1.26246
1.2613
1.2601
1.25886
1.25759
1.25628
1.25493
1.25356
1.25216
1.25073
1.24928
1.2478
1.24631
1.24479
1.24326
1.24172
1.24016
1.23859
1.23702
1.23544
1.23386
1.23228
1.23071
1.22914
1.22757
1.22602
1.22447
1.22295
1.22143
1.21994
1.21846
1.21701
1.21558
1.21418
1.2128
1.21146
1.21014
1.20886
1.20761
1.2064
1.20522
1.20408
1.20298
1.20192
1.2009
1.19991
1.19897
1.19806
1.1972
1.19637
1.19559
1.19485
1.19414
1.19348
1.19286
1.19227
1.19172
1.19121
1.19074
1.1903
1.1899
1.18954
1.18921
1.18892
1.18865
1.18842
1.18823
1.18806
1.18792
1.18782
1.18775
1.1877
1.18769
1.1877
1.18775
1.18782
1.18792
1.18804
1.1882
1.18838
1.18858
1.18882
1.18908
1.18937
1.18968
1.19003
1.1904
1.19081
1.19124
1.19171
1.1922
1.19273
1.19328
1.19387
1.19448
1.19513
1.19581
1.19652
1.19726
1.19804
1.19884
1.19968
1.19984
1.2006
1.20139
1.20221
1.20306
1.20394
1.20485
1.20579
1.20676
1.20775
1.20878
1.20983
1.21091
1.21202
1.21315
1.2143
1.21547
1.21666
1.21787
1.2191
1.22035
1.22161
1.22288
1.22416
1.22545
1.22675
1.22806
1.22937
1.23068
1.23199
1.2333
1.23461
1.23592
1.23722
1.23851
1.23979
1.24106
1.24232
1.24356
1.24479
1.246
1.24719
1.24836
1.2495
1.25063
1.25172
1.2528
1.25384
1.25485
1.25583
1.25678
1.25769
1.25856
1.25939
1.26018
1.26092
1.26162
1.26228
1.26288
1.26343
1.26393
1.26438
1.26477
1.2651
1.26538
1.26559
1.26574
1.26582
1.26584
1.26579
1.26567
1.26548
1.26521
1.26488
1.26447
1.26398
1.26342
1.26277
1.26205
1.26125
1.26036
1.25939
1.25834
1.2572
1.25599
1.25468
1.2533
1.25183
1.25027
1.24863
1.24692
1.24511
1.24323
1.24128
1.23924
1.23712
1.23493
1.23267
1.23034
1.22793
1.22546
1.22293
1.22033
1.21768
1.21497
1.21221
1.20941
1.20655
1.20365
1.20072
1.19775
1.19475
1.19172
1.18867
1.18561
1.18253
1.17944
1.17634
1.17324
1.17015
1.16707
1.16399
1.16094
1.1579
1.15489
1.15191
1.14897
1.14606
1.1432
1.14038
1.13761
1.1349
1.13224
1.12965
1.12712
1.12465
1.12226
1.11994
1.11769
1.11553
1.11344
1.11144
1.10952
1.10768
1.10593
1.10427
1.1027
1.10121
1.09982
1.09851
1.0973
1.09617
1.09512
1.09417
1.09329
1.09251
1.0918
1.09117
1.09063
1.09016
1.08976
1.08943
1.08918
1.089
1.08888
1.08883
1.08884
1.08891
1.08903
1.08921
1.08945
1.08974
1.09008
1.09046
1.0909
1.09138
1.09191
1.09248
1.09309
1.09374
1.09443
1.09516
1.09593
1.09674
1.09759
1.09848
1.0994
1.10036
1.10136
1.10239
1.10345
1.10456
1.1057
1.10687
1.10808
1.10933
1.11061
1.11193
1.11328
1.11466
1.11608
1.11753
1.11902
1.12054
1.1221
1.12368
1.1253
1.12694
1.12862
1.13032
1.13205
1.13381
1.13558
1.13739
1.13921
1.14105
1.14291
1.14479
1.14669
1.14859
1.15051
1.15243
1.15437
1.1563
1.15824
1.16019
1.16213
1.16407
1.166
1.16793
1.16985
1.17176
1.17366
1.17555
1.17742
1.17927
1.1811
1.18292
1.18471
1.18648
1.18822
1.18993
1.19162
1.19328
1.1949
1.1965
1.19806
1.1996
1.2011
1.20257
1.204
1.2054
1.20677
1.2081
1.2094
1.21067
1.21191
1.21311
1.21428
1.21542
1.21653
1.21761
1.21866
1.21968
1.22068
1.22164
1.22258
1.2235
1.22439
1.22526
1.22611
1.22694
1.22774
1.22853
1.22931
1.23007
1.23081
1.23155
1.23227
1.23299
1.2337
1.2344
1.2351
1.23579
1.23648
1.23717
1.23786
1.23854
1.23923
1.23992
1.24061
1.2413
1.242
1.2427
1.2434
1.24411
1.24483
1.24555
1.24627
1.24701
1.24775
1.2485
1.24925
1.25001
1.25077
1.25154
1.25232
1.25311
1.2539
1.2547
1.2555
1.2563
1.25711
1.25792
1.25873
1.25955
1.26037
1.26118
1.26199
1.2628
1.2636
1.2644
1.26519
1.26597
1.26674
1.2675
1.26825
1.26898
1.2697
1.2704
1.27109
1.27175
1.27239
1.27301
1.27361
1.27418
1.27472
1.27524
1.27573
1.27619
1.27662
1.27701
1.27737
1.2777
1.278
1.27825
1.27847
1.27865
1.27879
1.27889
1.27894
1.27896
1.27893
1.27886
1.27874
1.27858
1.27837
1.27811
1.27781
1.27746
1.27706
1.27661
1.27611
1.27556
1.27497
1.27433
1.27364
1.27291
1.27213
1.2713
1.27042
1.26951
1.26855
1.26755
1.2665
1.26542
1.2643
1.26314
1.26194
1.26071
1.25944
1.25814
1.25681
1.25545
1.25406
1.25265
1.25122
1.24976
1.24828
1.24679
1.24528
1.24376
1.24222
1.24068
1.23912
1.23756
1.23599
1.23443
1.23286
1.23129
1.22973
1.22817
1.22661
1.22507
1.22353
1.22201
1.22049
1.21899
1.21751
1.21604
1.21459
1.21316
1.21175
1.21036
1.20899
1.20765
1.20634
1.20506
1.2038
1.20257
1.20137
1.2002
1.19907
1.19796
1.19689
1.19585
1.19484
1.19387
1.19294
1.19204
1.19118
1.19036
1.18957
1.18883
1.18813
1.18747
1.18686
1.18628
1.18574
1.18526
1.18481
1.18441
1.18406
1.18375
1.18349
1.18328
1.18311
1.183
1.18293
1.18292
1.18296
1.18304
1.18319
1.18338
1.18363
1.18393
1.18428
1.18469
1.18515
1.18567
1.18624
1.18687
1.18755
1.18828
1.18906
1.1899
1.19078
1.19172
1.1927
1.19374
1.19482
1.19594
1.19711
1.19832
1.19956
1.20085
1.20217
1.20352
1.2049
1.20632
1.20775
1.20922
1.2107
1.2122
1.21372
1.21525
1.21679
1.21833
1.21989
1.22145
1.22301
1.22456
1.22612
1.22767
1.22921
1.23074
1.23226
1.23377
1.23526
1.23673
1.23819
1.23963
1.24105
1.24245
1.24383
1.24518
1.24651
1.24781
1.24908
1.25033
1.25155
1.25274
1.25391
1.25504
1.25615
1.25723
1.25829
1.25931
1.26031
1.26129
1.26224
1.26316
1.26406
1.26494
1.26578
1.2666
1.2674
1.26817
1.26892
1.26965
1.27035
1.27103
1.27168
1.27232
1.27293
1.27352
1.27409
1.27463
1.27515
1.27565
1.27612
1.27658
1.277
1.27741
1.27778
1.27813
1.27846
1.27876
1.27903
1.27928
1.2795
1.27969
1.27984
1.27997
1.28006
1.28011
1.28014
1.28013
1.28008
1.27999
1.27986
1.2797
1.27949
1.27925
1.27896
1.27863
1.27826
1.27784
1.27738
1.27688
1.27633
1.27573
1.27508
1.27439
1.27364
1.27285
1.272
1.27111
1.27017
1.26918
1.26814
1.26705
1.26591
1.26472
1.26348
1.26219
1.26086
1.25947
1.25804
1.25656
1.25504
1.25347
1.25185
1.25019
1.24849
1.24675
1.24497
1.24315
1.24128
1.23939
1.23745
1.23548
1.23347
1.23143
1.22936
1.22725
1.22512
1.22295
1.22076
1.21854
1.21629
1.21402
1.21172
1.2094
1.20707
1.20471
1.20234
1.19995
1.19754
1.19512
1.19269
1.19025
1.1878
1.18535
1.18289
1.18043
1.17796
1.17551
1.17305
1.17061
1.16817
1.16574
1.16334
1.16095
1.15858
1.15624
1.15392
1.15164
1.1494
1.1472
1.14505
1.14294
1.14088
1.13889
1.13695
1.13509
1.13329
1.13156
1.12992
1.12836
1.12688
1.1255
1.12421
1.12301
1.12192
1.12093
1.12005
1.11928
1.11862
1.11807
1.11763
1.11731
1.11711
1.11702
1.11704
1.11719
1.11745
1.11782
1.11831
1.1189
1.1196
1.12041
1.12131
1.12232
1.12341
1.12459
1.12586
1.12721
1.12864
1.13014
1.13171
1.13334
1.13502
1.13676
1.13856
1.14039
1.14227
1.14418
1.14612
1.14809
1.15008
1.15209
1.15411
1.15614
1.15817
1.16021
1.16225
1.16428
1.16631
1.16832
1.17032
1.17231
1.17428
1.17623
1.17815
1.18005
1.18192
1.18376
1.18557
1.18735
1.1891
1.1908
1.19248
1.19411
1.1957
1.19725
1.19876
1.20022
1.20164
1.20301
1.20434
1.20562
1.20684
1.20802
1.20914
1.21021
1.21123
1.21219
1.21309
1.21394
1.21473
1.21546
1.21613
1.21674
1.21729
1.21777
1.2182
1.21856
1.21885
1.21908
1.21924
1.21934
1.21937
1.21933
1.21922
1.21905
1.2188
1.21849
1.21811
1.21766
1.21714
1.21655
1.21589
1.21516
1.21437
1.21351
1.21258
1.21159
1.21053
1.20941
1.20822
1.20697
1.20566
1.20429
1.20286
1.20137
1.19982
1.19822
1.19656
1.19485
1.19309
1.19128
1.18943
1.18753
1.18559
1.18361
1.18159
1.17955
1.17747
1.17537
1.17324
1.17109
1.16892
1.16673
1.16453
1.16233
1.16011
1.1579
1.15568
1.15347
1.15127
1.14907
1.14689
1.14472
1.14257
1.14045
1.13835
1.13628
1.13425
1.13224
1.13028
1.12836
1.12648
1.12465
1.12287
1.12114
1.11946
1.11784
1.11628
1.11478
1.11335
1.11197
1.11066
1.10942
1.10825
1.10715
1.10612
1.10516
1.10428
1.10347
1.10273
1.10206
1.10147
1.10096
1.10052
1.10015
1.09986
1.09965
1.09951
1.09944
1.09945
1.09953
1.09968
1.09991
1.10021
1.10058
1.10102
1.10152
1.1021
1.10274
1.10344
1.10421
1.10504
1.10592
1.10687
1.10787
1.10893
1.11004
1.1112
1.11241
1.11366
1.11497
1.11631
1.1177
1.11913
1.1206
1.1221
1.12364
1.12521
1.12682
1.12845
1.13011
1.1318
1.13351
1.13525
1.13701
1.13878
1.14058
1.14239
1.14423
1.14607
1.14794
1.14981
1.1517
1.15361
1.15552
1.15745
1.15938
1.16133
1.16328
1.16524
1.16721
1.16919
1.17118
1.17317
1.17518
1.17719
1.17921
1.18124
1.18328
1.18533
1.18738
1.18945
1.19152
1.1936
1.19569
1.19779
1.1999
1.20201
1.20414
1.20627
1.20842
1.21057
1.21273
1.21491
1.21709
1.21928
1.22147
1.22368
1.22589
1.22811
1.23034
1.23257
1.2348
1.23703
1.23927
1.24151
1.24375
1.24599
1.24822
1.25044
1.25266
1.25486
1.25706
1.25924
1.26141
1.26355
1.26568
1.26779
1.26987
1.27193
1.27395
1.27595
1.27791
1.27984
1.28173
1.28358
1.2854
1.28717
1.28889
1.29057
1.2922
1.29378
1.2953
1.29677
1.29819
1.29956
1.30087
1.30212
1.30331
1.30444
1.30552
1.30653
1.30748
1.30837
1.30921
1.30998
1.31069
1.31134
1.31193
1.31246
1.31293
1.31335
1.31371
1.31401
1.31427
1.31447
1.31462
1.31472
1.31477
1.31478
1.31474
1.31465
1.31452
1.31435
1.31414
1.31389
1.31361
1.31328
1.31292
1.31253
1.31211
1.31166
1.31118
1.31067
1.31014
1.30957
1.30899
1.30837
1.30773
1.30707
1.30639
1.30568
1.30496
1.30421
1.30344
1.30264
1.30183
1.301
1.30015
1.19981
1.19881
1.19781
1.19682
1.19584
1.19487
1.19392
1.19297
1.19204
1.19112
1.19021
1.18932
1.18843
1.18757
1.18672
1.18588
1.18507
1.18427
1.18349
1.18273
1.18199
1.18127
1.18058
1.1799
1.17926
1.17864
1.17804
1.17748
1.17694
1.17643
1.17596
1.17552
1.17511
1.17473
1.17439
1.17408
1.17381
1.17358
1.17339
1.17323
1.17311
1.17304
1.173
1.173
1.17305
1.17313
1.17326
1.17344
1.17365
1.1739
1.1742
1.17453
1.17491
1.17532
1.17578
1.17627
1.1768
1.17736
1.17797
1.1786
1.17927
1.17997
1.18071
1.18147
1.18226
1.18308
1.18392
1.18479
1.18568
1.18659
1.18752
1.18846
1.18942
1.1904
1.19138
1.19237
1.19338
1.19438
1.1954
1.19641
1.19743
1.19845
1.19946
1.20048
1.20148
1.20249
1.20348
1.20447
1.20544
1.20641
1.20736
1.20829
1.20921
1.21012
1.21101
1.21188
1.21273
1.21356
1.21438
1.21517
1.21595
1.21671
1.21744
1.21815
1.21884
1.21951
1.22016
1.22078
1.22138
1.22195
1.22251
1.22304
1.22354
1.22402
1.22448
1.22492
1.22534
1.22573
1.2261
1.22645
1.22679
1.2271
1.22739
1.22766
1.22791
1.22814
1.22835
1.22854
1.22872
1.22888
1.22902
1.22915
1.22925
1.22934
1.22941
1.22947
1.22951
1.22953
1.22953
1.22952
1.22949
1.22945
1.22939
1.22931
1.22921
1.22909
1.22896
1.22881
1.22864
1.22845
1.22824
1.22801
1.22775
1.22748
1.22718
1.22686
1.22652
1.22615
1.22576
1.22534
1.2249
1.22443
1.22394
1.22341
1.22285
1.22226
1.22164
1.22099
1.22031
1.21959
1.21884
1.21805
1.21722
1.21636
1.21547
1.21453
1.21355
1.21254
1.21148
1.21039
1.20925
1.20808
1.20686
1.20561
1.20431
1.20298
1.2016
1.20019
1.19873
1.19724
1.19571
1.19414
1.19254
1.19089
1.18921
1.1875
1.18575
1.18396
1.18215
1.1803
1.17842
1.17651
1.17458
1.17262
1.17063
1.16862
1.16659
1.16455
1.16248
1.1604
1.15831
1.1562
1.15409
1.15197
1.14985
1.14772
1.14559
1.14346
1.14133
1.13921
1.13709
1.13499
1.13289
1.13081
1.12875
1.1267
1.12467
1.12266
1.12068
1.11871
1.11678
1.11487
1.11299
1.11114
1.10932
1.10754
1.10579
1.10408
1.1024
1.10076
1.09916
1.0976
1.09608
1.09459
1.09315
1.09175
1.09039
1.08907
1.08779
1.08655
1.08535
1.08419
1.08307
1.08199
1.08095
1.07994
1.07897
1.07803
1.07713
1.07626
1.07542
1.07461
1.07383
1.07307
1.07234
1.07163
1.07095
1.07028
1.06964
1.06902
1.06841
1.06781
1.06724
1.06667
1.06612
1.06558
1.06505
1.06453
1.06402
1.06351
1.06302
1.06252
1.06204
1.06155
1.06108
1.0606
1.06014
1.05967
1.05922
1.05877
1.05832
1.05788
1.05745
1.05702
1.0566
1.05619
1.05579
1.05539
1.05501
1.05463
1.05427
1.05392
1.05359
1.05327
1.05297
1.05269
1.05242
1.05218
1.05196
1.05177
1.05161
1.05148
1.05137
1.0513
1.05127
1.05127
1.05131
1.05139
1.05152
1.05169
1.05191
1.05219
1.05252
1.05291
1.05336
1.05387
1.05445
1.0551
1.05583
1.05663
1.05751
1.05848
1.05952
1.06066
1.06188
1.06319
1.06459
1.06609
1.06769
1.06938
1.07117
1.07306
1.07504
1.07713
1.07932
1.0816
1.08399
1.08646
1.08903
1.09169
1.09444
1.09728
1.10019
1.10319
1.10626
1.1094
1.11261
1.11588
1.1192
1.12257
1.12599
1.12945
1.13294
1.13645
1.13999
1.14354
1.1471
1.15067
1.15423
1.15779
1.16133
1.16486
1.16836
1.17184
1.17528
1.17869
1.18205
1.18538
1.18865
1.19187
1.19504
1.19815
1.2012
1.20418
1.2071
1.20995
1.21273
1.21545
1.21809
1.22066
1.22315
1.22557
1.22792
1.23019
1.23239
1.23451
1.23656
1.23852
1.24042
1.24224
1.24399
1.24566
1.24726
1.24878
1.25023
1.25161
1.25292
1.25416
1.25533
1.25643
1.25746
1.25842
1.25932
1.26015
1.26091
1.26161
1.26225
1.26281
1.26332
1.26376
1.26413
1.26445
1.2647
1.26488
1.265
1.26506
1.26506
1.26499
1.26486
1.26467
1.26441
1.26409
1.2637
1.26325
1.26274
1.26216
1.26152
1.26081
1.26004
1.2592
1.2583
1.25733
1.2563
1.2552
1.25403
1.25279
1.25149
1.25012
1.24868
1.24718
1.24561
1.24397
1.24226
1.24049
1.23866
1.23676
1.23479
1.23277
1.23068
1.22853
1.22632
1.22406
1.22174
1.21936
1.21694
1.21446
1.21193
1.20936
1.20674
1.20408
1.20139
1.19865
1.19589
1.19309
1.19026
1.18741
1.18454
1.18166
1.17875
1.17584
1.17292
1.16999
1.16707
1.16415
1.16123
1.15833
1.15544
1.15256
1.14972
1.14689
1.1441
1.14134
1.13862
1.13594
1.13331
1.13072
1.12818
1.1257
1.12328
1.12091
1.1186
1.11636
1.11419
1.11209
1.11006
1.1081
1.10622
1.10442
1.10269
1.10105
1.0995
1.09802
1.09663
1.09532
1.0941
1.09297
1.09192
1.09096
1.09008
1.08928
1.08858
1.08795
1.08741
1.08695
1.08658
1.08628
1.08607
1.08593
1.08586
1.08587
1.08595
1.0861
1.08632
1.0866
1.08694
1.08735
1.08781
1.08833
1.08891
1.08954
1.09022
1.09094
1.09172
1.09254
1.09339
1.09429
1.09523
1.0962
1.09721
1.09824
1.09931
1.1004
1.10152
1.10267
1.10384
1.10503
1.10624
1.10747
1.10871
1.10997
1.11125
1.11254
1.11383
1.11515
1.11647
1.1178
1.11914
1.12049
1.12184
1.1232
1.12457
1.12594
1.12731
1.12869
1.13006
1.13144
1.13282
1.1342
1.13558
1.13696
1.13834
1.13971
1.14109
1.14246
1.14383
1.14519
1.14655
1.14791
1.14926
1.1506
1.15194
1.15327
1.15459
1.15591
1.15721
1.1585
1.15978
1.16105
1.1623
1.16354
1.16476
1.16596
1.16714
1.1683
1.16944
1.17055
1.17164
1.17271
1.17374
1.17474
1.1757
1.17663
1.17753
1.17838
1.1792
1.17997
1.1807
1.18137
1.182
1.18258
1.1831
1.18357
1.18398
1.18432
1.18461
1.18483
1.18499
1.18508
1.1851
1.18505
1.18493
1.18473
1.18447
1.18412
1.1837
1.1832
1.18263
1.18197
1.18124
1.18043
1.17955
1.17858
1.17754
1.17643
1.17525
1.174
1.17267
1.17128
1.16982
1.16829
1.1667
1.16505
1.16335
1.1616
1.1598
1.15795
1.15606
1.15414
1.15218
1.15019
1.14818
1.14615
1.14411
1.14206
1.14001
1.13795
1.1359
1.13387
1.13184
1.12984
1.12786
1.12591
1.124
1.12212
1.12028
1.11849
1.11675
1.11507
1.11344
1.11187
1.11037
1.10893
1.10756
1.10626
1.10503
1.10388
1.1028
1.1018
1.10088
1.10004
1.09927
1.09858
1.09797
1.09744
1.09697
1.09659
1.09627
1.09603
1.09586
1.09575
1.0957
1.09572
1.0958
1.09594
1.09613
1.09637
1.09667
1.09701
1.09739
1.09782
1.09828
1.09878
1.09931
1.09988
1.10048
1.1011
1.10175
1.10242
1.10312
1.10383
1.10457
1.10532
1.10609
1.10688
1.10768
1.1085
1.10934
1.1102
1.11107
1.11195
1.11285
1.11377
1.1147
1.11565
1.11662
1.1176
1.11861
1.11964
1.12069
1.12176
1.12286
1.12398
1.12513
1.1263
1.12751
1.12875
1.13001
1.13131
1.13264
1.134
1.13539
1.13682
1.13829
1.13979
1.14132
1.14289
1.1445
1.14614
1.14782
1.14953
1.15128
1.15306
1.15487
1.15672
1.15861
1.16053
1.16248
1.16446
1.16648
1.16852
1.17059
1.17268
1.1748
1.17695
1.17911
1.1813
1.1835
1.18572
1.18795
1.19019
1.19244
1.1947
1.19696
1.19923
1.2015
1.20377
1.20603
1.20829
1.21054
1.21278
1.215
1.21722
1.21941
1.22158
1.22373
1.22586
1.22796
1.23003
1.23207
1.23408
1.23605
1.23799
1.23989
1.24174
1.24356
1.24533
1.24706
1.24874
1.25037
1.25195
1.25348
1.25495
1.25637
1.25773
1.25904
1.26029
1.26148
1.26261
1.26368
1.26468
1.26562
1.2665
1.26731
1.26805
1.26873
1.26933
1.26987
1.27034
1.27074
1.27107
1.27133
1.27151
1.27162
1.27166
1.27162
1.27152
1.27133
1.27107
1.27074
1.27033
1.26984
1.26928
1.26864
1.26793
1.26714
1.26628
1.26534
1.26433
1.26325
1.26209
1.26087
1.25957
1.25821
1.25677
1.25526
1.25369
1.25206
1.25036
1.24859
1.24677
1.24488
1.24294
1.24094
1.23889
1.23678
1.23463
1.23243
1.23018
1.22789
1.22556
1.22319
1.22078
1.21834
1.21586
1.21336
1.21082
1.20826
1.20568
1.20308
1.20046
1.19782
1.19517
1.19251
1.18985
1.18717
1.1845
1.18182
1.17915
1.17648
1.17382
1.17117
1.16854
1.16592
1.16332
1.16075
1.1582
1.15568
1.15319
1.15073
1.14831
1.14593
1.1436
1.14131
1.13907
1.13689
1.13476
1.13268
1.13067
1.12873
1.12685
1.12504
1.1233
1.12164
1.12006
1.11856
1.11714
1.11581
1.11457
1.11342
1.11235
1.11138
1.11051
1.10973
1.10904
1.10845
1.10797
1.10758
1.1073
1.10711
1.10703
1.10705
1.10718
1.1074
1.10773
1.10816
1.10869
1.10932
1.11005
1.11087
1.1118
1.11282
1.11394
1.11515
1.11645
1.11785
1.11933
1.12091
1.12257
1.12431
1.12614
1.12805
1.13004
1.1321
1.13424
1.13646
1.13874
1.1411
1.14352
1.146
1.14854
1.15114
1.1538
1.15651
1.15927
1.16208
1.16493
1.16782
1.17075
1.17372
1.17672
1.17974
1.18279
1.18586
1.18895
1.19206
1.19517
1.19829
1.20141
1.20453
1.20765
1.21076
1.21385
1.21693
1.21999
1.22302
1.22602
1.22899
1.23193
1.23482
1.23767
1.24048
1.24323
1.24592
1.24856
1.25113
1.25363
1.25606
1.25841
1.26069
1.26288
