                   1             8.53774             8.53774                   0
                   2             8.34481             8.44127           0.0964632
                   3             7.76537             8.21597            0.232084
                   4             8.27293             8.23021            0.164725
                   5             8.28365              8.2409            0.128042
                   6             8.16913             8.22894            0.105228
                   7             7.96932             8.19185           0.0963578
                   8             8.11196             8.18186           0.0840437
                   9             8.10561             8.17339           0.0746022
                  10             8.30249              8.1863           0.0679637
                  11             8.15553              8.1835           0.0615391
                  12             8.41145              8.2025            0.059302
                  13             8.13355              8.1972           0.0548072
                  14             8.35887             8.20874           0.0520391
                  15             8.25593             8.21189           0.0485478
                  16             8.37783             8.22226           0.0465815
                  17             8.30078             8.22688           0.0439988
                  18             8.12059             8.22097           0.0419006
                  19             8.27116             8.22362           0.0397219
                  20             8.39732              8.2323           0.0386714
                  21             8.33893             8.23738           0.0371326
                  22             8.13922             8.23292           0.0356846
                  23             8.38675             8.23961           0.0347476
                  24             8.12498             8.23483           0.0336094
                  25             8.23768             8.23494           0.0322372
                  26              8.5909             8.24863           0.0338633
                  27             8.05961             8.24163           0.0333286
                  28             8.18352             8.23956           0.0321832
                  29             8.12319             8.23554           0.0313118
                  30             8.28434             8.23717           0.0302938
                  31             8.30104             8.23923           0.0293726
                  32             8.23962             8.23924           0.0284399
                  33             8.05807             8.23375            0.028106
                  34              8.4239             8.23935           0.0278345
                  35              8.6271             8.25043             0.02921
                  36             8.12929             8.24706           0.0285858
                  37             8.18342             8.24534           0.0278556
                  38             7.90002             8.23625            0.028595
                  39             8.44773             8.24168           0.0283751
                  40             8.09818             8.23809           0.0278883
                  41             8.12121             8.23524           0.0273486
                  42             8.66277             8.24542           0.0285648
                  43             8.25977             8.24575           0.0278946
                  44             8.48913             8.25128           0.0278089
                  45             8.49543             8.25671           0.0277201
                  46             7.92865             8.24958           0.0280331
                  47             8.44414             8.25372           0.0277408
                  48             8.32948             8.25529           0.0272025
                  49             8.27264             8.25565           0.0266439
                  50             8.52632             8.26106            0.026661
