                   1           -0.767772           -0.767772                   0
                   2           -0.768657           -0.768215         0.000442592
                   3            -0.76566           -0.767363         0.000888999
                   4             -0.7684           -0.767623         0.000679992
                   5            -0.76709           -0.767516         0.000537367
                   6             -0.7676            -0.76753          0.00043898
                   7           -0.766953           -0.767448         0.000380043
                   8           -0.767216           -0.767419           0.0003304
                   9           -0.766504           -0.767317         0.000308601
                  10           -0.767656           -0.767351         0.000278099
                  11           -0.766175           -0.767244         0.000273317
                  12           -0.767928           -0.767301         0.000255926
                  13           -0.767302           -0.767301         0.000235417
                  14           -0.768582           -0.767393         0.000236368
                  15           -0.768103            -0.76744         0.000225078
                  16           -0.767843           -0.767465          0.00021204
                  17           -0.766392           -0.767402          0.00020895
                  18            -0.76581           -0.767314         0.000215951
                  19           -0.767406           -0.767318         0.000204327
                  20           -0.767425           -0.767324         0.000193915
                  21           -0.767693           -0.767341         0.000185287
                  22           -0.766267           -0.767293         0.000183289
                  23           -0.769055           -0.767369         0.000191162
                  24            -0.76731           -0.767367          0.00018304
                  25           -0.768179           -0.767399         0.000178548
                  26           -0.769227           -0.767469         0.000185388
                  27           -0.765957           -0.767413         0.000186983
                  28           -0.768306           -0.767445         0.000182979
                  29           -0.767829           -0.767459         0.000177052
                  30           -0.767003           -0.767443         0.000171721
                  31           -0.767645            -0.76745         0.000166216
                  32           -0.766866           -0.767432         0.000161971
                  33           -0.765925           -0.767386         0.000163491
                  34           -0.768303           -0.767413         0.000160886
                  35           -0.768575           -0.767446         0.000159712
                  36           -0.766272           -0.767414         0.000158601
                  37           -0.768299           -0.767437         0.000156102
                  38           -0.765414           -0.767384         0.000160996
                  39           -0.768243           -0.767406         0.000158353
                  40           -0.768026           -0.767422          0.00015512
                  41           -0.767523           -0.767424          0.00015131
                  42           -0.769353            -0.76747         0.000154642
                  43           -0.767091           -0.767461          0.00015126
                  44           -0.768427           -0.767483         0.000149401
                  45           -0.768666            -0.76751          0.00014839
                  46           -0.766476           -0.767487         0.000146857
                  47            -0.76822           -0.767503         0.000144542
                  48           -0.767452           -0.767502         0.000141502
                  49           -0.766933            -0.76749          0.00013907
                  50           -0.768887           -0.767518         0.000139097
