                   1            0.442896            0.442896                   0
                   2            0.435659            0.439277          0.00361868
                   3            0.427437             0.43533          0.00446561
                   4            0.436698            0.435672          0.00317612
                   5            0.441059             0.43675          0.00268578
                   6            0.441904            0.437609          0.00235515
                   7            0.435088            0.437249          0.00202277
                   8            0.437422             0.43727           0.0017519
                   9            0.435564            0.437081          0.00155662
                  10            0.444419            0.437815          0.00157382
                  11            0.448666            0.438801          0.00173198
                  12             0.44839              0.4396          0.00177152
                  13            0.439227            0.439571          0.00162981
                  14            0.445206            0.439974          0.00156167
                  15            0.441588            0.440082          0.00145781
                  16            0.440025            0.440078          0.00136366
                  17             0.44708             0.44049          0.00134553
                  18            0.434179            0.440139          0.00131614
                  19            0.437603            0.440006          0.00125208
                  20            0.438748            0.439943          0.00118949
                  21             0.44505            0.440186          0.00115727
                  22            0.442006            0.440269          0.00110651
                  23            0.427585            0.439717          0.00119248
                  24            0.434707            0.439509          0.00116064
                  25            0.440506            0.439549          0.00111397
                  26             0.44808            0.439877          0.00111943
                  27            0.440871            0.439913           0.0010778
                  28            0.441168            0.439958          0.00103956
                  29            0.446012            0.440167          0.00102456
                  30            0.440414            0.440175         0.000989856
                  31            0.438936            0.440135         0.000958228
                  32            0.441727            0.440185         0.000929133
                  33            0.435477            0.440042         0.000911766
                  34            0.445151            0.440193         0.000897212
                  35            0.445123            0.440333         0.000882515
                  36            0.436265             0.44022         0.000865063
                  37            0.435548            0.440094         0.000850782
                  38            0.439762            0.440085         0.000828137
                  39            0.438805            0.440053         0.000807291
                  40            0.435074            0.439928         0.000796634
                  41             0.44627            0.440083          0.00079221
                  42            0.440918            0.440103         0.000773373
                  43            0.436501            0.440019         0.000759804
                  44            0.438627            0.439987         0.000743009
                  45              0.4411            0.440012         0.000726731
                  46            0.435279            0.439909         0.000718165
                  47            0.440704            0.439926         0.000702922
                  48            0.439705            0.439921         0.000688137
                  49            0.436983            0.439861          0.00067661
                  50            0.447591            0.440016         0.000680726
