                   1             7.43236             7.43236                   0
                   2             7.50335             7.46785           0.0354944
                   3             7.29606             7.41059           0.0608211
                   4             7.51442             7.43655           0.0502337
                   5             7.23158             7.39555           0.0565198
                   6             7.38587             7.39394           0.0461764
                   7             7.27739             7.37729           0.0424296
                   8             7.40513             7.38077           0.0369095
                   9             7.28914             7.37059           0.0341061
                  10             7.29586             7.36312           0.0314074
                  11             7.41082             7.36745           0.0287381
                  12             7.57062             7.38438           0.0312233
                  13             7.31546             7.37908           0.0292065
                  14             7.39573             7.38027           0.0270661
                  15             7.63215             7.39706           0.0302798
                  16             7.57094             7.40793           0.0303373
                  17             7.28453             7.40067           0.0294069
                  18             7.29795             7.39496           0.0283063
                  19             7.47515             7.39918           0.0271056
                  20             7.46095             7.40227           0.0258995
                  21             7.50878             7.40734            0.025152
                  22             7.34752             7.40462           0.0241351
                  23             7.58716             7.41256           0.0243893
                  24             7.39128             7.41167           0.0233678
                  25             7.32481              7.4082           0.0226813
                  26             7.64487              7.4173           0.0236163
                  27             7.42342             7.41753           0.0227259
                  28             7.48508             7.41994           0.0220317
                  29             7.38069             7.41859           0.0213015
                  30             7.38076             7.41733           0.0206178
                  31             7.49008             7.41967           0.0200792
                  32              7.5008             7.42221           0.0196062
                  33             7.16902             7.41454           0.0204932
                  34             7.57573             7.41928           0.0204388
                  35             7.63092             7.42532            0.020747
                  36             7.41242             7.42497           0.0201657
                  37             7.32199             7.42218           0.0198096
                  38             7.07048             7.41293           0.0213875
                  39             7.49822             7.41511           0.0209464
                  40             7.46609             7.41639           0.0204557
                  41              7.2051             7.41124           0.0206054
                  42               7.419             7.41142           0.0201096
                  43             7.46428             7.41265           0.0196749
                  44             7.40503             7.41248           0.0192233
                  45             7.42267              7.4127           0.0187926
                  46              7.4772             7.41411           0.0184329
                  47             7.40224             7.41385           0.0180382
                  48              7.2805             7.41107           0.0178757
                  49             7.57367             7.41439           0.0178188
                  50              7.5747              7.4176           0.0177507
