                   1            0.430621            0.430621                   0
                   2            0.418168            0.424395          0.00622682
                   3            0.411328            0.420039          0.00564747
                   4            0.419282             0.41985          0.00399784
                   5            0.415389            0.418958          0.00322267
                   6            0.421189             0.41933          0.00265745
                   7            0.421996            0.419711          0.00227802
                   8            0.421434            0.419926          0.00198455
                   9            0.416354            0.419529          0.00179466
                  10            0.423069            0.419883          0.00164376
                  11            0.426415            0.420477          0.00160101
                  12            0.427474             0.42106          0.00157354
                  13            0.422279            0.421154          0.00145048
                  14            0.424339            0.421381          0.00136202
                  15            0.419878            0.421281          0.00127193
                  16            0.423171            0.421399          0.00119563
                  17            0.422652            0.421473          0.00112552
                  18            0.414803            0.421102          0.00112398
                  19             0.41963            0.421025            0.001066
                  20             0.41597            0.420772          0.00104241
                  21            0.423601            0.420907          0.00100064
                  22            0.420784            0.420901         0.000954085
                  23            0.410512             0.42045          0.00101744
                  24            0.418759            0.420379         0.000976666
                  25            0.421187            0.420411         0.000937343
                  26            0.419615            0.420381          0.00090109
                  27            0.421192            0.420411         0.000867595
                  28            0.421788             0.42046         0.000837481
                  29            0.425097             0.42062         0.000823752
                  30            0.419521            0.420583         0.000796663
                  31            0.422589            0.420648         0.000773249
                  32            0.419087            0.420599         0.000750283
                  33            0.414903            0.420427         0.000747398
                  34            0.420435            0.420427         0.000725083
                  35            0.425447             0.42057         0.000718525
                  36            0.414447              0.4204         0.000718699
                  37            0.415169            0.420259         0.000713159
                  38            0.419955            0.420251         0.000694183
                  39            0.419127            0.420222         0.000676764
                  40            0.422875            0.420288         0.000662955
                  41            0.424018            0.420379         0.000652951
                  42            0.420879            0.420391         0.000637326
                  43            0.415667            0.420281         0.000631951
                  44            0.417882            0.420227         0.000619825
                  45            0.423558            0.420301         0.000610401
                  46            0.414279             0.42017         0.000611167
                  47            0.414912            0.420058         0.000608395
                  48            0.420311            0.420063         0.000595609
                  49            0.421329            0.420089         0.000583899
                  50            0.420321            0.420094          0.00057212
