                   1           -0.761334           -0.761334                   0
                   2           -0.762354           -0.761844             0.00051
                   3           -0.761069           -0.761585         0.000391665
                   4           -0.762456           -0.761803         0.000352249
                   5           -0.760345           -0.761511         0.000399377
                   6           -0.761322            -0.76148         0.000327607
                   7           -0.761795           -0.761525         0.000280519
                   8           -0.762602           -0.761659         0.000277726
                   9           -0.760592           -0.761541         0.000272139
                  10           -0.761038           -0.761491         0.000248541
                  11           -0.761026           -0.761448         0.000228741
                  12            -0.76176           -0.761474         0.000210419
                  13           -0.762215           -0.761531         0.000201771
                  14           -0.762542           -0.761604         0.000200256
                  15           -0.762582           -0.761669          0.00019752
                  16           -0.762248           -0.761705         0.000188276
                  17           -0.760732           -0.761648         0.000185885
                  18           -0.760003           -0.761556          0.00019764
                  19           -0.761257           -0.761541         0.000187612
                  20           -0.761351           -0.761531         0.000178237
                  21           -0.761889           -0.761548          0.00017039
                  22            -0.75994           -0.761475         0.000178149
                  23           -0.763069           -0.761544          0.00018379
                  24            -0.76145            -0.76154         0.000176009
                  25           -0.762133           -0.761564         0.000170476
                  26           -0.762974           -0.761618         0.000172536
                  27            -0.76203           -0.761634          0.00016672
                  28           -0.762775           -0.761674         0.000165748
                  29           -0.762266           -0.761695         0.000161228
                  30           -0.761534           -0.761689         0.000155853
                  31           -0.761514           -0.761684         0.000150848
                  32           -0.760928            -0.76166         0.000147955
                  33           -0.760612           -0.761628         0.000146877
                  34            -0.76285           -0.761664         0.000146954
                  35            -0.76223           -0.761681         0.000143607
                  36            -0.76089           -0.761659         0.000141277
                  37           -0.762474           -0.761681          0.00013916
                  38            -0.75965           -0.761627         0.000145612
                  39           -0.761474           -0.761623         0.000141883
                  40           -0.762297            -0.76164         0.000139312
                  41           -0.761546           -0.761638         0.000135891
                  42           -0.761666           -0.761638         0.000132618
                  43           -0.760878           -0.761621         0.000130698
                  44           -0.762232           -0.761635         0.000128446
                  45           -0.762132           -0.761646         0.000126045
                  46           -0.761888           -0.761651         0.000123387
                  47            -0.76222           -0.761663         0.000121338
                  48           -0.761711           -0.761664         0.000118788
                  49           -0.761231           -0.761655         0.000116673
                  50           -0.762229           -0.761667          0.00011489
