                   1            0.153971            0.153971                   0
                   2             0.15175             0.15286           0.0011104
                   3            0.125938            0.143886            0.008997
                   4            0.154984            0.146661          0.00694046
                   5             0.15756            0.148841          0.00580122
                   6            0.153434            0.149606          0.00479814
                   7            0.123351            0.145855          0.00552381
                   8            0.133357            0.144293           0.0050324
                   9            0.129323             0.14263          0.00473962
                  10            0.151702            0.143537          0.00433525
                  11            0.144806            0.143652          0.00392307
                  12            0.142194            0.143531          0.00358332
                  13            0.139156            0.143194          0.00331331
                  14            0.162927            0.144604          0.00337584
                  15             0.14489            0.144623           0.0031428
                  16            0.142133            0.144467          0.00294393
                  17            0.155576            0.145121           0.0028415
                  18            0.141005            0.144892          0.00268873
                  19             0.14496            0.144896          0.00254329
                  20            0.143907            0.144846          0.00241328
                  21            0.151458            0.145161          0.00231698
                  22             0.16031             0.14585          0.00231398
                  23             0.15405            0.146206          0.00223965
                  24            0.133924            0.145694          0.00220453
                  25            0.147472            0.145766           0.0021157
                  26            0.152986            0.146043          0.00205158
                  27            0.125709             0.14529          0.00211291
                  28            0.140177            0.145108          0.00204423
                  29            0.146324            0.145149          0.00197292
                  30            0.138353            0.144923          0.00191944
                  31             0.14298             0.14486          0.00185755
                  32            0.141005             0.14474          0.00180259
                  33            0.141159            0.144631          0.00175048
                  34            0.153257            0.144885          0.00171706
                  35            0.151597            0.145077          0.00167827
                  36            0.140041            0.144937          0.00163698
                  37             0.14461            0.144928          0.00159214
                  38            0.137402             0.14473          0.00156229
                  39            0.162851            0.145195          0.00159106
                  40            0.143992            0.145165          0.00155106
                  41            0.138525            0.145003           0.0015214
                  42            0.167668            0.145542          0.00157977
                  43            0.151675            0.145685          0.00154917
                  44            0.161966            0.146055          0.00155813
                  45            0.153624            0.146223          0.00153237
                  46            0.144281            0.146181          0.00149928
                  47            0.147147            0.146201          0.00146718
                  48            0.151889             0.14632          0.00144117
                  49            0.150947            0.146414           0.0014146
                  50             0.15933            0.146673          0.00140989
