                   1           0.0067464           0.0067464                   0
                   2          -0.0003296           0.0032084            0.003538
                   3          -0.0114636         -0.00168227           0.0053001
                   4           0.0023268            -0.00068          0.00387944
                   5            0.009304           0.0013168          0.00360794
                   6           0.0118476          0.00307193          0.00342909
                   7          -0.0174484         0.000140457          0.00412221
                   8          -0.0114344          -0.0013064          0.00385199
                   9          -0.0158956         -0.00292742          0.00376408
                  10           0.0078456         -0.00185012          0.00353485
                  11           -0.001398         -0.00180902          0.00319766
                  12           -0.004482         -0.00203177          0.00292754
                  13          -0.0091364         -0.00257828          0.00274784
                  14           0.0141272         -0.00138503          0.00280995
                  15           0.0063556        -0.000868987          0.00266633
                  16           -0.002038         -0.00094205          0.00249519
                  17           0.0043184        -0.000632612          0.00236416
                  18          -0.0066376        -0.000966222          0.00225378
                  19          -0.0010364        -0.000969916          0.00213187
                  20           0.0054096         -0.00065094          0.00204747
                  21           0.0064616        -0.000312248          0.00197676
                  22            0.012732         0.000280673          0.00197583
                  23           0.0152692         0.000932348          0.00199728
                  24          -0.0006924          0.00086465          0.00191345
                  25          -0.0025392         0.000728496          0.00184036
                  26           0.0026132         0.000800985          0.00176964
                  27          -0.0220156        -4.40741e-05            0.001901
                  28          -0.0010004        -7.82286e-05          0.00183216
                  29           0.0010252        -4.01793e-05          0.00176827
                  30          -0.0158316         -0.00056656          0.00178757
                  31          -0.0031372        -0.000649484          0.00173093
                  32          -0.0048816        -0.000781737          0.00168117
                  33          -0.0068804        -0.000966545          0.00163988
                  34            0.003642           -0.000831          0.00159668
                  35           0.0002928        -0.000798891          0.00155072
                  36           -0.003246        -0.000866867          0.00150856
                  37           0.0064204        -0.000669914          0.00148039
                  38           -0.010546        -0.000929811          0.00146415
                  39           0.0163072        -0.000487836          0.00149303
                  40           -0.005202         -0.00060569          0.00145999
                  41           0.0032264        -0.000512224            0.001427
                  42           0.0187276        -5.41333e-05          0.00146602
                  43           0.0046052         5.42233e-05          0.00143562
                  44           0.0136584         0.000363409          0.00143628
                  45          -0.0023908         0.000302204          0.00140534
                  46          -0.0060404         0.000164322          0.00138135
                  47           0.0009632         0.000181319          0.00135174
                  48           0.0047016         0.000275492          0.00132663
                  49           0.0034768         0.000340824          0.00130091
                  50           0.0134124         0.000602256          0.00130116
