-0.999343 0.0362465
0.732778 -0.680468
-0.999091 0.0426348
0.844946 -0.534851
-0.549389 -0.835567
-0.527003 0.849863
-0.78641 -0.617705
0.139059 -0.990284
-0.967433 -0.253126
0.998764 0.049706
0.680568 -0.732685
0.629732 -0.776812
-0.426266 0.904598
0.502561 -0.864542
0.938536 -0.345182
-0.276466 0.961024
0.0426146 0.999092
0.971968 0.235111
-0.9897 -0.143155
-0.15674 -0.98764
0.386776 -0.922174
-0.734041 0.679105
-0.897969 -0.440058
0.727077 -0.686556
0.423262 0.906007
-0.688073 -0.725641
-0.566048 -0.824373
-0.154177 -0.988043
-0.478278 0.878209
-0.963746 -0.266822
0.742463 0.669887
0.39708 0.917784
0.963251 -0.268605
-0.80328 -0.595601

1
3
22
6
29
13
16
17
32
25
31
18
10
33
15
4
24
2
11
12
14
21
8
20
28
27
5
26
7
34
23
30
9
19
