0.716167 0.587112
0.910323 0.672039
0.304083 0.540009
0.69853 0.446147
0.0328663 0.74888
0.802708 0.668005
0.524113 0.814485
0.94552 0.358902
0.241259 0.991821
0.328606 0.374272
0.432813 0.7808
0.912339 0.907516
0.141219 0.593308
0.638001 0.385569
0.300952 0.423938
0.817346 0.510297
0.707369 0.745641
0.370755 0.568727
0.137521 0.663066
0.83129 0.268533
0.760943 0.984069
0.678799 0.473868
0.213729 0.581517
0.41302 0.759977
0.250788 0.949307
0.260568 0.83123
0.073027 0.913596
0.137565 0.933329
0.488562 0.216416
0.71316 0.531998
0.656342 0.286684
0.551574 0.0421103
0.829627 0.564489
0.419806 0.305986

1
17
6
2
12
21
7
11
24
26
25
9
28
27
5
19
13
23
18
3
15
10
34
29
32
31
14
22
4
20
8
16
33
30
