                   1             45.7367             45.7367                   0
                   2             42.0571             43.8969             1.83979
                   3             46.2074             44.6671             1.31204
                   4             44.4715             44.6182            0.929042
                   5             42.0741             44.1093            0.881336
                   6             48.1859             44.7888            0.989679
                   7             45.5076             44.8915            0.842711
                   8             44.4648             44.8381            0.731755
                   9             45.1362             44.8713            0.646197
                  10             44.2699             44.8111            0.581096
                  11             43.6397             44.7046            0.536299
                  12             41.2091             44.4133             0.56968
                  13             43.7475             44.3621            0.526526
                  14             45.8157             44.4659            0.498403
                  15             45.9873             44.5674            0.474943
                  16             44.6555             44.5729            0.444302
                  17             44.5639             44.5723             0.41735
                  18             44.0062             44.5409            0.394736
                  19             44.4794             44.5376            0.373397
                  20             44.6253              44.542            0.354263
                  21             42.2334             44.4321             0.35445
                  22             41.6314             44.3048            0.361137
                  23             44.2283             44.3015            0.345095
                  24             45.6599             44.3581            0.335216
                  25             48.7226             44.5326            0.365868
                  26             41.3005             44.4083            0.372849
                  27             45.3544             44.4434            0.360481
                  28             45.7751             44.4909            0.350609
                  29              47.268             44.5867            0.351596
                  30             43.5696             44.5528            0.341362
                  31             45.2193             44.5743            0.330866
                  32              43.235             44.5324            0.323081
                  33             43.4099             44.4984             0.31498
                  34             45.5585             44.5296            0.307162
                  35             46.8026             44.5945            0.305246
                  36             44.9243             44.6037            0.296787
                  37             46.4185             44.6528            0.292792
                  38             45.7879             44.6826            0.286544
                  39             43.4585             44.6512            0.280859
                  40             45.4365             44.6709            0.274451
                  41             43.3291             44.6381            0.269666
                  42             45.4264             44.6569            0.263836
                  43             43.4097             44.6279            0.259254
                  44             43.7602             44.6082             0.25406
                  45             42.0726             44.5518            0.254662
                  46             46.8668             44.6022            0.254098
                  47              43.417              44.577            0.249908
                  48             43.8247             44.5613            0.245148
                  49             43.6188              44.542            0.240862
                  50             44.5009             44.5412            0.235997
