                   1           -0.936096           -0.936096                   0
                   2           -0.932857           -0.934476           0.0016196
                   3           -0.937712           -0.935555          0.00142745
                   4           -0.935622           -0.935572           0.0010095
                   5           -0.932532           -0.934964         0.000990488
                   6           -0.939502            -0.93572          0.00110726
                   7           -0.936392           -0.935816         0.000940715
                   8           -0.936186           -0.935862         0.000815996
                   9           -0.935996           -0.935877         0.000719794
                  10           -0.935272           -0.935817         0.000646642
                  11           -0.934194           -0.935669         0.000603235
                  12           -0.931404           -0.935314         0.000655419
                  13           -0.934422           -0.935245         0.000606791
                  14           -0.936859            -0.93536         0.000573488
                  15           -0.937284           -0.935489         0.000549074
                  16           -0.935922           -0.935516         0.000514327
                  17           -0.934311           -0.935445         0.000488294
                  18           -0.935358            -0.93544         0.000460394
                  19           -0.935058            -0.93542         0.000435954
                  20           -0.936034           -0.935451         0.000414719
                  21           -0.932603           -0.935315         0.000417129
                  22           -0.931252            -0.93513         0.000438504
                  23           -0.935934           -0.935165         0.000420461
                  24           -0.936644           -0.935227         0.000407249
                  25           -0.939228           -0.935387         0.000422134
                  26           -0.932156           -0.935263         0.000424184
                  27            -0.93665           -0.935314         0.000411395
                  28           -0.937398           -0.935388         0.000403353
                  29           -0.937823           -0.935472         0.000398148
                  30           -0.934829           -0.935451         0.000385246
                  31            -0.93687           -0.935497         0.000375411
                  32           -0.934018           -0.935451         0.000366417
                  33           -0.934163           -0.935412         0.000357276
                  34           -0.935891           -0.935426         0.000346896
                  35           -0.938828           -0.935523         0.000350585
                  36           -0.935639           -0.935526         0.000340723
                  37           -0.938491           -0.935606         0.000340939
                  38           -0.936325           -0.935625         0.000332384
                  39            -0.93449           -0.935596         0.000325056
                  40           -0.936023           -0.935607         0.000317005
                  41           -0.933607           -0.935558         0.000312999
                  42            -0.93581           -0.935564         0.000305515
                  43            -0.93449           -0.935539         0.000299369
                  44           -0.933904           -0.935502         0.000294837
                  45           -0.932306           -0.935431         0.000296833
                  46           -0.938565           -0.935499         0.000298196
                  47           -0.933834           -0.935463         0.000293924
                  48            -0.93452           -0.935444         0.000288406
                  49           -0.934956           -0.935434         0.000282634
                  50           -0.935785           -0.935441         0.000277013
