                   1            0.470694            0.470694                   0
                   2            0.492069            0.481381           0.0106876
                   3            0.470119            0.477627          0.00722267
                   4            0.469828            0.475678           0.0054667
                   5            0.510104            0.482563          0.00808323
                   6            0.490377            0.483865          0.00672719
                   7            0.516991            0.488598          0.00739725
                   8            0.483149            0.487917           0.0064423
                   9             0.52122            0.491617          0.00678036
                  10             0.49279            0.491734          0.00606567
                  11            0.485143            0.491135          0.00551923
                  12            0.479706            0.490183          0.00512757
                  13            0.518657            0.492373          0.00520045
                  14            0.474954            0.491129          0.00497285
                  15            0.477413            0.490214          0.00471891
                  16            0.483422             0.48979           0.0044345
                  17            0.495593            0.490131          0.00417945
                  18            0.499564            0.490655          0.00397512
                  19            0.494886            0.490878          0.00376668
                  20            0.470643            0.489866          0.00371384
                  21            0.481284            0.489458          0.00355613
                  22            0.516413            0.490683          0.00360523
                  23            0.482191            0.490314          0.00346464
                  24            0.485909             0.49013          0.00332222
                  25            0.495101            0.490329          0.00319275
                  26            0.485488            0.490143          0.00307315
                  27            0.512038            0.490954          0.00306631
                  28            0.450391            0.489505          0.00329079
                  29            0.481589            0.489232            0.003187
                  30            0.482866             0.48902          0.00308624
                  31            0.470385            0.488419          0.00304494
                  32            0.484287             0.48829          0.00295108
                  33            0.475505            0.487902          0.00288637
                  34            0.482871            0.487754           0.0028041
                  35            0.482443            0.487602          0.00272703
                  36            0.490236            0.487676          0.00265121
                  37            0.493308            0.487828          0.00258305
                  38            0.506766            0.488326          0.00256307
                  39            0.476369             0.48802          0.00251525
                  40            0.485568            0.487958          0.00245232
                  41            0.502227            0.488306          0.00241695
                  42            0.482135            0.488159          0.00236327
                  43            0.493072            0.488274          0.00231048
                  44            0.493156            0.488385          0.00226009
                  45            0.495976            0.488553          0.00221573
                  46            0.494002            0.488672          0.00217026
                  47            0.515474            0.489242          0.00219881
                  48             0.46956            0.488832          0.00219123
                  49            0.486977            0.488794          0.00214638
                  50            0.473737            0.488493          0.00212446
