                   1           0.0735348           0.0735348                   0
                   2          -0.0104844           0.0315252           0.0420096
                   3           0.0072308           0.0234271           0.0255705
                   4           0.0181128           0.0220985           0.0181298
                   5          -0.0821452          0.00124976           0.0251373
                   6            0.113226           0.0199124           0.0277408
                   7          -0.0839556          0.00507411           0.0277462
                   8          -0.0627668           -0.003406           0.0254814
                   9          -0.0304844         -0.00641471            0.022673
                  10          -0.0413076           -0.009904           0.0205773
                  11          -0.0851552           -0.016745           0.0198303
                  12          -0.0178644          -0.0168383           0.0181027
                  13          -0.0132188          -0.0165599           0.0166544
                  14            0.065926           -0.010668           0.0165063
                  15           0.0229824         -0.00842467           0.0155295
                  16            0.036416         -0.00562212           0.0147943
                  17          -0.0082696         -0.00577786           0.0138977
                  18          -0.0566604         -0.00860467           0.0134044
                  19            0.103205         -0.00271996           0.0139783
                  20            0.113366          0.00308434           0.0144756
                  21           0.0467476          0.00516354           0.0139252
                  22          -0.0591168          0.00224171           0.0135948
                  23            0.064874          0.00496485           0.0132727
                  24            0.047022          0.00671723           0.0128279
                  25          -0.0793848          0.00327315            0.012777
                  26           -0.005352          0.00294142           0.0122802
                  27           -0.036248          0.00148996           0.0119055
                  28            0.153598          0.00692237           0.0126936
                  29           -0.050006          0.00495932           0.0124044
                  30           0.0055504          0.00497903           0.0119838
                  31           0.0396176           0.0060964           0.0116445
                  32           0.0188516            0.006495           0.0112818
                  33           0.0545068           0.0079499           0.0110309
                  34           0.0186344          0.00826415           0.0107062
                  35          -0.0762752          0.00584874           0.0106727
                  36           0.0130576          0.00604899           0.0103739
                  37           0.0268956          0.00661241           0.0101054
                  38           0.0343992          0.00734364            0.009863
                  39           0.0506544          0.00845417          0.00967075
                  40          -0.0439844          0.00714321          0.00951661
                  41            0.113733          0.00974296          0.00963881
                  42           0.0013916          0.00954411          0.00940862
                  43            0.012154          0.00960481          0.00918741
                  44           -0.046506          0.00832956          0.00906631
                  45           0.0276528          0.00875897          0.00887294
                  46            0.021696          0.00904021          0.00868247
                  47           -0.110204           0.0065031          0.00886647
                  48          -0.0287984          0.00576765          0.00871089
                  49           -0.010806          0.00542941          0.00853796
                  50          -0.0831156          0.00365851          0.00855085
