                   1            0.422043            0.422043                   0
                   2            0.410011            0.416027          0.00601612
                   3            0.421922            0.417992          0.00399067
                   4            0.423881            0.419464          0.00318277
                   5            0.428543             0.42128          0.00306186
                   6            0.423952            0.421725          0.00253936
                   7            0.427374            0.422532          0.00229286
                   8             0.42074            0.422308          0.00199827
                   9            0.428738            0.423023           0.0019016
                  10            0.429118            0.423632          0.00180675
                  11            0.427024             0.42394           0.0016631
                  12            0.424186            0.423961          0.00151834
                  13            0.432491            0.424617          0.00154313
                  14            0.422354            0.424456          0.00143778
                  15            0.420758            0.424209          0.00136101
                  16            0.424051            0.424199          0.00127315
                  17            0.427243            0.424378          0.00120924
                  18            0.415571            0.423889          0.00124064
                  19            0.434305            0.424437          0.00129527
                  20            0.414091             0.42392          0.00133326
                  21            0.423841            0.423916          0.00126819
                  22              0.4279            0.424097          0.00122265
                  23            0.417998            0.423832          0.00119801
                  24            0.419862            0.423667          0.00115887
                  25            0.439237            0.424289          0.00127415
                  26            0.421192             0.42417          0.00122994
                  27            0.418215             0.42395          0.00120389
                  28            0.421526            0.423863          0.00116332
                  29            0.430217            0.424082          0.00114368
                  30            0.414081            0.423749          0.00115409
                  31            0.412981            0.423402          0.00116903
                  32            0.415732            0.423162          0.00115701
                  33            0.427428            0.423291          0.00112883
                  34            0.428464            0.423443          0.00110565
                  35            0.424089            0.423462          0.00107375
                  36            0.426625             0.42355          0.00104719
                  37             0.41315            0.423269          0.00105656
                  38            0.440266            0.423716          0.00112145
                  39            0.413489            0.423454          0.00112335
                  40            0.426875            0.423539          0.00109824
                  41            0.418542            0.423417          0.00107803
                  42            0.432201            0.423626          0.00107264
                  43            0.414663            0.423418          0.00106794
                  44             0.42227            0.423392          0.00104371
                  45            0.411324            0.423124          0.00105491
                  46            0.423758            0.423137          0.00103182
                  47            0.422191            0.423117          0.00100983
                  48            0.421829            0.423091         0.000988929
                  49            0.420818            0.423044         0.000969647
                  50            0.429688            0.423177         0.000959302
