                   1             58.9937             58.9937                   0
                   2             56.4293             57.7115             1.28221
                   3             57.9905             57.8045            0.746107
                   4             59.0455             58.1147            0.612047
                   5             53.7652             57.2448            0.990703
                   6             58.4835             57.4513            0.834831
                   7             53.7017             56.9156            0.885855
                   8             56.5484             56.8697            0.768544
                   9             52.7299             56.4098            0.819134
                  10             56.3293             56.4017              0.7327
                  11             57.7233             56.5219            0.673554
                  12             55.4243             56.4304            0.621634
                  13             55.6134             56.3675            0.575263
                  14             58.8013             56.5414            0.560243
                  15             58.2241             56.6536            0.533487
                  16              57.059             56.6789            0.499674
                  17             56.8026             56.6862            0.469418
                  18             57.1588             56.7124             0.44335
                  19             55.1513             56.6303             0.42734
                  20             56.4661             56.6221            0.405494
                  21             59.2633             56.7478             0.40569
                  22             51.5867             56.5132            0.452391
                  23             55.8134             56.4828            0.433344
                  24              56.768             56.4947            0.415065
                  25             58.3944             56.5707            0.405304
                  26             56.8799             56.5826            0.389585
                  27             56.0982             56.5646            0.375307
                  28             59.8432             56.6817            0.380137
                  29             54.6685             56.6123            0.373307
                  30             58.4961             56.6751            0.366074
                  31             59.9981             56.7823            0.369939
                  32             58.3319             56.8307             0.36145
                  33             58.1487             56.8707            0.352595
                  34             57.7094             56.8953            0.342956
                  35             57.1852             56.9036            0.333116
                  36             56.7657             56.8998            0.323753
                  37             55.9022             56.8728            0.316034
                  38             57.8577             56.8987            0.308695
                  39             57.4034             56.9117            0.300954
                  40             57.2362             56.9198            0.293446
                  41             54.9583             56.8719             0.29017
                  42             56.4516             56.8619            0.283354
                  43             57.8985              56.886            0.277734
                  44             56.6683             56.8811            0.271393
                  45             56.6691             56.8764            0.265336
                  46             55.9883             56.8571             0.26022
                  47             54.7389              56.812            0.258581
                  48              57.197               56.82            0.253264
                  49              56.374             56.8109            0.248208
                  50             59.3607             56.8619            0.248482
