                   1           -0.967789           -0.967789                   0
                   2           -0.965102           -0.966445          0.00134386
                   3           -0.966625           -0.966505         0.000778192
                   4           -0.968584           -0.967025         0.000756871
                   5           -0.959909           -0.965602          0.00153923
                   6            -0.96686           -0.965811          0.00127413
                   7           -0.959232           -0.964872          0.00142931
                   8            -0.96436           -0.964808          0.00123947
                   9           -0.956811           -0.963919           0.0014087
                  10           -0.963061           -0.963833           0.0012629
                  11           -0.965555            -0.96399          0.00115301
                  12           -0.961736           -0.963802          0.00106917
                  13           -0.961912           -0.963657         0.000994177
                  14            -0.96751           -0.963932           0.0009607
                  15           -0.967295           -0.964156         0.000922032
                  16           -0.965537           -0.964242         0.000866791
                  17           -0.963927           -0.964224         0.000814419
                  18           -0.965247           -0.964281         0.000769944
                  19           -0.962798           -0.964203         0.000732464
                  20           -0.964938           -0.964239         0.000695849
                  21           -0.968607           -0.964447         0.000693796
                  22           -0.957326           -0.964124          0.00073647
                  23           -0.963974           -0.964117         0.000703751
                  24           -0.964471           -0.964132         0.000673952
                  25           -0.965754           -0.964197         0.000649679
                  26           -0.965505           -0.964247         0.000626217
                  27           -0.962665           -0.964188         0.000605421
                  28           -0.970029           -0.964397         0.000619568
                  29           -0.962052           -0.964316         0.000603267
                  30           -0.966815             -0.9644         0.000588733
                  31           -0.969415           -0.964561         0.000591964
                  32           -0.966156           -0.964611         0.000575329
                  33           -0.967064           -0.964685         0.000562554
                  34           -0.966315           -0.964733         0.000547859
                  35            -0.96484           -0.964736         0.000531984
                  36           -0.964159            -0.96472         0.000517244
                  37           -0.963571           -0.964689         0.000504029
                  38           -0.964997           -0.964697         0.000490652
                  39           -0.966243           -0.964737         0.000479546
                  40           -0.965326           -0.964752         0.000467636
                  41           -0.962368           -0.964694         0.000459778
                  42            -0.96362           -0.964668         0.000449424
                  43           -0.965653           -0.964691         0.000439445
                  44           -0.963694           -0.964668         0.000429939
                  45           -0.963972           -0.964653         0.000420561
                  46           -0.962533           -0.964607         0.000413891
                  47           -0.959568             -0.9645         0.000418936
                  48           -0.965079           -0.964512         0.000410293
                  49           -0.963065           -0.964482         0.000402915
                  50           -0.969413           -0.964581         0.000406904
