                   1            0.713746            0.713746                   0
                   2             0.70872            0.711233            0.002513
                   3            0.692707            0.705057          0.00634329
                   4            0.715086            0.707565          0.00513852
                   5            0.613014            0.688654           0.0193246
                   6            0.704575            0.691308               0.016
                   7            0.604944             0.67897            0.018305
                   8            0.638106            0.673862           0.0166553
                   9            0.576089            0.662998           0.0182695
                  10            0.653526            0.662051           0.0163682
                  11            0.677475            0.663453           0.0148718
                  12            0.629302            0.660607           0.0138711
                  13            0.635284            0.658659           0.0129074
                  14            0.682818            0.660385           0.0120739
                  15            0.709211             0.66364            0.011702
                  16            0.712134            0.666671           0.0113581
                  17            0.686371             0.66783           0.0107318
                  18            0.680447            0.668531           0.0101423
                  19            0.666926            0.668446          0.00959404
                  20            0.688945            0.669471          0.00915923
                  21            0.711725            0.671483           0.0089415
                  22             0.62364            0.669309          0.00879838
                  23            0.661276            0.668959          0.00841439
                  24            0.683294            0.669557          0.00807828
                  25            0.665255            0.669385          0.00775032
                  26            0.678024            0.669717          0.00745368
                  27            0.639595            0.668601          0.00725855
                  28            0.731375            0.670843          0.00734503
                  29            0.651035             0.67016          0.00712007
                  30            0.675944            0.670353          0.00688134
                  31            0.740033            0.672601          0.00702497
                  32            0.658839            0.672171          0.00681548
                  33            0.696839            0.672918          0.00664788
                  34            0.707722            0.673942          0.00653013
                  35            0.660819            0.673567          0.00635188
                  36            0.665609            0.673346          0.00617688
                  37            0.670492            0.673269          0.00600811
                  38            0.668274            0.673137          0.00584934
                  39             0.69003             0.67357          0.00571383
                  40            0.689638            0.673972          0.00558362
                  41            0.682366            0.674177          0.00544958
                  42            0.646942            0.673528          0.00535763
                  43            0.680878            0.673699          0.00523434
                  44            0.662881            0.673453           0.0051199
                  45            0.674918            0.673486          0.00500494
                  46            0.635891            0.672669          0.00496269
                  47            0.625619            0.671668          0.00495806
                  48            0.642811            0.671066          0.00489076
                  49            0.614552            0.669913          0.00492681
                  50            0.737354            0.671262          0.00501217
