                   1             0.29458             0.29458                   0
                   2            0.294357            0.294468         0.000111459
                   3            0.291911            0.293616         0.000854677
                   4            0.292461            0.293327         0.000669779
                   5            0.293445            0.293351         0.000519348
                   6            0.293381            0.293356         0.000424076
                   7            0.294449            0.293512         0.000390935
                   8            0.295228            0.293726         0.000400766
                   9            0.291612            0.293491         0.000424429
                  10            0.294687            0.293611         0.000398016
                  11            0.292752            0.293533         0.000368401
                  12            0.293618             0.29354         0.000336377
                  13            0.292464            0.293457         0.000320295
                  14            0.296184            0.293652         0.000354785
                  15            0.292048            0.293545         0.000347159
                  16            0.294213            0.293587         0.000327407
                  17            0.292764            0.293538         0.000311331
                  18            0.291163            0.293406         0.000321818
                  19             0.29505            0.293493         0.000316462
                  20            0.293557            0.293496          0.00030024
                  21            0.296683            0.293648         0.000323395
                  22            0.293759            0.293653         0.000308387
                  23            0.293692            0.293655         0.000294679
                  24            0.293979            0.293668         0.000282456
                  25            0.292192            0.293609         0.000277286
                  26            0.294694            0.293651         0.000269655
                  27            0.294947            0.293699         0.000263878
                  28            0.291981            0.293638         0.000261573
                  29            0.292558              0.2936         0.000255121
                  30            0.289505            0.293464         0.000281753
                  31            0.294194            0.293487         0.000273528
                  32            0.292209            0.293447         0.000267838
                  33             0.29013            0.293347         0.000278377
                  34            0.292824            0.293331         0.000270502
                  35            0.294091            0.293353         0.000263554
                  36            0.290757            0.293281          0.00026609
                  37            0.292858             0.29327         0.000259051
                  38            0.291579            0.293225         0.000256036
                  39            0.294194             0.29325          0.00025062
                  40            0.295704            0.293311         0.000251858
                  41            0.291915            0.293277         0.000247987
                  42            0.292833            0.293267         0.000242241
                  43            0.292538             0.29325         0.000237146
                  44            0.293964            0.293266         0.000232262
                  45            0.293224            0.293265         0.000227044
                  46            0.294105            0.293283         0.000222803
                  47            0.291809            0.293252         0.000220258
                  48            0.292945            0.293246         0.000215715
                  49            0.295688            0.293295         0.000217069
                  50            0.290557            0.293241         0.000219624
