                   1           0.0006332           0.0006332                   0
                   2          -0.0038408          -0.0016038            0.002237
                   3          -0.0052968          -0.0028348          0.00178421
                   4            0.000862          -0.0019106          0.00156392
                   5           0.0084928          0.00017008          0.00240764
                   6            0.002032           0.0004804          0.00199017
                   7          -0.0048148        -0.000276057          0.00184428
                   8           0.0011732           -9.49e-05          0.00160743
                   9          -0.0037292        -0.000498711          0.00147401
                  10          -0.0055252         -0.00100136          0.00141097
                  11          -0.0017268         -0.00106731          0.00127797
                  12           0.0019784          -0.0008135          0.00119391
                  13          -0.0055292         -0.00117625           0.0011566
                  14            0.004398        -0.000778086          0.00114243
                  15          -0.0005168        -0.000760667          0.00106369
                  16            0.000316        -0.000693375         0.000997261
                  17          -0.0005184        -0.000683082          0.00093682
                  18          -0.0063084          -0.0009956         0.000936901
                  19           0.0034292        -0.000762716         0.000916308
                  20           0.0029688         -0.00057614         0.000889083
                  21          -0.0001836        -0.000557448         0.000845894
                  22           0.0006396        -0.000503036         0.000808361
                  23           0.0054008        -0.000246348          0.00081395
                  24          -0.0011096        -0.000282317         0.000780128
                  25            6.88e-05        -0.000268272         0.000748404
                  26            0.004878        -7.03385e-05         0.000745789
                  27          -0.0058248        -0.000283467         0.000748615
                  28          -0.0045668        -0.000436443         0.000737425
                  29          -0.0053272         -0.00060509         0.000731256
                  30            -0.00047        -0.000600587         0.000706474
                  31          -0.0048508         -0.00073769         0.000696924
                  32          -0.0031312        -0.000812488         0.000678926
                  33          -0.0009816        -0.000817612         0.000658051
                  34            0.007346        -0.000577506         0.000682063
                  35          -0.0013448        -0.000599429         0.000662652
                  36          -0.0025988        -0.000654967         0.000646372
                  37            0.007466        -0.000435481         0.000665873
                  38          -0.0042656        -0.000536274         0.000655904
                  39           0.0013484        -0.000487949          0.00064069
                  40           0.0003268         -0.00046758         0.000624799
                  41          -0.0039888        -0.000553463         0.000615392
                  42           0.0053376          -0.0004132         0.000616723
                  43           0.0029312        -0.000335423         0.000607212
                  44           0.0075904        -0.000155291         0.000619996
                  45          -0.0024984         -0.00020736         0.000608294
                  46          -0.0002244         -0.00020773         0.000594923
                  47            -0.00032        -0.000210119         0.000582133
                  48          -0.0043708          -0.0002968          0.00057643
                  49            0.001578        -0.000258539         0.000565839
                  50          -0.0002876         -0.00025912         0.000554407
