                   1           -0.582692           -0.582692                   0
                   2           -0.582895           -0.582794           0.0001016
                   3           -0.581493            -0.58236          0.00043755
                   4           -0.582247           -0.582332         0.000310677
                   5           -0.583892           -0.582644         0.000394057
                   6           -0.583581             -0.5828          0.00035764
                   7           -0.583425           -0.582889         0.000315165
                   8           -0.583181           -0.582926         0.000275363
                   9           -0.582685           -0.582899         0.000244318
                  10            -0.58213           -0.582822         0.000231671
                  11            -0.58225            -0.58277         0.000215919
                  12           -0.582864           -0.582778         0.000197262
                  13           -0.581969           -0.582716         0.000191829
                  14           -0.582505           -0.582701         0.000178236
                  15           -0.583394           -0.582747         0.000172256
                  16           -0.583452           -0.582791         0.000167051
                  17           -0.582136           -0.582752         0.000161576
                  18           -0.582216           -0.582723         0.000155222
                  19           -0.583024           -0.582738          0.00014768
                  20           -0.583437           -0.582773         0.000144388
                  21           -0.581384           -0.582707         0.000152444
                  22           -0.582696           -0.582707         0.000145351
                  23            -0.58288           -0.582714         0.000139092
                  24           -0.582309           -0.582697         0.000134237
                  25            -0.58359           -0.582733         0.000133611
                  26           -0.583449           -0.582761         0.000131289
                  27           -0.582434           -0.582748         0.000126911
                  28           -0.582361           -0.582735         0.000123076
                  29           -0.583328           -0.582755         0.000120506
                  30           -0.582548           -0.582748         0.000116625
                  31           -0.582212           -0.582731         0.000114118
                  32           -0.582332           -0.582718         0.000111195
                  33           -0.581845           -0.582692         0.000110976
                  34           -0.583662            -0.58272         0.000111376
                  35            -0.58318           -0.582734         0.000108941
                  36           -0.583227           -0.582747         0.000106756
                  37           -0.582188           -0.582732         0.000104925
                  38           -0.581788           -0.582707         0.000105106
                  39           -0.583429           -0.582726         0.000104033
                  40            -0.58199           -0.582707         0.000103056
                  41           -0.583259           -0.582721         0.000101408
                  42           -0.582908           -0.582725         9.90645e-05
                  43           -0.581893           -0.582706         9.86517e-05
                  44           -0.582665           -0.582705         9.63881e-05
                  45           -0.583251           -0.582717         9.50003e-05
                  46           -0.581776           -0.582697         9.51382e-05
                  47           -0.583597           -0.582716         9.50415e-05
                  48           -0.583069           -0.582723         9.33305e-05
                  49           -0.582614           -0.582721         9.14333e-05
                  50           -0.582862           -0.582724         8.96301e-05
