                   1             0.29654             0.29654                   0
                   2            0.296871            0.296706         0.000165151
                   3            0.295824            0.296412         0.000308975
                   4            0.296738            0.296493         0.000233243
                   5            0.296894            0.296573         0.000197631
                   6            0.295589            0.296409         0.000230092
                   7            0.298052            0.296644         0.000304739
                   8             0.29907            0.296947         0.000402032
                   9            0.294861            0.296716         0.000423611
                  10            0.297689            0.296813         0.000391197
                  11            0.296311            0.296767         0.000356779
                  12            0.299185            0.296969         0.000382986
                  13            0.293282            0.296685          0.00045225
                  14            0.298778            0.296835         0.000444594
                  15            0.295565             0.29675         0.000422461
                  16            0.296605            0.296741          0.00039528
                  17            0.295108            0.296645         0.000383522
                  18            0.293541            0.296472         0.000400598
                  19            0.297812            0.296543         0.000385433
                  20            0.297559            0.296594         0.000369169
                  21             0.29936            0.296726         0.000375044
                  22            0.295725             0.29668         0.000360474
                  23            0.297534            0.296717          0.00034644
                  24            0.297483            0.296749         0.000333221
                  25            0.295858            0.296713         0.000321598
                  26            0.297613            0.296748         0.000310913
                  27            0.298219            0.296802         0.000304094
                  28            0.294839            0.296732         0.000301306
                  29            0.296806            0.296735         0.000290742
                  30            0.290921            0.296541         0.000341251
                  31            0.295819            0.296518         0.000330881
                  32               0.295             0.29647         0.000323864
                  33            0.292966            0.296364          0.00033137
                  34            0.295149            0.296328         0.000323455
                  35            0.298294            0.296385         0.000319058
                  36            0.294388            0.296329         0.000314988
                  37            0.296621            0.296337         0.000306458
                  38             0.29452            0.296289         0.000302095
                  39            0.297371            0.296317         0.000295552
                  40            0.298652            0.296375         0.000293922
                  41            0.294776            0.296336         0.000289306
                  42            0.296483             0.29634         0.000282355
                  43            0.296114            0.296335         0.000275761
                  44            0.297692            0.296365          0.00027118
                  45            0.297018             0.29638         0.000265482
                  46            0.297994            0.296415         0.000262007
                  47            0.295425            0.296394         0.000257234
                  48            0.295394            0.296373         0.000252678
                  49            0.298981            0.296426         0.000253128
                  50            0.293127             0.29636          0.00025664
