                   1             2.53587             2.53587                   0
                   2              2.5172             2.52653           0.0093352
                   3             2.52903             2.52737           0.0054538
                   4             2.50428             2.52159          0.00694153
                   5             2.59547             2.53637           0.0157239
                   6              2.5441             2.53766            0.012903
                   7             2.55136             2.53962           0.0110792
                   8             2.52874             2.53826          0.00969071
                   9             2.51889              2.5361          0.00881306
                  10             2.54303              2.5368            0.007913
                  11             2.51033             2.53439          0.00755126
                  12             2.54363             2.53516           0.0069362
                  13             2.49144              2.5318           0.0072123
                  14             2.50022             2.52954          0.00704791
                  15             2.48645             2.52667          0.00716262
                  16             2.54428             2.52777          0.00678978
                  17             2.52073             2.52736          0.00639133
                  18             2.50257             2.52598          0.00618114
                  19             2.59799             2.52977           0.0069677
                  20             2.53251             2.52991          0.00661157
                  21             2.51013             2.52896            0.006359
                  22             2.51549             2.52835          0.00609391
                  23             2.54643             2.52914          0.00587572
                  24             2.55477             2.53021           0.0057261
                  25             2.55218             2.53108          0.00556218
                  26             2.55808             2.53212          0.00544386
                  27             2.56834             2.53346          0.00540739
                  28             2.55577             2.53426          0.00527125
                  29                2.51             2.53342           0.0051546
                  30             2.52612             2.53318          0.00498577
                  31              2.5453             2.53357          0.00483807
                  32             2.52545             2.53332          0.00469131
                  33             2.47263             2.53148          0.00490477
                  34             2.49903             2.53052          0.00485312
                  35             2.55651             2.53127          0.00477056
                  36             2.53261              2.5313           0.0046363
                  37             2.52615             2.53116          0.00451141
                  38             2.47744             2.52975          0.00461308
                  39             2.52794              2.5297          0.00449348
                  40             2.54617             2.53012            0.004399
                  41             2.52456             2.52998          0.00429251
                  42              2.5189             2.52972          0.00419736
                  43             2.50498             2.52914          0.00413877
                  44               2.548             2.52957          0.00406627
                  45             2.51353             2.52921          0.00399083
                  46             2.50463             2.52868          0.00393954
                  47              2.5675             2.52951          0.00394229
                  48             2.53785             2.52968           0.0038632
                  49             2.48866             2.52884          0.00387504
                  50             2.52806             2.52883          0.00379678
