                   1             2.61027             2.61027                   0
                   2             2.59195             2.60111           0.0091632
                   3             2.59353             2.59858          0.00586243
                   4             2.57829             2.59351          0.00655103
                   5             2.65553             2.60592           0.0134027
                   6             2.64055             2.61169            0.012372
                   7             2.63213             2.61461           0.0108565
                   8             2.58994             2.61152          0.00989484
                   9             2.58614              2.6087          0.00917085
                  10             2.59808             2.60764          0.00827119
                  11             2.56328             2.60361          0.00849925
                  12             2.64087             2.60671          0.00835695
                  13             2.57015              2.6039          0.00818558
                  14             2.59221             2.60307          0.00762424
                  15             2.55336             2.59975          0.00783331
                  16             2.63518             2.60197          0.00765472
                  17             2.60316             2.60204           0.0071907
                  18             2.57775             2.60069           0.0069124
                  19             2.66319             2.60398          0.00731949
                  20             2.60947             2.60425          0.00694931
                  21             2.58111             2.60315          0.00670137
                  22              2.5974             2.60289          0.00639485
                  23             2.65022             2.60495          0.00644777
                  24             2.62552              2.6058          0.00623252
                  25             2.62869             2.60672          0.00604773
                  26             2.63591             2.60784          0.00591797
                  27             2.64535             2.60923          0.00586153
                  28             2.59783             2.60882          0.00566295
                  29             2.60018             2.60853          0.00547231
                  30             2.57446             2.60739          0.00540734
                  31             2.60986             2.60747          0.00523061
                  32             2.59669             2.60713           0.0050757
                  33             2.54831             2.60535          0.00523245
                  34             2.59587             2.60507          0.00508387
                  35               2.632             2.60584          0.00499606
                  36             2.59724              2.6056          0.00486118
                  37             2.62142             2.60603          0.00474727
                  38             2.53933             2.60427          0.00494285
                  39              2.6448             2.60531          0.00492531
                  40             2.60975             2.60542          0.00480188
                  41             2.57852             2.60477          0.00472905
                  42             2.61991             2.60513          0.00462913
                  43             2.59757             2.60495          0.00452361
                  44             2.65366             2.60606          0.00455613
                  45             2.60766              2.6061          0.00445388
                  46             2.56899             2.60529          0.00443004
                  47             2.64511             2.60614           0.0044168
                  48             2.62632             2.60656          0.00434421
                  49             2.55477              2.6055          0.00438395
                  50              2.5754              2.6049          0.00433737
