                   1           -0.584231           -0.584231                   0
                   2           -0.584622           -0.584426         0.000195632
                   3           -0.583313           -0.584055         0.000387782
                   4           -0.583791           -0.583989         0.000282032
                   5           -0.585725           -0.584336          0.00041017
                   6           -0.585216           -0.584483         0.000365571
                   7           -0.585039           -0.584562         0.000319016
                   8           -0.584792           -0.584591         0.000277762
                   9           -0.584266           -0.584555         0.000247619
                  10           -0.583344           -0.584434         0.000252433
                  11           -0.582998           -0.584303            0.000263
                  12           -0.585037           -0.584364         0.000247743
                  13           -0.583087           -0.584266         0.000248166
                  14           -0.584133           -0.584257         0.000229955
                  15           -0.584794           -0.584293         0.000217052
                  16           -0.585133           -0.584345         0.000209713
                  17           -0.584145           -0.584333         0.000197342
                  18           -0.583076           -0.584263         0.000198736
                  19           -0.584899           -0.584297         0.000190942
                  20           -0.585141           -0.584339         0.000185999
                  21           -0.583431           -0.584296         0.000182126
                  22            -0.58447           -0.584304         0.000173831
                  23           -0.585078           -0.584337          0.00016948
                  24           -0.584114           -0.584328         0.000162531
                  25           -0.585229           -0.584364         0.000160008
                  26           -0.585648           -0.584414          0.00016146
                  27           -0.583591           -0.584383         0.000158321
                  28           -0.583942           -0.584367         0.000153373
                  29           -0.584671           -0.584378          0.00014836
                  30           -0.584252           -0.584374         0.000143391
                  31           -0.583853           -0.584357         0.000139701
                  32           -0.583339           -0.584325         0.000138953
                  33           -0.583668           -0.584305         0.000136142
                  34           -0.585772           -0.584348         0.000138946
                  35           -0.584619           -0.584356         0.000135139
                  36           -0.584691           -0.584365         0.000131661
                  37           -0.584002           -0.584356          0.00012843
                  38           -0.583189           -0.584325          0.00012872
                  39           -0.585541           -0.584356         0.000129196
                  40           -0.583462           -0.584334         0.000127893
                  41           -0.584765           -0.584344         0.000125177
                  42           -0.584956           -0.584359         0.000123026
                  43           -0.583868           -0.584347         0.000120671
                  44           -0.584883            -0.58436         0.000118525
                  45           -0.584907           -0.584372         0.000116497
                  46           -0.583444           -0.584352         0.000115706
                  47           -0.585198            -0.58437         0.000114642
                  48           -0.584733           -0.584377         0.000112484
                  49            -0.58431           -0.584376         0.000110173
                  50           -0.584141           -0.584371         0.000108049
