                   1           0.0524912           0.0524912                   0
                   2           0.0478544           0.0501728           0.0023184
                   3           0.0453076           0.0485511          0.00210278
                   4           0.0493664           0.0487549           0.0015008
                   5           0.0590528           0.0508145          0.00236502
                   6           0.0533532           0.0512376          0.00197684
                   7           0.0463996           0.0505465          0.00180805
                   8           0.0511604           0.0506232          0.00156769
                   9           0.0467636           0.0501944          0.00144756
                  10           0.0427092           0.0494458          0.00149553
                  11            0.048034           0.0493175          0.00135883
                  12           0.0536808           0.0496811          0.00129263
                  13           0.0431648           0.0491798          0.00129039
                  14           0.0535916            0.049495          0.00123553
                  15             0.04926           0.0494793          0.00115032
                  16           0.0509492           0.0495712          0.00107994
                  17           0.0503256           0.0496156           0.0010154
                  18           0.0449176           0.0493546         0.000992267
                  19           0.0528088           0.0495364         0.000956036
                  20           0.0525068           0.0496849         0.000919056
                  21             0.05036            0.049717         0.000874787
                  22           0.0520296           0.0498221         0.000840675
                  23           0.0553112           0.0500608         0.000837995
                  24           0.0477984           0.0499665         0.000807838
                  25            0.051908           0.0500442         0.000778732
                  26           0.0555764            0.050257          0.00077785
                  27            0.043566           0.0500092         0.000788444
                  28             0.04438           0.0498081         0.000785912
                  29           0.0460752           0.0496794         0.000769175
                  30           0.0499352           0.0496879         0.000743142
                  31            0.046456           0.0495837         0.000726292
                  32           0.0445192           0.0494254         0.000720818
                  33            0.050908           0.0494703         0.000700077
                  34           0.0570872           0.0496944         0.000715168
                  35           0.0493888           0.0496856         0.000694489
                  36           0.0492012           0.0496722         0.000675056
                  37            0.055762           0.0498368         0.000676874
                  38           0.0449228           0.0497074         0.000671392
                  39            0.052176           0.0497707         0.000657006
                  40           0.0515464           0.0498151         0.000641907
                  41           0.0470948           0.0497488         0.000629561
                  42           0.0565592           0.0499109         0.000635427
                  43           0.0530548            0.049984         0.000624766
                  44           0.0576924           0.0501592         0.000635045
                  45           0.0482868           0.0501176         0.000622165
                  46           0.0497376           0.0501094         0.000608546
                  47            0.050796            0.050124         0.000595636
                  48           0.0466256           0.0500511         0.000587633
                  49           0.0513376           0.0500773         0.000576114
                  50           0.0503364           0.0500825         0.000564498
