                   1             1.71624             1.71624                   0
                   2             1.69821             1.70723          0.00901511
                   3             1.73473              1.7164           0.0105433
                   4             1.71594             1.71628          0.00745614
                   5             1.73736              1.7205          0.00715101
                   6             1.74073             1.72387          0.00674294
                   7             1.73074             1.72485          0.00578281
                   8             1.71564              1.7237          0.00513889
                   9             1.73812              1.7253          0.00480698
                  10             1.71259             1.72403          0.00448361
                  11             1.71012             1.72277          0.00424818
                  12             1.75777             1.72568          0.00485274
                  13             1.69403             1.72325          0.00508482
                  14             1.68645             1.72062          0.00539183
                  15             1.70845             1.71981          0.00508465
                  16             1.72203             1.71995          0.00475828
                  17              1.7243              1.7202          0.00447695
                  18             1.69965             1.71906          0.00437264
                  19             1.72375             1.71931          0.00414345
                  20             1.71773             1.71923          0.00393162
                  21             1.71767             1.71915          0.00374046
                  22             1.69527             1.71807          0.00372803
                  23             1.72833             1.71852           0.0035901
                  24             1.69989             1.71774          0.00352377
                  25             1.73393             1.71839          0.00344139
                  26             1.72524             1.71865          0.00331689
                  27             1.72191             1.71877          0.00319396
                  28             1.73419             1.71932          0.00312666
                  29             1.72245             1.71943          0.00301884
                  30             1.69637             1.71866          0.00301611
                  31             1.72924               1.719          0.00293709
                  32             1.73079             1.71937          0.00286759
                  33             1.69977             1.71878          0.00284206
                  34             1.71915             1.71879          0.00275723
                  35             1.72887             1.71908          0.00269274
                  36             1.72113             1.71913          0.00261749
                  37             1.71848             1.71912          0.00254583
                  38             1.67719             1.71801           0.0027124
                  39             1.72978             1.71831          0.00265912
                  40             1.72396             1.71845          0.00259563
                  41             1.71642             1.71841          0.00253201
                  42             1.70239             1.71802          0.00250026
                  43              1.7158             1.71797          0.00244197
                  44             1.72341              1.7181          0.00238903
                  45             1.72707              1.7183          0.00234384
                  46             1.70343             1.71797          0.00231498
                  47             1.72342             1.71809          0.00226815
                  48             1.71256             1.71797          0.00222338
                  49             1.70272             1.71766          0.00219967
                  50             1.71569             1.71762          0.00215558
