                   1            0.229639            0.229639                   0
                   2            0.232618            0.231129          0.00148957
                   3            0.231238            0.231165         0.000860778
                   4            0.231936            0.231358          0.00063843
                   5            0.230432            0.231173         0.000528037
                   6            0.231995             0.23131         0.000452394
                   7            0.233073            0.231562         0.000457892
                   8            0.231976            0.231614         0.000399916
                   9            0.230906            0.231535         0.000361337
                  10            0.231715            0.231553         0.000323688
                  11             0.23138            0.231537         0.000293208
                  12            0.230186            0.231425         0.000290381
                  13            0.229215            0.231255         0.000316604
                  14            0.233108            0.231387         0.000321634
                  15             0.23154            0.231397         0.000299597
                  16            0.231368            0.231395         0.000280253
                  17            0.229065            0.231258         0.000296807
                  18            0.229055            0.231136         0.000305423
                  19            0.231155            0.231137         0.000288903
                  20            0.231547            0.231157         0.000274845
                  21            0.234184            0.231302         0.000298528
                  22            0.232827            0.231371         0.000292962
                  23            0.230467            0.231332         0.000282682
                  24            0.231681            0.231346         0.000271038
                  25            0.230615            0.231317         0.000261612
                  26            0.232225            0.231352         0.000253762
                  27            0.231436            0.231355         0.000244202
                  28            0.229687            0.231295         0.000242738
                  29            0.230605            0.231272         0.000235425
                  30            0.230354            0.231241          0.00022949
                  31            0.230626            0.231221         0.000222848
                  32            0.232232            0.231253         0.000218072
                  33            0.229763            0.231208         0.000216129
                  34             0.23291            0.231258         0.000215571
                  35             0.23122            0.231257         0.000209324
                  36            0.231196            0.231255         0.000203433
                  37            0.231895            0.231272         0.000198613
                  38            0.230928            0.231263         0.000193527
                  39            0.230796            0.231251          0.00018888
                  40            0.232543            0.231283         0.000186907
                  41            0.231361            0.231285         0.000182301
                  42             0.23137            0.231287         0.000177919
                  43            0.231664            0.231296         0.000173954
                  44            0.230608             0.23128         0.000170672
                  45            0.232763            0.231313          0.00017006
                  46            0.231694            0.231322         0.000166527
                  47            0.231079            0.231317         0.000163028
                  48            0.232082            0.231332          0.00016039
                  49            0.231536            0.231337         0.000157138
                  50            0.231368            0.231337         0.000153964
