                   1             0.22923             0.22923                   0
                   2            0.230487            0.229859         0.000628311
                   3            0.229356            0.229691         0.000399569
                   4            0.230244            0.229829         0.000314516
                   5            0.229169            0.229697         0.000277082
                   6            0.230335            0.229804         0.000249975
                   7            0.231213            0.230005         0.000291856
                   8            0.229824            0.229982         0.000253764
                   9            0.230366            0.230025          0.00022782
                  10            0.229915            0.230014         0.000204066
                  11            0.229653            0.229981         0.000187476
                  12            0.229043            0.229903         0.000188148
                  13            0.227971            0.229754         0.000228148
                  14            0.231073            0.229849         0.000231257
                  15            0.230786            0.229911         0.000224178
                  16             0.23064            0.229957         0.000214589
                  17            0.227188            0.229794         0.000259135
                  18            0.226623            0.229618         0.000301194
                  19            0.229069            0.229589         0.000286358
                  20            0.230162            0.229617          0.00027317
                  21            0.232963            0.229777         0.000304783
                  22            0.231342            0.229848         0.000299186
                  23            0.228234            0.229778          0.00029437
                  24            0.230444            0.229806         0.000283201
                  25            0.229636            0.229799         0.000271721
                  26            0.230509            0.229826         0.000262486
                  27            0.230886            0.229865         0.000255609
                  28            0.228367            0.229812         0.000252054
                  29            0.228377            0.229762         0.000248186
                  30            0.229239            0.229745         0.000240405
                  31            0.229783            0.229746         0.000232524
                  32            0.229988            0.229754         0.000225267
                  33            0.228117            0.229704         0.000223895
                  34            0.231436            0.229755         0.000223106
                  35            0.229056            0.229735         0.000217556
                  36            0.229615            0.229732         0.000211453
                  37            0.230597            0.229755         0.000206985
                  38             0.22988            0.229758         0.000201492
                  39            0.230259            0.229771         0.000196676
                  40            0.230519             0.22979         0.000192606
                  41            0.230114            0.229798         0.000188016
                  42            0.229848            0.229799         0.000183489
                  43            0.230527            0.229816          0.00017997
                  44            0.229427            0.229807         0.000176054
                  45            0.230936            0.229832         0.000173916
                  46            0.229823            0.229832         0.000170093
                  47            0.229673            0.229829         0.000166469
                  48            0.230198            0.229836         0.000163145
                  49            0.229379            0.229827         0.000160054
                  50            0.230486             0.22984         0.000157372
