                   1           -0.505041           -0.505041                   0
                   2           -0.505929           -0.505485         0.000444192
                   3           -0.505472           -0.505481         0.000256492
                   4           -0.505966           -0.505602         0.000218257
                   5           -0.506155           -0.505713         0.000201976
                   6           -0.506525           -0.505848         0.000213388
                   7           -0.505485           -0.505796         0.000187648
                   8           -0.506086           -0.505832         0.000166492
                   9           -0.506937           -0.505955         0.000191381
                  10           -0.505103            -0.50587         0.000191231
                  11           -0.505607           -0.505846         0.000174626
                  12           -0.505405           -0.505809         0.000163588
                  13           -0.504718           -0.505725         0.000172314
                  14           -0.505512            -0.50571         0.000160261
                  15           -0.506741           -0.505779          0.00016427
                  16           -0.506005           -0.505793         0.000154311
                  17           -0.505586           -0.505781         0.000145459
                  18           -0.505159           -0.505746         0.000141419
                  19           -0.505569           -0.505737         0.000134095
                  20           -0.506611           -0.505781         0.000134515
                  21           -0.504663           -0.505727         0.000138573
                  22           -0.505435           -0.505714          0.00013279
                  23           -0.506988            -0.50577         0.000138454
                  24           -0.505225           -0.505747         0.000134488
                  25           -0.507278           -0.505808         0.000142799
                  26           -0.506758           -0.505845          0.00014198
                  27           -0.505113           -0.505818          0.00013928
                  28           -0.504989           -0.505788         0.000137434
                  29           -0.506998            -0.50583         0.000139017
                  30           -0.505226            -0.50581         0.000135803
                  31           -0.505952           -0.505814         0.000131429
                  32           -0.505333           -0.505799         0.000128142
                  33           -0.504694           -0.505766         0.000128638
                  34           -0.506168           -0.505777         0.000125356
                  35           -0.505465           -0.505769         0.000122049
                  36           -0.506334           -0.505784         0.000119647
                  37           -0.505519           -0.505777          0.00011659
                  38           -0.504544           -0.505745         0.000118028
                  39           -0.506178           -0.505756         0.000115499
                  40           -0.505124            -0.50574         0.000113676
                  41           -0.505889           -0.505744         0.000110928
                  42           -0.506223           -0.505755         0.000108856
                  43           -0.505496           -0.505749         0.000106465
                  44           -0.506309           -0.505762         0.000104793
                  45           -0.506035           -0.505768         0.000102617
                  46           -0.505792           -0.505768         0.000100363
                  47           -0.506603           -0.505786         9.97984e-05
                  48           -0.505287           -0.505776         9.82493e-05
                  49            -0.50537           -0.505767         9.65793e-05
                  50           -0.505545           -0.505763         9.47328e-05
