                   1           -0.504162           -0.504162                   0
                   2           -0.504908           -0.504535           0.0003728
                   3            -0.50433           -0.504467         0.000225884
                   4           -0.504942           -0.504585         0.000199021
                   5           -0.504766           -0.504622         0.000158354
                   6           -0.505346           -0.504742         0.000176855
                   7           -0.504679           -0.504733         0.000149741
                   8           -0.504716           -0.504731         0.000129698
                   9           -0.506037           -0.504876         0.000184746
                  10           -0.504195           -0.504808         0.000178723
                  11           -0.504614            -0.50479         0.000162625
                  12           -0.504402           -0.504758          0.00015195
                  13            -0.50422           -0.504717         0.000145772
                  14           -0.504044           -0.504669         0.000143255
                  15           -0.505738            -0.50474         0.000151237
                  16            -0.50501           -0.504757          0.00014247
                  17           -0.504637            -0.50475         0.000134013
                  18           -0.504173           -0.504718          0.00013035
                  19           -0.504419           -0.504702         0.000124295
                  20           -0.505566           -0.504745         0.000125589
                  21           -0.503498           -0.504686         0.000133416
                  22           -0.504598           -0.504682          0.00012727
                  23           -0.505526           -0.504718         0.000127035
                  24           -0.504443           -0.504707         0.000122166
                  25            -0.50615           -0.504765         0.000130629
                  26           -0.505672             -0.5048         0.000130265
                  27           -0.504022           -0.504771         0.000128618
                  28           -0.503689           -0.504732         0.000129824
                  29           -0.505602           -0.504762         0.000128811
                  30           -0.504383            -0.50475         0.000125083
                  31           -0.504894           -0.504754          0.00012107
                  32           -0.503975            -0.50473         0.000119726
                  33           -0.503598           -0.504696         0.000121001
                  34            -0.50487           -0.504701         0.000117501
                  35           -0.504274           -0.504689         0.000114742
                  36           -0.505322           -0.504706         0.000112891
                  37           -0.504339           -0.504696         0.000110245
                  38           -0.503502           -0.504665         0.000111815
                  39           -0.504819           -0.504669         0.000108982
                  40           -0.504524           -0.504665         0.000106284
                  41           -0.504602           -0.504664          0.00010367
                  42           -0.504907           -0.504669         0.000101338
                  43           -0.504153           -0.504657           9.968e-05
                  44           -0.505038           -0.504666         9.77708e-05
                  45            -0.50503           -0.504674         9.59159e-05
                  46            -0.50453           -0.504671         9.38596e-05
                  47           -0.505295           -0.504684         9.27962e-05
                  48           -0.504625           -0.504683         9.08508e-05
                  49            -0.50447           -0.504679         8.90831e-05
                  50            -0.50437           -0.504673         8.75019e-05
