                   1             1.69586             1.69586                   0
                   2             1.67174              1.6838           0.0120607
                   3             1.71012             1.69257           0.0112012
                   4             1.68725             1.69124          0.00803139
                   5             1.70696             1.69438          0.00697083
                   6             1.70375             1.69595            0.005902
                   7             1.70018             1.69655          0.00502464
                   8             1.68967             1.69569          0.00443565
                   9             1.71363             1.69768          0.00439057
                  10             1.68816             1.69673           0.0040409
                  11             1.66879             1.69419          0.00445108
                  12             1.72418             1.69669          0.00477046
                  13             1.67421             1.69496          0.00471662
                  14             1.65356               1.692          0.00527398
                  15             1.68467             1.69152           0.0049341
                  16             1.69254             1.69158          0.00461587
                  17             1.69384             1.69171           0.0043379
                  18             1.66785             1.69039          0.00429924
                  19             1.69013             1.69037           0.0040667
                  20             1.68214             1.68996          0.00387992
                  21             1.69039             1.68998           0.0036906
                  22             1.67763             1.68942          0.00356338
                  23             1.69323             1.68959          0.00340895
                  24             1.67927             1.68916          0.00329199
                  25             1.70516              1.6898          0.00322179
                  26             1.69228             1.68989          0.00309687
                  27             1.69769             1.69018          0.00299393
                  28             1.70427             1.69068          0.00292859
                  29             1.67886             1.69028          0.00285505
                  30             1.67038             1.68961          0.00283686
                  31             1.71092              1.6903          0.00282863
                  32             1.70148             1.69065          0.00276101
                  33             1.66783             1.68996          0.00276393
                  34             1.67479             1.68951          0.00271827
                  35             1.69742             1.68974          0.00264913
                  36              1.6915             1.68979          0.00257496
                  37             1.68335             1.68961          0.00251043
                  38             1.65751             1.68877          0.00258535
                  39             1.69488             1.68892          0.00252306
                  40              1.7092             1.68943          0.00251086
                  41             1.68891             1.68942          0.00244889
                  42             1.67552             1.68909          0.00241268
                  43             1.67591             1.68878          0.00237574
                  44             1.68343             1.68866          0.00232431
                  45              1.7005             1.68892          0.00228726
                  46             1.68213             1.68878          0.00224186
                  47             1.70137             1.68904          0.00220994
                  48             1.69013             1.68907          0.00216353
                  49             1.67433             1.68877          0.00214015
                  50             1.67681             1.68853          0.00211049
