                   1           0.0344468           0.0344468                   0
                   2            0.031026           0.0327364           0.0017104
                   3              0.0314           0.0322909          0.00108333
                   4           0.0332012           0.0325185         0.000799115
                   5            0.036896            0.033394          0.00107222
                   6           0.0330196           0.0333316         0.000877683
                   7            0.030822           0.0329731         0.000823873
                   8           0.0352956           0.0332634         0.000770297
                   9             0.03222           0.0331475         0.000689159
                  10           0.0298144           0.0328142         0.000700747
                  11           0.0346056            0.032977         0.000654437
                  12           0.0345416           0.0331074         0.000611478
                  13           0.0290544           0.0327956         0.000643103
                  14           0.0372164           0.0331114          0.00067395
                  15           0.0327804           0.0330893         0.000627801
                  16            0.032818           0.0330724         0.000587499
                  17           0.0331052           0.0330743         0.000551863
                  18           0.0352092           0.0331929         0.000533648
                  19           0.0353948           0.0333088         0.000517913
                  20           0.0329204           0.0332894         0.000491719
                  21            0.033758           0.0333117          0.00046825
                  22           0.0328032           0.0332886         0.000447057
                  23           0.0379424           0.0334909         0.000472676
                  24           0.0308072           0.0333791         0.000466163
                  25           0.0353448           0.0334577         0.000453989
                  26           0.0365864           0.0335781         0.000452473
                  27            0.030698           0.0334714         0.000448268
                  28           0.0327128           0.0334443         0.000432811
                  29           0.0355288           0.0335162          0.00042376
                  30           0.0320936           0.0334688         0.000412129
                  31           0.0312708           0.0333979         0.000404869
                  32           0.0333548           0.0333965         0.000392015
                  33           0.0352772           0.0334535         0.000384201
                  34           0.0398752           0.0336424         0.000417852
                  35               0.034           0.0336526         0.000405866
                  36           0.0327124           0.0336265         0.000395295
                  37           0.0368948           0.0337148          0.00039448
                  38           0.0301576           0.0336212         0.000395205
                  39           0.0362008           0.0336873          0.00039058
                  40           0.0337796           0.0336896         0.000380697
                  41           0.0327756           0.0336674         0.000371964
                  42           0.0375332           0.0337594         0.000374488
                  43            0.035812           0.0338071         0.000368778
                  44           0.0388096           0.0339208         0.000377811
                  45           0.0314544            0.033866         0.000373365
                  46           0.0346192           0.0338824         0.000365525
                  47            0.031928           0.0338408         0.000360072
                  48           0.0321392           0.0338054         0.000354269
                  49           0.0333284           0.0337956           0.0003471
                  50           0.0365528           0.0338508         0.000344529
