                   1           0.0011516           0.0011516                   0
                   2          -0.0030456           -0.000947           0.0020986
                   3          -0.0038064         -0.00190013          0.00154159
                   4          -0.0005124          -0.0015532          0.00114395
                   5            0.004074         -0.00042776           0.0014324
                   6          -0.0004336        -0.000428733          0.00116955
                   7          -0.0031324        -0.000814971          0.00106124
                   8           0.0018456          -0.0004824         0.000977379
                   9           -0.001892        -0.000639022         0.000876081
                  10          -0.0037004         -0.00094516          0.00084127
                  11           0.0013852        -0.000733309         0.000789896
                  12           0.0010024        -0.000588667         0.000735438
                  13           -0.004516        -0.000890769         0.000740894
                  14           0.0031604          -0.0006014         0.000744473
                  15          -0.0001704        -0.000572667         0.000693662
                  16          -0.0003696        -0.000559975         0.000648986
                  17          -0.0004316        -0.000552424         0.000609663
                  18           0.0005624        -0.000490489         0.000578123
                  19           0.0007212        -0.000426716         0.000550555
                  20          -0.0006968         -0.00044022         0.000522477
                  21          -0.0004584        -0.000441086         0.000496976
                  22          -0.0007932        -0.000457091         0.000474118
                  23            0.004052        -0.000261043         0.000493635
                  24          -0.0028176        -0.000367567         0.000484476
                  25           0.0019336         -0.00027552         0.000473721
                  26           0.0029288        -0.000152277         0.000471528
                  27          -0.0028624        -0.000252652         0.000464698
                  28          -0.0011912        -0.000286171         0.000449047
                  29           0.0008064        -0.000248497         0.000434921
                  30          -0.0017584        -0.000298827         0.000423177
                  31          -0.0028296        -0.000380465         0.000417361
                  32           0.0001684        -0.000363312         0.000404472
                  33            0.000532        -0.000336182         0.000392961
                  34           0.0058256        -0.000154953         0.000422112
                  35          -0.0005856        -0.000167257         0.000410059
                  36          -0.0011452        -0.000194422         0.000399431
                  37           0.0031616        -0.000103719         0.000398933
                  38           -0.004044        -0.000207411           0.0004019
                  39           0.0016148        -0.000160687         0.000394238
                  40          -0.0012004         -0.00018668         0.000385134
                  41          -0.0016584        -0.000222576         0.000377334
                  42            0.004272        -0.000115562         0.000383475
                  43           0.0029868         -4.3414e-05         0.000381338
                  44            0.004894            6.88e-05         0.000389102
                  45          -0.0015924         3.18844e-05         0.000382144
                  46           0.0019588         7.37739e-05         0.000376085
                  47          -0.0012852         4.48596e-05          0.00036913
                  48          -0.0020972         2.33333e-07         0.000364103
                  49          -0.0003076        -6.04898e-06         0.000356651
                  50           0.0023788          4.1648e-05         0.000352685
