0   -0.433946   0
1   -0.443242   0.00929612
2   -0.446285   0.00616964
3   -0.444571   0.00468722
4   -0.446629   0.00417357
5   -0.447995   0.00367109
6   -0.447375   0.00316389
7   -0.447216   0.00274465
8   -0.447069   0.00242497
9   -0.447883   0.00231669
10   -0.447175   0.00221213
11   -0.447256   0.00202101
12   -0.446691   0.00194286
13   -0.446089   0.00189699
14   -0.446504   0.00181424
15   -0.446131   0.00173764
16   -0.446084   0.0016329
17   -0.446103   0.00153963
18   -0.446209   0.00146018
19   -0.446521   0.00141994
20   -0.446733   0.00136728
21   -0.446553   0.00131605
22   -0.446119   0.00133044
23   -0.445924   0.00128867
24   -0.445966   0.00123676
25   -0.446335   0.00124443
26   -0.446419   0.00120038
27   -0.446679   0.00118555
28   -0.446781   0.00114844
29   -0.446763   0.00110964
30   -0.44617   0.00122634
31   -0.446257   0.00119057
32   -0.446279   0.00115415
33   -0.446463   0.00113464
34   -0.4459   0.00123736
35   -0.445662   0.0012257
36   -0.445569   0.00119576
37   -0.445773   0.00118167
38   -0.44581   0.00115156
39   -0.445638   0.00113555
40   -0.446019   0.00117121
41   -0.445988   0.0011434
42   -0.445813   0.00113017
43   -0.446029   0.00112524
44   -0.44606   0.00110037
45   -0.446067   0.00107621
46   -0.446135   0.00105523
47   -0.446295   0.00104532
48   -0.446381   0.00102742
49   -0.446384   0.00100666
50   -0.446354   0.000987194
51   -0.446324   0.000968469
52   -0.446487   0.00096391
53   -0.446427   0.000947806
54   -0.44634   0.000934517
55   -0.446156   0.000935763
56   -0.4463   0.000930396
57   -0.446196   0.000920104
58   -0.44633   0.000914196
59   -0.446293   0.000899591
60   -0.446367   0.000887794
61   -0.446516   0.000886009
62   -0.4465   0.000871974
63   -0.446311   0.000878855
64   -0.446302   0.000865273
65   -0.446213   0.000856689
66   -0.446242   0.0008443
67   -0.446279   0.000832598
68   -0.446314   0.000821196
69   -0.44616   0.000823831
70   -0.446131   0.000812681
71   -0.446012   0.000810084
72   -0.445969   0.000800062
73   -0.445853   0.000797618
74   -0.445826   0.000787404
75   -0.445864   0.000777934
76   -0.445792   0.000771164
77   -0.445558   0.000796292
78   -0.445546   0.000786236
79   -0.445462   0.000780891
80   -0.445218   0.000808811
81   -0.445182   0.000799706
82   -0.445106   0.000793722
83   -0.445037   0.000787196
84   -0.444934   0.000784696
85   -0.444906   0.000776009
86   -0.445041   0.000778696
87   -0.445065   0.000770181
88   -0.444978   0.000766391
89   -0.444815   0.000775121
90   -0.444758   0.000768719
91   -0.444767   0.000760369
92   -0.444678   0.00075737
93   -0.44454   0.0007618
94   -0.444503   0.000754674
95   -0.444456   0.000748222
96   -0.444529   0.000744018
97   -0.444544   0.000736549
98   -0.444567   0.000729412
99   -0.444532   0.000722888
