-3 0
-2.94 0
-2.88 0
-2.82 1
-2.76 1
-2.7 1
-2.64 1
-2.58 0
-2.52 8
-2.46 8
-2.4 47
-2.34 71
-2.28 96
-2.22 112
-2.16 230
-2.1 310
-2.04 420
-1.98 674
-1.92 985
-1.86 1399
-1.8 2053
-1.74 2474
-1.68 3472
-1.62 4529
-1.56 5633
-1.5 7061
-1.44 8866
-1.38 10381
-1.32 12292
-1.26 14421
-1.2 16193
-1.14 18201
-1.08 19986
-1.02 21633
-0.96 22616
-0.9 24062
-0.84 24763
-0.78 25193
-0.72 24999
-0.66 24388
-0.6 24457
-0.54 22613
-0.48 22071
-0.42 21223
-0.36 20543
-0.3 19320
-0.24 18852
-0.18 17877
-0.12 17431
-0.06 17655
0 16923
0.06 17556
0.12 17626
0.18 18527
0.24 19343
0.3 19859
0.36 21101
0.42 22319
0.48 23466
0.54 24109
0.6 24662
0.66 25180
0.72 24914
0.78 24607
0.84 24243
0.9 23353
0.96 21505
1.02 19921
1.08 18263
1.14 16276
1.2 14436
1.26 12550
1.32 10568
1.38 8716
1.44 7394
1.5 5787
1.56 4581
1.62 3514
1.68 2393
1.74 1958
1.8 1313
1.86 1086
1.92 817
1.98 507
2.04 392
2.1 208
2.16 130
2.22 134
2.28 55
2.34 28
2.4 27
2.46 24
2.52 0
2.58 2
2.64 1
2.7 0
2.76 2
2.82 0
2.88 0
2.94 0
