0 0 0
0.0230664 0 0
0.0461329 0 0
0.0691993 0 0
0.0922657 0 0
0.115332 0 0
0.138399 0 0
0.161465 0 0
0.184531 0 0
0.207598 0 0
0.230664 0 0
0.253731 0 0
0.276797 0 0
0.299864 0 0
0.32293 0 0
0.345996 0 0
0.369063 0 0
0.392129 0 0
0.415196 0 0
0.438262 0 0
0.461329 0 0
0.484395 0 0
0.507461 0 0
0.530528 0 0
0.553594 0 0
0.576661 0 0
0.599727 0 0
0.622794 0 0
0.64586 0 0
0.668926 0 0
0.691993 0 0
0.715059 0 0
0.738126 0 0
0.761192 0 0
0.784259 0 0
0.807325 0 0
0.830391 0 0
0.853458 0 0
0.876524 0 0
0.899591 0.00559674 0.00132574
0.922657 0.0559885 0.00497275
0.945724 0.368274 0.01263
0.96879 1.2818 0.033347
0.991856 2.9371 0.0425507
1.01492 4.78568 0.0262454
1.03799 6.20146 0.0331773
1.06106 6.59293 0.0435288
1.08412 6.1443 0.0600611
1.10719 4.91125 0.055722
1.13026 3.63383 0.0183639
1.15332 2.38596 0.0184482
1.17639 1.4955 0.0225452
1.19945 0.848935 0.0162243
1.22252 0.452199 0.0165102
1.24559 0.222019 0.00808647
1.26865 0.0973354 0.00631316
1.29172 0.0516107 0.00473846
1.31479 0.0427879 0.00400552
1.33785 0.0622616 0.00508537
1.36092 0.125142 0.00720373
1.38399 0.234324 0.00714831
1.40705 0.390539 0.00889467
1.43012 0.587762 0.0079801
1.45319 0.825813 0.00604272
1.47625 1.07451 0.0100204
1.49932 1.25259 0.0104521
1.52238 1.35507 0.0233137
1.54545 1.28229 0.0173327
1.56852 1.1097 0.0171714
1.59158 0.859146 0.00651557
1.61465 0.605602 0.00993005
1.63772 0.406063 0.00876052
1.66078 0.266818 0.00954594
1.68385 0.22453 0.0107851
1.70692 0.30555 0.0141297
1.72998 0.543443 0.0185447
1.75305 0.966266 0.0221535
1.77612 1.56637 0.023074
1.79918 2.29177 0.0147509
1.82225 2.99057 0.0149497
1.84531 3.51962 0.0345842
1.86838 3.71136 0.0604882
1.89145 3.49078 0.0401548
1.91451 2.94678 0.0200604
1.93758 2.28456 0.0179859
1.96065 1.58033 0.0142404
1.98371 1.02105 0.019785
2.00678 0.677989 0.0235018
2.02985 0.535183 0.0184275
2.05291 0.577274 0.0176355
2.07598 0.755726 0.0116041
2.09905 0.998792 0.00517338
2.12211 1.24291 0.00966754
2.14518 1.37959 0.0183888
2.16824 1.39884 0.0193455
2.19131 1.24209 0.0145972
2.21438 1.0399 0.00508738
2.23744 0.85365 0.00975067
2.26051 0.727602 0.0162047
2.28358 0.713418 0.0188172
0 0 0
0.0230664 0 0
0.0461329 0 0
0.0691993 0 0
0.0922657 0 0
0.115332 0 0
0.138399 0 0
0.161465 0 0
0.184531 0 0
0.207598 0 0
0.230664 0 0
0.253731 0 0
0.276797 0 0
0.299864 0 0
0.32293 0 0
0.345996 0 0
0.369063 0 0
0.392129 0 0
0.415196 0 0
0.438262 0 0
0.461329 0 0
0.484395 0 0
0.507461 0 0
0.530528 0 0
0.553594 0 0
0.576661 0 0
0.599727 0 0
0.622794 0 0
0.64586 0 0
0.668926 0 0
0.691993 0 0
0.715059 0 0
0.738126 0 0
0.761192 0 0
0.784259 0 0
0.807325 0 0
0.830391 0 0
0.853458 0 0
0.876524 0.000108006 1.20054e-05
0.899591 0.00450957 7.74738e-05
0.922657 0.0632248 0.000320377
0.945724 0.390265 0.00101593
0.96879 1.34034 0.00185718
0.991856 2.98435 0.00236203
1.01492 4.83414 0.00204349
1.03799 6.16018 0.00220766
1.06106 6.53212 0.00331661
1.08412 5.99221 0.00338174
1.10719 4.87819 0.00285414
1.13026 3.59424 0.00192432
1.15332 2.42035 0.00122227
1.17639 1.50543 0.00120744
1.19945 0.871052 0.00122452
1.22252 0.471063 0.000957516
1.24559 0.23908 0.000776498
1.26865 0.118516 0.000572478
1.29172 0.0653538 0.000440362
1.31479 0.0558706 0.000398837
1.33785 0.0803925 0.000457902
1.36092 0.141002 0.000501724
1.38399 0.24379 0.000640337
1.40705 0.399434 0.000653283
1.43012 0.604837 0.000630503
1.45319 0.837648 0.00061195
1.47625 1.06256 0.000819173
1.49932 1.23036 0.00109696
1.52238 1.29628 0.00133963
1.54545 1.24119 0.00121613
1.56852 1.07903 0.000958037
1.59158 0.854243 0.000646438
1.61465 0.619716 0.00051456
1.63772 0.422067 0.000623069
1.66078 0.291974 0.000730121
1.68385 0.25507 0.000879838
1.70692 0.338776 0.00104596
1.72998 0.577245 0.00118024
1.75305 0.998059 0.00127443
1.77612 1.597 0.0010115
1.79918 2.30259 0.000758038
1.82225 2.98251 0.00117048
1.84531 3.46389 0.00194808
1.86838 3.62001 0.00240977
1.89145 3.41255 0.00214229
1.91451 2.90882 0.00158875
1.93758 2.25323 0.000939944
1.96065 1.59994 0.00083068
1.98371 1.06854 0.00112641
2.00678 0.722497 0.00127308
2.02985 0.577236 0.00122562
2.05291 0.61369 0.00102681
2.07598 0.782487 0.000766054
2.09905 1.01043 0.00048463
2.12211 1.22341 0.000575139
2.14518 1.35317 0.000918633
2.16824 1.36342 0.000895732
2.19131 1.22685 0.000712377
2.21438 1.04097 0.000485847
2.23744 0.871323 0.000645464
2.26051 0.760663 0.00104874
2.28358 0.762527 0.00122793
