1 -7.57423 -7.57423 0
2 -7.5382 -7.55621 0.0127375
3 -7.5276 -7.54667 0.0115217
1 -7.69676 -7.69676 0
2 -7.52894 -7.61285 0.0593316
3 -7.58584 -7.60385 0.0402316
4 -7.55699 -7.59213 0.0318337
5 -7.55038 -7.58378 0.0265393
6 -7.58367 -7.58376 0.0221161
7 -7.61646 -7.58843 0.0194437
8 -7.55439 -7.58418 0.0174727
9 -7.52718 -7.57784 0.0166397
10 -7.54141 -7.5742 0.0153694
1 -7.57776 -7.57776 0
2 -7.54527 -7.56152 0.0114877
3 -7.54715 -7.55673 0.00859939
4 -7.55098 -7.55529 0.00656837
5 -7.5369 -7.55161 0.00619927
6 -7.56088 -7.55316 0.00535489
7 -7.54849 -7.55249 0.00463128
8 -7.57298 -7.55505 0.00470755
9 -7.56837 -7.55653 0.00441097
10 -7.53853 -7.55473 0.00432169
11 -7.54891 -7.5542 0.00396111
12 -7.52329 -7.55163 0.00438953
13 -7.5627 -7.55248 0.00413366
14 -7.55533 -7.55268 0.00384342
15 -7.5587 -7.55308 0.00360808
16 -7.53771 -7.55212 0.00350814
17 -7.52856 -7.55073 0.00356514
18 -7.54453 -7.55039 0.0033837
19 -7.54838 -7.55028 0.00320725
20 -7.5652 -7.55103 0.00313238
21 -7.56158 -7.55153 0.00302324
22 -7.55924 -7.55188 0.00290604
23 -7.55898 -7.55219 0.00279603
24 -7.5415 -7.55175 0.00271479
25 -7.52911 -7.55084 0.00275301
26 -7.53995 -7.55042 0.00267881
27 -7.54916 -7.55038 0.00258001
28 -7.54435 -7.55016 0.00249682
29 -7.53167 -7.54952 0.0024908
30 -7.54968 -7.54953 0.00240777
31 -7.5568 -7.54976 0.00234149
32 -7.56317 -7.55018 0.00230552
33 -7.55995 -7.55048 0.00225458
34 -7.55294 -7.55055 0.00218943
35 -7.54339 -7.55035 0.00213641
36 -7.5499 -7.55033 0.0020771
37 -7.55494 -7.55046 0.00202469
38 -7.52322 -7.54974 0.00209443
39 -7.56069 -7.55002 0.00205945
40 -7.52969 -7.54951 0.00206975
41 -7.55769 -7.54971 0.00202886
42 -7.53679 -7.5494 0.00200375
43 -7.52843 -7.54892 0.00201566
44 -7.56758 -7.54934 0.002014
45 -7.54543 -7.54925 0.00197112
46 -7.55888 -7.54946 0.00193934
47 -7.55322 -7.54954 0.00189973
48 -7.53762 -7.54929 0.00187631
49 -7.55687 -7.54945 0.00184438
50 -7.52802 -7.54902 0.00185663
51 -7.56573 -7.54935 0.00184891
52 -7.54398 -7.54924 0.00181623
53 -7.54883 -7.54924 0.00178198
54 -7.52687 -7.54882 0.00179648
55 -7.56184 -7.54906 0.00177933
56 -7.53591 -7.54882 0.00176299
57 -7.56284 -7.54907 0.00174912
58 -7.55751 -7.54922 0.00172501
59 -7.55751 -7.54936 0.00170149
60 -7.56052 -7.54954 0.00168327
61 -7.54131 -7.54941 0.00166109
62 -7.55612 -7.54952 0.00163782
63 -7.53474 -7.54928 0.00162854
64 -7.56122 -7.54947 0.00161374
65 -7.5529 -7.54952 0.00158978
66 -7.54809 -7.5495 0.00156584
67 -7.54333 -7.54941 0.00154518
68 -7.54536 -7.54935 0.0015236
69 -7.5451 -7.54929 0.00150276
70 -7.53749 -7.54912 0.00149071
71 -7.5487 -7.54911 0.00146973
72 -7.5439 -7.54904 0.0014511
73 -7.55241 -7.54909 0.00143196
74 -7.55189 -7.54912 0.00141311
75 -7.54737 -7.5491 0.00139446
76 -7.54231 -7.54901 0.00137897
77 -7.56779 -7.54925 0.00138247
78 -7.52935 -7.549 0.00138811
79 -7.53984 -7.54888 0.00137537
80 -7.55538 -7.54896 0.00136057
81 -7.53534 -7.5488 0.00135414
82 -7.54402 -7.54874 0.00133888
83 -7.55236 -7.54878 0.00132346
84 -7.54365 -7.54872 0.00130911
85 -7.54165 -7.54864 0.00129635
86 -7.52571 -7.54837 0.00130841
87 -7.54223 -7.5483 0.00129527
88 -7.54191 -7.54823 0.00128259
89 -7.55922 -7.54835 0.0012741
90 -7.53252 -7.54818 0.00127204
91 -7.55662 -7.54827 0.00126144
92 -7.54202 -7.5482 0.00124956
93 -7.55121 -7.54823 0.00123654
94 -7.54033 -7.54815 0.00122624
95 -7.52555 -7.54791 0.00123619
96 -7.55843 -7.54802 0.00122816
97 -7.55713 -7.54811 0.00121908
98 -7.5586 -7.54822 0.00121133
99 -7.56691 -7.54841 0.00121371
100 -7.52776 -7.5482 0.00121902
101 -7.55958 -7.54832 0.00121214
102 -7.54438 -7.54828 0.00120087
103 -7.54684 -7.54826 0.00118929
104 -7.55825 -7.54836 0.00118173
105 -7.5283 -7.54817 0.00118581
106 -7.5138 -7.54784 0.00121815
107 -7.53618 -7.54774 0.00121163
108 -7.55984 -7.54785 0.00120558
109 -7.5393 -7.54777 0.00119707
110 -7.54626 -7.54776 0.00118627
111 -7.54445 -7.54773 0.00117595
112 -7.55736 -7.54781 0.00116859
113 -7.53657 -7.54771 0.00116248
114 -7.5476 -7.54771 0.00115228
115 -7.55545 -7.54778 0.00114423
116 -7.54804 -7.54778 0.00113436
117 -7.53544 -7.54767 0.00112956
118 -7.54407 -7.54764 0.0011204
119 -7.55069 -7.54767 0.00111128
120 -7.57246 -7.54788 0.00112106
121 -7.54948 -7.54789 0.00111188
122 -7.57204 -7.54809 0.00112024
123 -7.53748 -7.548 0.00111445
124 -7.55058 -7.54802 0.00110566
125 -7.5429 -7.54798 0.00109757
126 -7.52253 -7.54778 0.0011073
127 -7.5348 -7.54768 0.00110329
128 -7.54853 -7.54768 0.00109469
129 -7.53234 -7.54756 0.00109265
130 -7.55879 -7.54765 0.00108765
131 -7.52127 -7.54745 0.00109783
132 -7.55821 -7.54753 0.00109254
133 -7.5499 -7.54755 0.00108447
134 -7.53898 -7.54749 0.00107826
135 -7.53493 -7.54739 0.00107428
136 -7.538 -7.54732 0.00106859
137 -7.56359 -7.54744 0.00106737
138 -7.55058 -7.54746 0.00105988
139 -7.54421 -7.54744 0.00105251
140 -7.56094 -7.54754 0.0010494
141 -7.54489 -7.54752 0.00104213
142 -7.55366 -7.54756 0.00103569
143 -7.51536 -7.54734 0.00105264
144 -7.51691 -7.54713 0.00106633
145 -7.5291 -7.547 0.0010662
146 -7.5474 -7.547 0.0010589
147 -7.57093 -7.54717 0.00106413
148 -7.5373 -7.5471 0.00105902
149 -7.54452 -7.54708 0.00105206
150 -7.55466 -7.54713 0.00104626
151 -7.55324 -7.54717 0.00104011
152 -7.57393 -7.54735 0.00104806
153 -7.54605 -7.54734 0.00104124
154 -7.55815 -7.54741 0.00103684
155 -7.5583 -7.54748 0.00103253
156 -7.54343 -7.54746 0.00102624
157 -7.53716 -7.54739 0.0010218
158 -7.53748 -7.54733 0.00101725
159 -7.55051 -7.54735 0.00101105
160 -7.54386 -7.54733 0.00100497
161 -7.54844 -7.54733 0.000998747
162 -7.57428 -7.5475 0.00100634
163 -7.54039 -7.54746 0.00100111
164 -7.55491 -7.5475 0.000996036
165 -7.55215 -7.54753 0.000990398
166 -7.53369 -7.54745 0.000987933
167 -7.54641 -7.54744 0.000982037
168 -7.5476 -7.54744 0.000976191
169 -7.54162 -7.54741 0.000971023
170 -7.52378 -7.54727 0.000975207
171 -7.54837 -7.54727 0.000969526
172 -7.54306 -7.54725 0.000964198
173 -7.54547 -7.54724 0.00095868
174 -7.54897 -7.54725 0.000953222
175 -7.52594 -7.54713 0.000955522
176 -7.54648 -7.54712 0.0009501
177 -7.5481 -7.54713 0.000944748
178 -7.54521 -7.54712 0.000939502
179 -7.54724 -7.54712 0.000934254
180 -7.5637 -7.54721 0.000933594
181 -7.5604 -7.54728 0.000931276
182 -7.54428 -7.54727 0.000926306
183 -7.54974 -7.54728 0.000921342
184 -7.54531 -7.54727 0.000916398
185 -7.56 -7.54734 0.000914026
186 -7.54488 -7.54733 0.000909207
187 -7.5315 -7.54724 0.000908274
188 -7.54105 -7.54721 0.000904039
189 -7.54678 -7.54721 0.000899259
190 -7.52584 -7.54709 0.000901527
191 -7.5585 -7.54715 0.000898782
192 -7.55128 -7.54717 0.000894357
193 -7.54103 -7.54714 0.000890289
194 -7.54671 -7.54714 0.000885702
195 -7.53076 -7.54706 0.000885133
196 -7.55816 -7.54711 0.000882426
197 -7.57547 -7.54726 0.000889606
198 -7.53928 -7.54722 0.000886024
199 -7.54884 -7.54722 0.000881609
200 -7.55727 -7.54728 0.000878631
