1 7.44302 7.44302 0
2 7.63048 7.53675 0.0662782
3 7.70352 7.59234 0.0633439
1 6.77237 6.77237 0
2 7.68979 7.23108 0.324357
3 7.39042 7.2842 0.220544
4 7.54156 7.34854 0.174541
5 7.56193 7.39122 0.144757
6 7.38847 7.39076 0.120631
7 7.20715 7.36453 0.106212
8 7.5425 7.38678 0.0952366
9 7.70714 7.42237 0.0910644
10 7.63037 7.44317 0.0843
1 7.42457 7.42457 0
2 7.59444 7.5095 0.0600582
3 7.59433 7.53778 0.0462179
4 7.57073 7.54602 0.0353901
5 7.64186 7.56519 0.0330991
6 7.51465 7.55676 0.0286344
7 7.5874 7.56114 0.0248759
8 7.44272 7.54634 0.025797
9 7.47272 7.53816 0.0241926
10 7.63685 7.54803 0.023701
11 7.57977 7.55091 0.0217214
12 7.72306 7.56526 0.024189
13 7.50225 7.56041 0.0228088
14 7.55098 7.55974 0.0211896
15 7.53235 7.55791 0.0198554
16 7.64245 7.5632 0.0193047
17 7.68974 7.57064 0.0195516
18 7.60043 7.57229 0.0185354
19 7.57917 7.57266 0.0175634
20 7.48972 7.56851 0.0171678
21 7.51407 7.56592 0.0165448
22 7.51668 7.56368 0.0159434
23 7.52319 7.56192 0.0153471
24 7.61749 7.56423 0.0148813
25 7.68661 7.56913 0.0150697
26 7.63 7.57147 0.0146708
27 7.58151 7.57184 0.0141322
28 7.60722 7.57311 0.0136838
29 7.6681 7.57638 0.0135984
30 7.58 7.5765 0.0131456
31 7.53279 7.57509 0.012797
32 7.49794 7.57268 0.0126221
33 7.51968 7.57107 0.0123414
34 7.55518 7.57061 0.0119873
35 7.61147 7.57178 0.0117015
36 7.57116 7.57176 0.0113764
37 7.55014 7.57117 0.011084
38 7.72705 7.57528 0.0115264
39 7.51712 7.57378 0.0113269
40 7.69089 7.57671 0.0114158
41 7.5381 7.57577 0.0111761
42 7.65504 7.57766 0.0110682
43 7.69432 7.58037 0.0111384
44 7.4808 7.57811 0.0111128
45 7.59563 7.5785 0.0108726
46 7.52662 7.57737 0.0106946
47 7.55879 7.57697 0.0104744
48 7.64175 7.57832 0.0103427
49 7.53264 7.57739 0.0101736
50 7.69843 7.57981 0.0102541
51 7.48748 7.578 0.0102116
52 7.60339 7.57849 0.0100269
53 7.57695 7.57846 0.00983775
54 7.70582 7.58082 0.00993427
55 7.51122 7.57955 0.00983392
56 7.65464 7.5809 0.00974929
57 7.50585 7.57958 0.00966673
58 7.52871 7.5787 0.00953977
59 7.52837 7.57785 0.00941613
60 7.51759 7.57684 0.0093126
61 7.61586 7.57748 0.00918187
62 7.53881 7.57686 0.00905494
63 7.65717 7.57813 0.00900049
64 7.51345 7.57712 0.00891643
65 7.55982 7.57686 0.00878323
66 7.59387 7.57712 0.00865393
67 7.61249 7.57764 0.00854086
68 7.59883 7.57795 0.00842094
69 7.60317 7.57832 0.00830682
70 7.64495 7.57927 0.00824251
71 7.58514 7.57935 0.00812684
72 7.60806 7.57975 0.00802373
73 7.55699 7.57944 0.00791988
74 7.56575 7.57926 0.00781501
75 7.58976 7.5794 0.00771207
76 7.61614 7.57988 0.00762573
77 7.47687 7.57854 0.00764314
78 7.68439 7.5799 0.00766468
79 7.62993 7.58053 0.00759377
80 7.54314 7.58007 0.00751322
81 7.65398 7.58098 0.00747567
82 7.61553 7.5814 0.00739637
83 7.56125 7.58116 0.00731124
84 7.60937 7.58149 0.00723191
85 7.62224 7.58197 0.0071627
86 7.70562 7.58341 0.00722228
87 7.61237 7.58374 0.00714693
88 7.62268 7.58418 0.0070794
89 7.52702 7.58354 0.00702894
90 7.67376 7.58455 0.00702194
91 7.54295 7.58409 0.00695964
92 7.61414 7.58441 0.00689165
93 7.56619 7.58422 0.00682034
94 7.62876 7.58469 0.00676422
95 7.70445 7.58595 0.00680946
96 7.52643 7.58533 0.00676669
97 7.53507 7.58481 0.00671675
98 7.52861 7.58424 0.00667265
99 7.47981 7.58319 0.0066881
100 7.69678 7.58432 0.006717
101 7.5217 7.5837 0.00667905
102 7.60455 7.58391 0.0066167
103 7.58919 7.58396 0.00655266
104 7.52847 7.58342 0.00651133
105 7.69735 7.58451 0.00653909
106 7.77488 7.58631 0.0067195
107 7.64883 7.58689 0.00668205
108 7.52357 7.5863 0.00664585
109 7.63463 7.58675 0.00659965
110 7.59165 7.58679 0.0065398
111 7.60322 7.58694 0.00648256
112 7.53556 7.58648 0.00644089
113 7.64794 7.58702 0.00640681
114 7.59254 7.58707 0.0063508
115 7.53711 7.58664 0.00631041
116 7.58128 7.58659 0.00625618
117 7.65452 7.58717 0.00622959
118 7.60521 7.58733 0.00617868
119 7.57177 7.5872 0.00612814
120 7.44786 7.58603 0.0061861
121 7.57687 7.58596 0.00613544
122 7.4525 7.58486 0.00618189
123 7.64783 7.58538 0.00615279
124 7.56784 7.58523 0.0061048
125 7.61279 7.58546 0.00605994
126 7.72419 7.58656 0.00611106
127 7.66058 7.58714 0.00609067
128 7.58809 7.58715 0.00604309
129 7.66981 7.58779 0.00603012
130 7.52569 7.58731 0.00600263
131 7.73077 7.5884 0.00605588
132 7.52834 7.58795 0.00602708
133 7.58101 7.5879 0.00598199
134 7.63588 7.58826 0.00594805
135 7.6581 7.58877 0.00592645
136 7.64281 7.58917 0.00589618
137 7.50248 7.58854 0.005887
138 7.56971 7.5884 0.00584592
139 7.60708 7.58854 0.0058054
140 7.51687 7.58802 0.00578646
141 7.60518 7.58815 0.0057467
142 7.55776 7.58793 0.00571021
143 7.76498 7.58917 0.00580295
144 7.75626 7.59033 0.00587752
145 7.68713 7.591 0.00587478
146 7.59055 7.59099 0.00583454
147 7.45752 7.59009 0.00586508
148 7.64491 7.59046 0.00583713
149 7.60605 7.59056 0.0057989
150 7.54894 7.59028 0.00576687
151 7.55744 7.59007 0.00573278
152 7.44309 7.5891 0.00577604
153 7.5946 7.58914 0.0057384
154 7.5311 7.58876 0.0057135
155 7.52454 7.58834 0.00569164
156 7.60851 7.58847 0.00565662
157 7.64985 7.58886 0.00563408
158 7.64223 7.5892 0.00560854
159 7.57592 7.58912 0.00557389
160 7.60929 7.58924 0.00554048
161 7.58629 7.58923 0.00550609
162 7.43876 7.5883 0.00554989
163 7.62534 7.58852 0.00552049
164 7.55119 7.5883 0.00549152
165 7.56221 7.58814 0.00546052
166 7.66011 7.58857 0.00544481
167 7.59184 7.58859 0.00541224
168 7.59225 7.58861 0.00538007
169 7.62553 7.58883 0.00535267
170 7.72489 7.58963 0.00538068
171 7.58892 7.58963 0.00534922
172 7.61626 7.58978 0.00532036
173 7.60055 7.58985 0.00528997
174 7.58427 7.58981 0.00525967
175 7.70483 7.59047 0.00527051
176 7.59337 7.59049 0.00524059
177 7.58959 7.59048 0.00521098
178 7.59991 7.59054 0.00518198
179 7.59566 7.59056 0.00515311
180 7.49957 7.59006 0.00514922
181 7.52276 7.58969 0.00513417
182 7.60907 7.58979 0.00510707
183 7.57906 7.58973 0.0050795
184 7.6016 7.5898 0.0050523
185 7.52319 7.58944 0.00503781
186 7.60622 7.58953 0.00501153
187 7.67421 7.58998 0.00500515
188 7.62735 7.59018 0.00498247
189 7.59228 7.59019 0.00495612
190 7.70516 7.5908 0.00496684
191 7.53127 7.59049 0.0049506
192 7.56931 7.59037 0.00492604
193 7.62429 7.59055 0.00490365
194 7.5898 7.59055 0.00487838
195 7.68303 7.59102 0.00487636
196 7.52771 7.5907 0.00486217
197 7.43055 7.58989 0.00490497
198 7.63504 7.59011 0.0048855
199 7.58984 7.59011 0.00486095
200 7.53598 7.58984 0.00484417
