0 0 0
0.064633 0 0
0.129266 0 0
0.193899 0 0
0.258532 0 0
0.323165 0 0
0.387798 0 0
0.452431 0 0
0.517064 0 0
0.581697 0 0
0.64633 0 0
0.710963 0 0
0.775596 0 0
0.84023 0.00319297 0.00231353
0.904863 0.19583 0.00875566
0.969496 1.49826 0.0509225
1.03413 2.64121 0.0731417
1.09876 3.1629 0.0665175
1.16339 2.67383 0.0275433
1.22803 2.4262 0.0617387
1.29266 2.13645 0.0343901
1.35729 1.9452 0.0309809
1.42193 1.75978 0.0250126
1.48656 1.66882 0.0337584
1.55119 1.57394 0.0164318
1.61583 1.50664 0.02295
1.68046 1.49435 0.0187713
1.74509 1.42172 0.019711
1.80973 1.42978 0.0186303
1.87436 1.43668 0.0196629
1.93899 1.40034 0.0267155
2.00362 1.36668 0.0164216
2.06826 1.42042 0.0187634
2.13289 1.41535 0.0215968
2.19752 1.38891 0.0212506
2.26216 1.3762 0.0163121
2.32679 1.38213 0.0227945
2.39142 1.36725 0.0185582
2.45606 1.3867 0.0139343
2.52069 1.36719 0.0156609
2.58532 1.35109 0.0195274
2.64995 1.35411 0.0122618
2.71459 1.35375 0.0192626
2.77922 1.34645 0.0125165
2.84385 1.35909 0.0208958
2.90849 1.3121 0.00697589
2.97312 1.33933 0.0141881
3.03775 1.33707 0.016164
3.10239 1.34358 0.00964279
3.16702 1.33011 0.0102249
3.23165 1.33058 0.0124205
3.29629 1.32945 0.00894041
3.36092 1.33516 0.0108559
3.42555 1.31688 0.00637937
3.49018 1.32369 0.00740377
3.55482 1.31672 0.00727501
3.61945 1.32679 0.0112295
3.68408 1.31001 0.0133215
3.74872 1.31579 0.00808094
3.81335 1.3262 0.0134301
3.87798 1.34562 0.01168
3.94262 1.32485 0.00767308
4.00725 1.32419 0.0116674
4.07188 1.33219 0.0168232
4.13651 1.32447 0.00758707
4.20115 1.32403 0.00919497
4.26578 1.31617 0.00888462
4.33041 1.32164 0.0113374
4.39505 1.32459 0.00897691
4.45968 1.33197 0.00915244
4.52431 1.31413 0.00583725
4.58895 1.32429 0.00786259
4.65358 1.31551 0.00587824
4.71821 1.31288 0.00578989
4.78285 1.33215 0.00824024
4.84748 1.32253 0.00776479
4.91211 1.30462 0.00950643
4.97674 1.32155 0.00873898
5.04138 1.3144 0.00760966
5.10601 1.31671 0.00660818
5.17064 1.31737 0.00605881
5.23528 1.32817 0.0115514
5.29991 1.32998 0.00896084
5.36454 1.30856 0.00784978
5.42918 1.31556 0.00912215
5.49381 1.30631 0.0058989
5.55844 1.31338 0.00598619
5.62307 1.31739 0.00677965
5.68771 1.31629 0.00475931
5.75234 1.32293 0.00873719
5.81697 1.3067 0.00689747
5.88161 1.32268 0.00505114
5.94624 1.32148 0.0070353
6.01087 1.31946 0.00431155
6.07551 1.31709 0.00613003
6.14014 1.32353 0.00799778
6.20477 1.3092 0.00515843
6.2694 1.31201 0.00666141
6.33404 1.32586 0.00651286
6.39867 1.31033 0.00490792
0 0 0
0.064633 0 0
0.129266 0 0
0.193899 0 0
0.258532 0 0
0.323165 0 0
0.387798 0 0
0.452431 0 0
0.517064 0 0
0.581697 0 0
0.64633 0 0
0.710963 0 0
0.775596 0 0
0.84023 0.00111355 8.46472e-05
0.904863 0.197885 0.000949701
0.969496 1.42235 0.00315001
1.03413 2.7147 0.00520599
1.09876 3.02696 0.0053865
1.16339 2.77868 0.00448509
1.22803 2.4474 0.00400775
1.29266 2.15417 0.00349441
1.35729 1.93577 0.00276227
1.42193 1.78009 0.00237877
1.48656 1.66598 0.00233969
1.55119 1.57994 0.0022557
1.61583 1.52508 0.00192961
1.68046 1.48024 0.00187006
1.74509 1.45166 0.00169904
1.80973 1.43327 0.00157333
1.87436 1.42297 0.0015989
1.93899 1.41485 0.00147788
2.00362 1.40881 0.00141331
2.06826 1.40833 0.00146538
2.13289 1.40367 0.00129368
2.19752 1.39641 0.0014272
2.26216 1.38917 0.0012499
2.32679 1.38486 0.00123659
2.39142 1.37698 0.00130991
2.45606 1.36904 0.00122016
2.52069 1.36244 0.00119715
2.58532 1.35887 0.00107636
2.64995 1.34967 0.00113937
2.71459 1.34638 0.00106369
2.77922 1.34441 0.00103837
2.84385 1.33898 0.00103525
2.90849 1.33865 0.000862814
2.97312 1.33773 0.000970364
3.03775 1.33267 0.000913986
3.10239 1.33361 0.000904381
3.16702 1.32951 0.000918002
3.23165 1.32863 0.000853462
3.29629 1.32735 0.000823489
3.36092 1.32559 0.000839554
3.42555 1.3262 0.000839254
3.49018 1.32528 0.000800892
3.55482 1.32213 0.000807471
3.61945 1.32295 0.000744725
3.68408 1.3233 0.000794712
3.74872 1.3211 0.000752651
3.81335 1.32007 0.000722451
3.87798 1.32027 0.00072085
3.94262 1.31916 0.000716559
4.00725 1.31876 0.000680675
4.07188 1.31924 0.000763865
4.13651 1.3198 0.000679793
4.20115 1.31798 0.000556736
4.26578 1.31815 0.000635079
4.33041 1.3175 0.000611928
4.39505 1.31725 0.000642318
4.45968 1.31553 0.000659279
4.52431 1.31688 0.000574058
4.58895 1.31604 0.000567734
4.65358 1.3169 0.000586424
4.71821 1.31677 0.000578187
4.78285 1.31532 0.000538398
4.84748 1.31647 0.000578409
4.91211 1.31575 0.00055206
4.97674 1.31543 0.000548749
5.04138 1.31557 0.000581228
5.10601 1.31463 0.000508486
5.17064 1.3159 0.000514242
5.23528 1.31594 0.000499517
5.29991 1.31482 0.000500007
5.36454 1.3151 0.000533966
5.42918 1.31577 0.000508063
5.49381 1.31451 0.000469533
5.55844 1.31521 0.000506024
5.62307 1.31476 0.000487046
5.68771 1.31441 0.000493692
5.75234 1.31465 0.000434078
5.81697 1.3152 0.000435013
5.88161 1.31449 0.000482928
5.94624 1.31415 0.000432869
6.01087 1.31448 0.000442328
6.07551 1.31504 0.000449321
6.14014 1.31428 0.000407612
6.20477 1.3141 0.000428592
6.2694 1.31473 0.000427594
6.33404 1.31478 0.000476133
6.39867 1.31436 0.000459451
