1 0.0502397 0.0502397 0
2 0.0471211 0.0486804 0.00110257
3 0.0481112 0.0484907 0.000751198
4 0.0509694 0.0491104 0.000778088
5 0.0503705 0.0493624 0.000662032
6 0.0504751 0.0495478 0.000577084
7 0.0497376 0.0495749 0.00049528
8 0.0499145 0.0496174 0.000435184
9 0.0499117 0.0496501 0.000388058
10 0.0490276 0.0495878 0.00035421
1 0.0496043 0.0496043 0
2 0.04875 0.0491771 0.000302032
3 0.0484657 0.04894 0.000279345
4 0.0490511 0.0489678 0.000210885
5 0.0490955 0.0489933 0.000170249
6 0.0489459 0.0489854 0.000142058
7 0.0483958 0.0489012 0.000144597
8 0.0489404 0.0489061 0.000126606
9 0.0489719 0.0489134 0.000112749
10 0.0488556 0.0489076 0.000101622
11 0.049098 0.0489249 9.3846e-05
12 0.0489654 0.0489283 8.60861e-05
13 0.049384 0.0489634 8.63068e-05
14 0.0493531 0.0489912 8.45129e-05
15 0.0491277 0.0490003 7.93675e-05
16 0.0489101 0.0489947 7.4607e-05
17 0.0497922 0.0490416 8.36797e-05
18 0.048864 0.0490317 7.96104e-05
19 0.0485945 0.0490087 7.86753e-05
20 0.0493991 0.0490282 7.71254e-05
21 0.0501042 0.0490795 8.88581e-05
22 0.0492155 0.0490856 8.50341e-05
23 0.0494757 0.0491026 8.30112e-05
24 0.0491143 0.0491031 7.95539e-05
25 0.0496391 0.0491245 7.92086e-05
26 0.0494515 0.0491371 7.71541e-05
27 0.0494505 0.0491487 7.51644e-05
28 0.0485551 0.0491275 7.54108e-05
29 0.0494171 0.0491375 7.34684e-05
30 0.0491643 0.0491384 7.10249e-05
31 0.0487002 0.0491243 7.01261e-05
32 0.0488346 0.0491152 6.85164e-05
33 0.0497928 0.0491357 6.94484e-05
34 0.0494174 0.049144 6.78981e-05
35 0.0492859 0.0491481 6.6079e-05
36 0.0491045 0.0491469 6.42545e-05
37 0.0493542 0.0491525 6.27618e-05
38 0.0489221 0.0491464 6.14022e-05
39 0.0488956 0.04914 6.01635e-05
40 0.049312 0.0491443 5.88129e-05
41 0.0488992 0.0491383 5.76814e-05
42 0.0489601 0.0491341 5.64639e-05
43 0.0489589 0.04913 5.52975e-05
44 0.0488705 0.0491241 5.43543e-05
45 0.0489111 0.0491194 5.33522e-05
46 0.0489026 0.0491146 5.24001e-05
47 0.0497028 0.0491272 5.27581e-05
48 0.0493746 0.0491323 5.19103e-05
49 0.0496325 0.0491425 5.18448e-05
50 0.0490124 0.0491399 5.08732e-05
51 0.0492016 0.0491411 4.98901e-05
52 0.0493429 0.049145 4.90812e-05
53 0.0489636 0.0491416 4.82744e-05
54 0.0492654 0.0491439 4.74349e-05
55 0.0495281 0.0491509 4.70841e-05
56 0.0490223 0.0491486 4.62993e-05
57 0.0490506 0.0491468 4.55189e-05
58 0.048827 0.0491413 4.50669e-05
59 0.0488162 0.0491358 4.46386e-05
60 0.0490869 0.049135 4.39021e-05
61 0.0489408 0.0491318 4.32976e-05
62 0.0497241 0.0491414 4.36404e-05
63 0.0490292 0.0491396 4.29839e-05
64 0.0488297 0.0491348 4.25841e-05
65 0.0486207 0.0491268 4.26569e-05
66 0.0490869 0.0491262 4.20149e-05
67 0.0486489 0.0491191 4.19874e-05
68 0.0489851 0.0491171 4.14162e-05
69 0.0490904 0.0491168 4.08177e-05
70 0.0495175 0.0491225 4.06341e-05
71 0.0489059 0.0491194 4.01761e-05
72 0.0490041 0.0491178 3.965e-05
73 0.0488192 0.0491137 3.93173e-05
74 0.0487105 0.0491083 3.91618e-05
75 0.0492943 0.0491108 3.8718e-05
76 0.0484768 0.0491024 3.90969e-05
77 0.0484655 0.0490942 3.94545e-05
78 0.0486905 0.049089 3.92867e-05
79 0.0488183 0.0490856 3.89385e-05
80 0.048961 0.049084 3.84829e-05
81 0.0492003 0.0490854 3.80346e-05
82 0.0492891 0.0490879 3.76517e-05
83 0.0489641 0.0490864 3.72276e-05
84 0.0493157 0.0490892 3.68844e-05
85 0.0486945 0.0490845 3.67415e-05
86 0.0496123 0.0490906 3.68233e-05
87 0.0494987 0.0490953 3.66975e-05
88 0.0490727 0.0490951 3.62814e-05
89 0.0494825 0.0490994 3.61339e-05
90 0.0493765 0.0491025 3.58633e-05
91 0.0485598 0.0490965 3.59617e-05
92 0.0494657 0.0491006 3.5794e-05
93 0.048781 0.0490971 3.55737e-05
94 0.0492756 0.049099 3.52458e-05
95 0.048767 0.0490955 3.50477e-05
96 0.0490289 0.0490948 3.46895e-05
97 0.049286 0.0490968 3.43878e-05
98 0.0483942 0.0490896 3.47762e-05
99 0.0488321 0.049087 3.45221e-05
100 0.0488749 0.0490849 3.4242e-05
101 0.04909 0.049085 3.3903e-05
102 0.0488225 0.0490824 3.36681e-05
103 0.0491813 0.0490834 3.33549e-05
104 0.0486465 0.0490792 3.32976e-05
105 0.0488072 0.0490766 3.30811e-05
106 0.0486765 0.0490728 3.29836e-05
107 0.0495742 0.0490775 3.30066e-05
108 0.0486133 0.0490732 3.29796e-05
109 0.0485736 0.0490686 3.29941e-05
110 0.0493716 0.0490713 3.28089e-05
111 0.0492791 0.0490732 3.25666e-05
112 0.0490306 0.0490728 3.22781e-05
113 0.049017 0.0490723 3.19962e-05
114 0.048477 0.0490671 3.2139e-05
115 0.0488726 0.0490654 3.1904e-05
116 0.0489883 0.0490648 3.16359e-05
117 0.0489689 0.0490639 3.13761e-05
118 0.0491732 0.0490649 3.11239e-05
119 0.0491469 0.0490656 3.08699e-05
120 0.0489749 0.0490648 3.06219e-05
121 0.0485735 0.0490607 3.06368e-05
122 0.0491415 0.0490614 3.03929e-05
123 0.0485397 0.0490572 3.04403e-05
124 0.0485301 0.0490529 3.04901e-05
125 0.049309 0.049055 3.03149e-05
126 0.0495973 0.0490593 3.03784e-05
127 0.0493675 0.0490617 3.0236e-05
128 0.0489536 0.0490608 3.00115e-05
129 0.0496535 0.0490654 3.01285e-05
130 0.0487327 0.0490629 3.00052e-05
131 0.0495297 0.0490664 2.99871e-05
132 0.0492331 0.0490677 2.97865e-05
133 0.0487874 0.0490656 2.9637e-05
134 0.0491197 0.049066 2.94186e-05
135 0.0488602 0.0490645 2.92401e-05
136 0.0489316 0.0490635 2.90414e-05
137 0.0496176 0.0490675 2.91098e-05
138 0.0493725 0.0490698 2.89826e-05
139 0.0493436 0.0490717 2.8841e-05
140 0.0492225 0.0490728 2.86551e-05
141 0.0495309 0.0490761 2.86354e-05
142 0.0491411 0.0490765 2.84374e-05
143 0.0488726 0.0490751 2.82743e-05
144 0.0488919 0.0490738 2.81065e-05
145 0.0491423 0.0490743 2.79167e-05
146 0.0494569 0.0490769 2.78482e-05
147 0.0493384 0.0490787 2.77155e-05
148 0.0492736 0.04908 2.75595e-05
149 0.0487809 0.049078 2.74475e-05
150 0.048834 0.0490764 2.73127e-05
151 0.0491045 0.0490766 2.71325e-05
152 0.0485542 0.0490731 2.71708e-05
153 0.0492786 0.0490745 2.70264e-05
154 0.0480794 0.049068 2.76124e-05
155 0.0484227 0.0490638 2.77464e-05
156 0.0493901 0.0490659 2.76472e-05
157 0.0488553 0.0490646 2.75036e-05
158 0.048872 0.0490634 2.73566e-05
159 0.049872 0.0490685 2.76532e-05
160 0.048297 0.0490636 2.78976e-05
161 0.0490241 0.0490634 2.77254e-05
162 0.0491497 0.0490639 2.75594e-05
163 0.0483139 0.0490593 2.77718e-05
164 0.0489308 0.0490585 2.76135e-05
165 0.0483452 0.0490542 2.77825e-05
166 0.049166 0.0490549 2.76233e-05
167 0.0486577 0.0490525 2.75602e-05
168 0.0487652 0.0490508 2.74491e-05
169 0.0483393 0.0490466 2.76077e-05
170 0.0494267 0.0490488 2.75357e-05
171 0.049176 0.0490496 2.73847e-05
172 0.0491889 0.0490504 2.72375e-05
173 0.0485986 0.0490478 2.72049e-05
174 0.0487051 0.0490458 2.71198e-05
175 0.0484669 0.0490425 2.71658e-05
176 0.0489814 0.0490421 2.70136e-05
177 0.0488172 0.0490409 2.68909e-05
178 0.0486347 0.0490386 2.68365e-05
179 0.0493341 0.0490402 2.67373e-05
180 0.0491224 0.0490407 2.65926e-05
181 0.0491042 0.049041 2.6448e-05
182 0.0491326 0.0490415 2.63075e-05
183 0.0490283 0.0490415 2.61638e-05
184 0.0490635 0.0490416 2.60219e-05
185 0.0485613 0.049039 2.60105e-05
186 0.049903 0.0490436 2.62822e-05
187 0.0486814 0.0490417 2.62129e-05
188 0.0491123 0.0490421 2.60762e-05
189 0.0488833 0.0490412 2.59517e-05
190 0.0492563 0.0490424 2.58398e-05
191 0.049086 0.0490426 2.57055e-05
192 0.0483986 0.0490392 2.57896e-05
193 0.0491278 0.0490397 2.566e-05
194 0.0486876 0.0490379 2.55919e-05
195 0.049255 0.049039 2.54848e-05
196 0.0482966 0.0490352 2.56348e-05
197 0.0492265 0.0490362 2.5523e-05
198 0.0487511 0.0490347 2.54347e-05
199 0.0492926 0.049036 2.53399e-05
200 0.0489055 0.0490354 2.52216e-05
