1 -0.399607 -0.399607 0
2 -0.424059 -0.411833 0.00864532
3 -0.413439 -0.412368 0.00578009
4 -0.402099 -0.409801 0.00487196
5 -0.409487 -0.409738 0.00389797
6 -0.418978 -0.411278 0.00353948
7 -0.419871 -0.412506 0.0032397
8 -0.409955 -0.412187 0.00285039
9 -0.413838 -0.41237 0.00253957
10 -0.411278 -0.412261 0.00228796
1 -0.412463 -0.412463 0
2 -0.419003 -0.415733 0.00231243
3 -0.413983 -0.41515 0.0016135
4 -0.416084 -0.415383 0.00122691
5 -0.416638 -0.415634 0.00100688
6 -0.413997 -0.415361 0.000875249
7 -0.418492 -0.415809 0.000856885
8 -0.417504 -0.41602 0.000775532
9 -0.416188 -0.416039 0.000689585
10 -0.418287 -0.416264 0.000656234
11 -0.41463 -0.416115 0.000613156
12 -0.411575 -0.415737 0.000668665
13 -0.418734 -0.415968 0.000655764
14 -0.414154 -0.415838 0.000621581
15 -0.415731 -0.415831 0.000580184
16 -0.412011 -0.415592 0.000591011
17 -0.41247 -0.415408 0.000584091
18 -0.41148 -0.41519 0.000591015
19 -0.414292 -0.415143 0.000561797
20 -0.412306 -0.415001 0.000551326
21 -0.409399 -0.414734 0.000586067
22 -0.415969 -0.41479 0.000562109
23 -0.412119 -0.414674 0.000549539
24 -0.414898 -0.414684 0.000526721
25 -0.408317 -0.414429 0.000563869
26 -0.415936 -0.414487 0.000545154
27 -0.411342 -0.41437 0.000537258
28 -0.412471 -0.414303 0.000522334
29 -0.41539 -0.41434 0.000505665
30 -0.405031 -0.41403 0.000576214
31 -0.41697 -0.414125 0.000565379
32 -0.41709 -0.414217 0.000555254
33 -0.409897 -0.414086 0.000553646
34 -0.4122 -0.414031 0.000540137
35 -0.41495 -0.414057 0.000525342
36 -0.419392 -0.414205 0.000531238
37 -0.414313 -0.414208 0.000516888
38 -0.414347 -0.414212 0.000503299
39 -0.413634 -0.414197 0.000490611
40 -0.412749 -0.414161 0.000479679
41 -0.423248 -0.414383 0.000516657
42 -0.415054 -0.414399 0.000504603
43 -0.41167 -0.414335 0.000496842
44 -0.418843 -0.414438 0.000496002
45 -0.417246 -0.4145 0.000488889
46 -0.418717 -0.414592 0.000486782
47 -0.41006 -0.414495 0.000485881
48 -0.414807 -0.414502 0.000475802
49 -0.410247 -0.414415 0.00047395
50 -0.414396 -0.414414 0.000464471
51 -0.41646 -0.414455 0.000457091
52 -0.415753 -0.41448 0.000448983
53 -0.410527 -0.414405 0.000446662
54 -0.408364 -0.414293 0.000452181
55 -0.423604 -0.414462 0.000474589
56 -0.412638 -0.41443 0.000467231
57 -0.411897 -0.414385 0.000461141
58 -0.421241 -0.414504 0.000468093
59 -0.416899 -0.414544 0.000461917
60 -0.410292 -0.414473 0.000459623
61 -0.411115 -0.414418 0.000455374
62 -0.406007 -0.414283 0.0004678
63 -0.415192 -0.414297 0.000460597
64 -0.422188 -0.41442 0.000469611
65 -0.417923 -0.414474 0.000465468
66 -0.416842 -0.41451 0.000459796
67 -0.412579 -0.414481 0.000453836
68 -0.410867 -0.414428 0.000450264
69 -0.415148 -0.414439 0.000443859
70 -0.41161 -0.414398 0.000439354
71 -0.413634 -0.414387 0.000433298
72 -0.415236 -0.414399 0.00042744
73 -0.419906 -0.414475 0.000428188
74 -0.41647 -0.414502 0.00042325
75 -0.416979 -0.414535 0.000418894
76 -0.415331 -0.414545 0.000413513
77 -0.410365 -0.414491 0.000411692
78 -0.414963 -0.414497 0.000406458
79 -0.410035 -0.41444 0.000405219
80 -0.413987 -0.414435 0.000400193
81 -0.413549 -0.414424 0.000395402
82 -0.409049 -0.414358 0.000395976
83 -0.417504 -0.414396 0.000393014
84 -0.41099 -0.414356 0.000390422
85 -0.417678 -0.414395 0.000387781
86 -0.416982 -0.414425 0.000384437
87 -0.410533 -0.41438 0.000382612
88 -0.409263 -0.414322 0.000382657
89 -0.413137 -0.414309 0.000378589
90 -0.416071 -0.414328 0.000374888
91 -0.413648 -0.414321 0.000370843
92 -0.410948 -0.414284 0.000368619
93 -0.418216 -0.414326 0.000367073
94 -0.409859 -0.414279 0.000366231
95 -0.411611 -0.414251 0.000363451
96 -0.410225 -0.414209 0.000362076
97 -0.413991 -0.414206 0.00035835
98 -0.412478 -0.414189 0.000355127
99 -0.424784 -0.414296 0.000367313
100 -0.416429 -0.414317 0.000364259
101 -0.410038 -0.414275 0.000363108
102 -0.42097 -0.41434 0.000365432
103 -0.41328 -0.41433 0.00036203
104 -0.420798 -0.414392 0.000363851
105 -0.41061 -0.414356 0.000362165
106 -0.41267 -0.41434 0.000359098
107 -0.413262 -0.41433 0.000355883
108 -0.415761 -0.414344 0.000352835
109 -0.413238 -0.414333 0.000349744
110 -0.405793 -0.414256 0.000355078
111 -0.416805 -0.414279 0.000352621
112 -0.417165 -0.414305 0.000350414
113 -0.410244 -0.414269 0.00034915
114 -0.413568 -0.414262 0.000346141
115 -0.416871 -0.414285 0.000343874
116 -0.415358 -0.414294 0.000341034
117 -0.412535 -0.414279 0.00033845
118 -0.417172 -0.414304 0.000336468
119 -0.409254 -0.414261 0.000336307
120 -0.410263 -0.414228 0.000335151
121 -0.41196 -0.414209 0.000332905
122 -0.410946 -0.414183 0.000331249
123 -0.417488 -0.414209 0.000329644
124 -0.410912 -0.414183 0.000328056
125 -0.415598 -0.414194 0.000325627
126 -0.413668 -0.41419 0.00032307
127 -0.409572 -0.414154 0.000322565
128 -0.422555 -0.414219 0.000326655
129 -0.413805 -0.414216 0.000324139
130 -0.410483 -0.414187 0.000322915
131 -0.416321 -0.414204 0.00032086
132 -0.415912 -0.414217 0.00031869
133 -0.412136 -0.414201 0.000316678
134 -0.411083 -0.414178 0.000315168
135 -0.410868 -0.414153 0.000313786
136 -0.419472 -0.414192 0.000313907
137 -0.408973 -0.414154 0.000313919
138 -0.417133 -0.414176 0.000312386
139 -0.409722 -0.414144 0.000311777
140 -0.411413 -0.414124 0.00031016
141 -0.413747 -0.414122 0.000307972
142 -0.418423 -0.414152 0.000307289
143 -0.415418 -0.414161 0.000305268
144 -0.410961 -0.414138 0.000303956
145 -0.413901 -0.414137 0.000301864
146 -0.40862 -0.414099 0.000302152
147 -0.41235 -0.414087 0.00030033
148 -0.410625 -0.414064 0.000299211
149 -0.416452 -0.41408 0.000297632
150 -0.411849 -0.414065 0.000296019
151 -0.416697 -0.414082 0.000294571
152 -0.41448 -0.414085 0.000292645
153 -0.412414 -0.414074 0.000290936
154 -0.416662 -0.414091 0.000289532
155 -0.414623 -0.414094 0.000287684
156 -0.409679 -0.414066 0.000287229
157 -0.415782 -0.414077 0.000285607
158 -0.420067 -0.414115 0.000286304
159 -0.410653 -0.414093 0.00028533
160 -0.418636 -0.414121 0.000284956
161 -0.413906 -0.41412 0.000283189
162 -0.408757 -0.414087 0.00028337
163 -0.416843 -0.414104 0.000282135
164 -0.412847 -0.414096 0.000280519
165 -0.417882 -0.414119 0.000279756
166 -0.421833 -0.414166 0.000281903
167 -0.418649 -0.414192 0.000281491
168 -0.414828 -0.414196 0.000279841
169 -0.412735 -0.414188 0.000278318
170 -0.405465 -0.414136 0.000281371
171 -0.409893 -0.414112 0.000280818
172 -0.413852 -0.41411 0.000279189
173 -0.417834 -0.414132 0.000278404
174 -0.416796 -0.414147 0.000277225
175 -0.415295 -0.414153 0.000275718
176 -0.412859 -0.414146 0.00027425
177 -0.413338 -0.414141 0.000272738
178 -0.408274 -0.414109 0.000273191
179 -0.422551 -0.414156 0.000275706
180 -0.40841 -0.414124 0.000276016
181 -0.410248 -0.414102 0.00027532
182 -0.412329 -0.414093 0.00027398
183 -0.419131 -0.41412 0.000273862
184 -0.416031 -0.414131 0.000272571
185 -0.412672 -0.414123 0.000271211
186 -0.415087 -0.414128 0.000269803
187 -0.420085 -0.41416 0.000270234
188 -0.413545 -0.414156 0.000268816
189 -0.412705 -0.414149 0.000267504
190 -0.414104 -0.414148 0.000266096
191 -0.412893 -0.414142 0.000264784
192 -0.415163 -0.414147 0.000263458
193 -0.411046 -0.414131 0.000262583
194 -0.412733 -0.414124 0.000261328
195 -0.419181 -0.41415 0.000261271
196 -0.411106 -0.414134 0.000260399
197 -0.412675 -0.414127 0.000259183
198 -0.424441 -0.414179 0.000263056
199 -0.410911 -0.414163 0.000262247
200 -0.413705 -0.41416 0.000260945
