0 9.0714 0
1 9.29094 0.219541
2 9.31255 0.128582
3 9.21849 0.130822
4 9.21739 0.10134
5 9.22979 0.0836685
6 9.2106 0.0732695
7 9.18174 0.0697107
8 9.20794 0.0668308
9 9.15893 0.0772972
10 9.21168 0.0875799
11 9.19252 0.0822127
12 9.20503 0.0766533
13 9.18593 0.0734945
14 9.17085 0.0700598
15 9.18611 0.0672861
16 9.20241 0.0652734
17 9.1939 0.062126
18 9.21978 0.0642097
19 9.19706 0.0650109
20 9.19557 0.0618558
21 9.19991 0.059137
22 9.21118 0.0576208
23 9.21526 0.0553182
24 9.20608 0.0538472
25 9.20336 0.0518066
26 9.21067 0.0503845
27 9.20631 0.0487468
28 9.1885 0.0502967
29 9.193 0.0487991
30 9.21164 0.0507471
31 9.21575 0.0493075
32 9.20345 0.0493487
33 9.19795 0.0481896
34 9.20174 0.0469458
35 9.18932 0.0472838
36 9.18173 0.0466112
37 9.18843 0.0458604
38 9.19684 0.0454542
39 9.20992 0.0461945
40 9.20669 0.0451697
41 9.20149 0.044387
42 9.19781 0.0434979
43 9.1942 0.0426506
44 9.1918 0.0417612
45 9.19623 0.0410826
46 9.20235 0.0406614
47 9.19835 0.0400051
48 9.19363 0.0394636
49 9.18755 0.0391421
50 9.18818 0.0383723
51 9.18908 0.0376378
52 9.19111 0.0369763
53 9.19066 0.0362878
54 9.18872 0.0356751
55 9.18699 0.035075
56 9.1824 0.034758
57 9.18347 0.0341702
58 9.1861 0.0336892
59 9.19183 0.0336139
60 9.19842 0.0337095
61 9.18989 0.0342425
62 9.18695 0.0338221
63 9.18571 0.0333126
64 9.18861 0.0329244
65 9.18867 0.0324218
66 9.19112 0.0320279
67 9.19077 0.0315554
68 9.19024 0.0310991
69 9.19301 0.0307761
70 9.19324 0.0303404
71 9.18559 0.0308767
72 9.18677 0.0304736
73 9.1891 0.0301488
74 9.19282 0.0299759
75 9.19177 0.0295975
76 9.18431 0.0301482
77 9.18387 0.0297623
78 9.1835 0.0293855
79 9.17944 0.0292989
80 9.18865 0.0303653
81 9.18919 0.0299976
82 9.18554 0.0298584
83 9.18543 0.029501
84 9.18921 0.0293969
85 9.19175 0.0291633
86 9.19006 0.0288757
87 9.19034 0.0285471
88 9.18892 0.0282603
89 9.19066 0.0279985
90 9.18604 0.0280709
91 9.18677 0.0277736
92 9.18831 0.0275162
93 9.19058 0.0273168
94 9.18892 0.0270788
95 9.18919 0.0267966
96 9.19078 0.0265667
97 9.18921 0.0263412
98 9.18762 0.0261224
99 9.1884 0.0258717
100 9.18783 0.0256207
101 9.18799 0.0253688
102 9.18726 0.0251319
103 9.18614 0.0249144
104 9.18768 0.0247242
105 9.19 0.0245995
106 9.18953 0.0243731
107 9.18567 0.0244521
108 9.18563 0.0242268
109 9.1857 0.0240057
110 9.18796 0.0238958
111 9.18678 0.0237111
112 9.19008 0.0237317
113 9.19166 0.0235755
114 9.18948 0.0234713
115 9.18668 0.0234351
116 9.19015 0.0234914
117 9.19037 0.0232924
118 9.18941 0.0231156
119 9.18832 0.022948
120 9.18948 0.0227871
121 9.18745 0.0226904
122 9.18772 0.0225068
123 9.18806 0.022327
124 9.18798 0.0221478
125 9.19172 0.0222873
126 9.19396 0.0222247
127 9.19064 0.0222992
128 9.18899 0.0221873
129 9.18992 0.0220359
130 9.18864 0.0219044
131 9.18954 0.0217562
132 9.18987 0.0215946
133 9.19375 0.0217805
134 9.19169 0.0217162
135 9.19059 0.0215839
136 9.18944 0.0214565
137 9.18953 0.0213007
138 9.19043 0.021166
139 9.18889 0.0210702
140 9.1909 0.0210165
141 9.19409 0.0211101
142 9.18968 0.0214217
143 9.18877 0.0212917
144 9.19315 0.0215932
145 9.19306 0.021445
146 9.19067 0.0214315
147 9.18996 0.0212981
148 9.19014 0.0211555
149 9.19314 0.0212265
150 9.19269 0.0210903
151 9.19042 0.0210735
152 9.19281 0.021071
153 9.1952 0.0210701
154 9.19325 0.0210239
155 9.19365 0.0208924
156 9.19183 0.020838
157 9.19066 0.0207388
158 9.19169 0.0206335
159 9.19209 0.020508
160 9.19312 0.0204066
161 9.19315 0.0202802
162 9.19303 0.0201558
163 9.19211 0.0200537
164 9.19357 0.0199855
165 9.19444 0.0198837
166 9.19324 0.0198008
167 9.19272 0.0196892
168 9.194 0.0196139
169 9.19592 0.019592
170 9.19453 0.0195264
171 9.19353 0.0194382
172 9.19315 0.0193292
173 9.19268 0.0192237
174 9.19349 0.019131
175 9.19476 0.019064
176 9.19677 0.0190626
177 9.19457 0.0190825
178 9.1946 0.0189756
179 9.19529 0.0188826
180 9.19527 0.018778
181 9.19534 0.0186746
182 9.19296 0.0187233
183 9.19592 0.0188536
184 9.19611 0.0187525
185 9.19583 0.0186535
186 9.19507 0.0185692
187 9.19432 0.0184852
188 9.19356 0.0184029
189 9.19387 0.0183083
190 9.19578 0.018312
191 9.19464 0.0182517
192 9.19584 0.0181967
193 9.19481 0.018132
194 9.19596 0.0180752
195 9.19629 0.0179858
196 9.19539 0.0179167
197 9.19607 0.0178389
198 9.19698 0.0177726
199 9.19616 0.0177026
200 9.19737 0.0176559
201 9.19752 0.0175689
202 9.19429 0.0177786
203 9.19533 0.017722
204 9.19478 0.017644
205 9.19691 0.0176864
206 9.19627 0.0176123
207 9.19583 0.017533
208 9.19586 0.017449
209 9.19614 0.0173679
210 9.19601 0.0172859
211 9.19461 0.0172606
212 9.19461 0.0171793
213 9.19453 0.0170991
214 9.19443 0.0170196
215 9.19608 0.0170211
216 9.19742 0.016995
217 9.19639 0.0169477
218 9.19574 0.0168829
219 9.195 0.0168223
220 9.19556 0.0167555
221 9.19478 0.0166982
222 9.19553 0.0166398
223 9.19701 0.0166316
224 9.19851 0.0166254
225 9.19708 0.0166134
226 9.19717 0.0165402
227 9.19734 0.0164684
228 9.19632 0.0164283
229 9.19661 0.0163593
230 9.19641 0.0162896
231 9.19679 0.0162237
232 9.1972 0.0161591
233 9.19799 0.0161096
234 9.19659 0.0161021
235 9.1973 0.0160493
236 9.19662 0.0159959
237 9.19662 0.0159286
238 9.19586 0.0158799
239 9.19649 0.0158261
240 9.19768 0.0158051
241 9.19644 0.0157887
242 9.19667 0.0157254
243 9.19567 0.0156926
244 9.19622 0.015638
245 9.1968 0.015585
246 9.19503 0.0156228
247 9.19567 0.0155731
248 9.1952 0.0155178
249 9.19675 0.0155336
250 9.19627 0.0154792
251 9.19629 0.0154176
252 9.19725 0.0153864
253 9.19979 0.0155352
254 9.19774 0.01561
255 9.19692 0.0155702
256 9.19625 0.0155243
257 9.19675 0.0154722
258 9.19594 0.0154334
259 9.19621 0.0153764
260 9.19667 0.0153243
261 9.19635 0.0152692
262 9.19633 0.015211
263 9.19675 0.0151591
264 9.19666 0.015102
265 9.19622 0.0150516
266 9.19699 0.0150148
267 9.19726 0.0149612
268 9.19655 0.0149224
269 9.19613 0.0148731
270 9.19596 0.0148191
271 9.19654 0.014776
272 9.19559 0.0147525
273 9.19547 0.0146991
274 9.1973 0.0147596
275 9.19722 0.0147063
276 9.19601 0.0147031
277 9.19556 0.0146568
278 9.19631 0.0146234
279 9.19699 0.0145868
280 9.19728 0.0145378
281 9.19652 0.0145065
282 9.19683 0.0144585
283 9.19685 0.0144075
284 9.19685 0.0143569
285 9.19592 0.0143366
286 9.19665 0.0143053
287 9.19554 0.0142986
288 9.19623 0.0142653
289 9.19617 0.0142161
290 9.19554 0.0141813
291 9.19652 0.0141668
292 9.19569 0.0141431
293 9.19741 0.0141997
294 9.19736 0.0141516
295 9.19673 0.0141177
296 9.19641 0.0140738
297 9.19754 0.014072
298 9.19677 0.0140459
299 9.197 0.0140009
300 9.19773 0.0139732
301 9.19642 0.0139876
302 9.19587 0.0139524
303 9.19658 0.0139245
304 9.19656 0.0138788
305 9.19626 0.0138366
306 9.1971 0.0138169
307 9.19736 0.0137743
308 9.19727 0.01373
309 9.19647 0.0137091
310 9.19553 0.0136968
311 9.19649 0.0136864
312 9.19745 0.0136758
313 9.19699 0.0136396
314 9.19704 0.0135964
315 9.19668 0.0135581
316 9.19677 0.0135156
317 9.19739 0.0134876
318 9.19759 0.0134467
319 9.19634 0.0134632
320 9.19633 0.0134212
321 9.1969 0.0133916
322 9.19713 0.0133521
323 9.19669 0.0133183
324 9.19842 0.0133902
325 9.19874 0.0133528
326 9.19704 0.0134197
327 9.19616 0.0134075
328 9.19671 0.0133779
329 9.19712 0.0133438
330 9.19746 0.0133075
331 9.1974 0.0132675
332 9.19744 0.0132276
333 9.19674 0.0132063
334 9.19601 0.0131871
335 9.19591 0.0131482
336 9.19644 0.0131199
337 9.1963 0.0130819
338 9.19701 0.013063
339 9.19655 0.0130327
340 9.19624 0.0129983
341 9.19606 0.0129615
342 9.19556 0.0129333
343 9.1957 0.0128964
344 9.19626 0.0128712
345 9.1959 0.012839
346 9.19506 0.012829
347 9.19541 0.0127967
348 9.19518 0.0127619
349 9.19644 0.0127875
350 9.19585 0.0127648
351 9.1957 0.0127293
352 9.19575 0.0126933
353 9.19501 0.012679
354 9.19539 0.0126487
355 9.1955 0.0126136
356 9.1953 0.0125798
357 9.19467 0.0125604
358 9.19524 0.0125382
359 9.19619 0.0125397
360 9.19599 0.0125065
361 9.19527 0.0124927
362 9.19587 0.0124726
363 9.19532 0.0124504
364 9.19421 0.0124663
365 9.19442 0.012434
366 9.19488 0.0124085
367 9.19517 0.0123782
368 9.1944 0.0123683
369 9.19528 0.0123661
370 9.19503 0.0123353
371 9.19473 0.0123058
372 9.19467 0.0122729
373 9.19391 0.0122635
374 9.19409 0.0122319
375 9.19491 0.0122271
376 9.19462 0.012198
377 9.19463 0.0121657
378 9.19404 0.0121481
379 9.19478 0.0121386
380 9.19461 0.0121079
381 9.19451 0.0120765
382 9.19371 0.0120715
383 9.19503 0.0121123
384 9.19426 0.0121054
385 9.19407 0.0120755
386 9.19439 0.0120483
387 9.19501 0.0120332
388 9.19466 0.0120073
389 9.19377 0.0120096
390 9.19374 0.0119789
391 9.19426 0.01196
392 9.19499 0.0119518
393 9.19466 0.0119262
394 9.19415 0.0119066
395 9.19352 0.0118933
396 9.19403 0.0118741
397 9.19355 0.0118537
398 9.19282 0.0118468
399 9.19323 0.0118243
400 9.19429 0.0118422
401 9.1947 0.0118199
402 9.1935 0.0118513
403 9.19289 0.0118378
404 9.19295 0.0118087
405 9.19323 0.0117829
406 9.19384 0.0117695
407 9.19413 0.0117443
408 9.1936 0.0117277
409 9.19431 0.0117206
410 9.19428 0.0116921
411 9.1936 0.0116833
412 9.19398 0.0116611
413 9.1951 0.0116869
414 9.19386 0.0117242
415 9.19335 0.0117074
416 9.19307 0.0116825
417 9.19303 0.0116546
418 9.19405 0.0116715
419 9.19456 0.0116545
420 9.19342 0.0116829
421 9.19274 0.0116747
422 9.19307 0.0116518
423 9.19286 0.0116263
424 9.19302 0.0116
425 9.19379 0.0115978
426 9.1944 0.0115869
427 9.194 0.0115669
428 9.19339 0.0115559
429 9.19351 0.0115297
430 9.19379 0.0115064
431 9.19365 0.0114806
432 9.19345 0.0114557
433 9.19398 0.0114415
434 9.1942 0.0114173
435 9.19407 0.0113918
436 9.19409 0.0113657
437 9.19419 0.0113402
438 9.19413 0.0113145
439 9.1941 0.0112888
440 9.19351 0.0112785
441 9.19402 0.0112644
442 9.19512 0.0112923
443 9.19627 0.0113255
444 9.19434 0.011463
445 9.19471 0.0114431
446 9.19487 0.0114186
447 9.1944 0.0114025
448 9.19513 0.0114002
449 9.19477 0.0113804
450 9.19467 0.0113556
451 9.19497 0.0113342
452 9.19487 0.0113096
453 9.19489 0.0112846
454 9.195 0.0112603
455 9.1944 0.0112513
456 9.19494 0.0112393
457 9.19541 0.0112247
458 9.19529 0.0112009
459 9.1951 0.0111782
460 9.19545 0.0111596
461 9.19542 0.0111354
462 9.19548 0.0111115
463 9.19487 0.0111042
464 9.19517 0.0110843
465 9.19525 0.0110608
466 9.19546 0.011039
467 9.19557 0.0110159
468 9.19532 0.0109953
469 9.19535 0.0109719
470 9.19544 0.010949
471 9.19593 0.0109367
472 9.19541 0.010926
473 9.19557 0.010904
474 9.19523 0.0108862
475 9.19468 0.0108774
476 9.19518 0.0108661
477 9.19526 0.0108436
478 9.19464 0.0108385
479 9.19458 0.010816
480 9.19449 0.0107939
481 9.19415 0.0107769
482 9.19408 0.0107548
483 9.19485 0.0107603
484 9.19411 0.0107636
485 9.19425 0.0107423
486 9.19421 0.0107203
487 9.19431 0.0106988
488 9.19419 0.0106776
489 9.19355 0.0106748
490 9.19364 0.0106534
491 9.19443 0.0106608
492 9.19424 0.0106407
493 9.1935 0.0106452
494 9.19291 0.0106397
495 9.19303 0.010619
496 9.19303 0.0105976
497 9.19339 0.0105824
498 9.19357 0.0105627
499 9.19377 0.0105435
