0
-6.79308
-6.79303
-6.79295
-6.79284
-6.7927
-6.79252
-6.79232
-6.79208
-6.79181
-6.79151
-6.79118
-6.79081
-6.79042
-6.78999
-6.78953
-6.78904
-6.78851
-6.78796
-6.78737
-6.78675
-6.78609
-6.7854
-6.78468
-6.78393
-6.78314
-6.78231
-6.78145
-6.78056
-6.77963
-6.77867
-6.77767
-6.77663
-6.77555
-6.77444
-6.77329
-6.7721
-6.77088
-6.76961
-6.76831
-6.76696
-6.76542
-6.764
-6.76253
-6.76102
-6.75946
-6.75771
-6.75592
-6.75394
-6.75205
-6.75013
-6.74831
-6.74644
-6.74422
-6.7421
-6.73979
-6.73757
-6.73486
-6.73254
-6.73002
-6.7276
-6.72483
-6.7223
-6.71927
-6.71679
-6.71394
-6.71134
-6.70823
-6.70552
-6.70244
-6.6987
-6.6952
-6.69179
-6.68801
-6.68493
-6.68148
-6.67797
-6.67439
-6.67059
-6.66687
-6.66309
-6.65908
-6.65516
-6.65132
-6.64695
-6.64311
-6.63921
-6.63507
-6.63086
-6.62627
-6.62161
-6.61717
-6.61251
-6.60807
-6.6031
-6.59835
-6.59337
-6.58831
-6.58332
-6.57825
-6.57326
-6.56757
-6.56196
-6.55657
-6.55125
-6.5457
-6.53991
-6.53434
-6.52885
-6.52312
-6.51686
-6.51067
-6.5047
-6.49865
-6.49237
-6.48556
-6.47928
-6.47262
-6.46589
-6.45892
-6.45219
-6.44554
-6.43881
-6.43216
-6.42515
-6.41821
-6.41122
-6.40461
-6.39749
-6.39016
-6.38292
-6.37548
-6.36798
-6.36073
-6.35329
-6.34579
-6.33811
-6.33038
-6.32277
-6.31497
-6.3073
-6.29944
-6.29171
-6.28396
-6.27603
-6.26825
-6.26061
-6.25265
-6.245
-6.23735
-6.22909
-6.2213
-6.21292
-6.20531
-6.19741
-6.18969
-6.182
-6.17435
-6.16672
-6.15914
-6.15146
-6.14382
-6.13624
-6.12916
-6.12185
-6.1146
-6.10772
-6.10046
-6.09374
-6.08694
-6.08008
-6.07346
-6.06647
-6.06019
-6.05385
-6.04747
-6.04104
-6.03517
-6.02941
-6.02331
-6.01748
-6.01177
-6.00633
-6.00086
-5.99567
-5.99046
-5.98553
-5.98043
-5.97561
-5.97092
-5.96652
-5.96195
-5.95768
-5.95369
-5.94968
-5.94582
-5.9424
-5.93897
-5.93552
-5.93222
-5.9292
-5.92602
-5.92329
-5.92068
-5.91807
-5.91514
-5.91309
-5.91073
-5.9085
-5.90655
-5.90489
-5.9032
-5.90193
-5.90049
-5.89918
-5.89828
-5.89736
-5.8964
-5.8954
-5.89482
-5.8945
-5.89429
-5.89404
-5.89389
-5.89384
-5.89419
-5.89388
-5.89382
-5.89415
-5.89457
-5.89478
-5.89507
-5.89513
-5.89528
-5.89596
-5.8967
-5.89768
-5.89841
-5.89937
-5.90053
-5.90146
-5.90274
-5.90393
-5.90563
-5.90692
-5.90841
-5.9101
-5.91168
-5.91299
-5.9145
-5.91619
-5.91777
-5.91937
-5.921
-5.92297
-5.92465
-5.92635
-5.92823
-5.92982
-5.93173
-5.93335
-5.93514
-5.93678
-5.93858
-5.94053
-5.94219
-5.9437
-5.94536
-5.94732
-5.94943
-5.95124
-5.95304
-5.95468
-5.95646
-5.95853
-5.96029
-5.96204
-5.96377
-5.96549
-5.96764
-5.96917
-5.97099
-5.97248
-5.97396
-5.97556
-5.9773
-5.9787
-5.98039
-5.98175
-5.98324
-5.98485
-5.98629
-5.9877
-5.98923
-5.99074
-5.99206
-5.99336
-5.99448
-5.99572
-5.99709
-5.99827
-5.99988
-6.00101
-6.00226
-6.00348
-6.00467
-6.00554
-6.00637
-6.00702
-6.00795
-6.00885
-6.00957
-6.01072
-6.01169
-6.01249
-6.01356
-6.01415
-6.01502
-6.01571
-6.01653
-6.01702
-6.01764
-6.01809
-6.01882
-6.01922
-6.02005
-6.02072
-6.02151
-6.02184
-6.02305
-6.02334
-6.02376
-6.02416
-6.02455
-6.02477
-6.02528
-6.02607
-6.02655
-6.02671
-6.02732
-6.02746
-6.02788
-6.02815
-6.02825
-6.0285
-6.02888
-6.0291
-6.02932
-6.02937
-6.02957
-6.03006
-6.03024
-6.03041
-6.03043
-6.03059
-6.03089
-6.03103
-6.03117
-6.0313
-6.03127
-6.03139
-6.03135
-6.03145
-6.03185
-6.03179
-6.03202
-6.0321
-6.03171
-6.03177
-6.03183
-6.03157
-6.03161
-6.03134
-6.03106
-6.03092
-6.03093
-6.03062
-6.03061
-6.03074
-6.03055
-6.03051
-6.0303
-6.03023
-6.03015
-6.03006
-6.0298
-6.02968
-6.0294
-6.02925
-6.02909
-6.02891
-6.02871
-6.0285
-6.02827
-6.02847
-6.02821
-6.02792
-6.02762
-6.02744
-6.02725
-6.02688
-6.0265
-6.02564
-6.02521
-6.0246
-6.02413
-6.02363
-6.0231
-6.02256
-6.02199
-6.02139
-6.02077
-6.02042
-6.0199
-6.01921
-6.01849
-6.01774
-6.01681
-6.01601
-6.01564
-6.01479
-6.01392
-6.01301
-6.01194
-6.01098
-6.01
-6.0087
-6.00722
-6.00617
-6.00509
-6.00414
-6.00302
-6.00188
-6.00071
-5.99952
-5.99815
-5.99692
-5.99582
-5.99439
-5.9931
-5.99179
-5.99047
-5.98927
-5.98776
-5.98624
-5.985
-5.98344
-5.98203
-5.98091
-5.97947
-5.97802
-5.97672
-5.97526
-5.97363
-5.97186
-5.97038
-5.96904
-5.96771
-5.96622
-5.96473
-5.96294
-5.96145
-5.95997
-5.95833
-5.95701
-5.95539
-5.95392
-5.95261
-5.95147
-5.95018
-5.94875
-5.94733
-5.94592
-5.94468
-5.94315
-5.94133
-5.93998
-5.9388
-5.93748
-5.93619
-5.9343
-5.9332
-5.93181
-5.9309
-5.92956
-5.92839
-5.92739
-5.92597
-5.92472
-5.92335
-5.9223
-5.92098
-5.92044
-5.91933
-5.91839
-5.91734
-5.91646
-5.91546
-5.91495
-5.91416
-5.9134
-5.91253
-5.91184
-5.91133
-5.911
-5.91026
-5.90985
-5.90932
-5.90912
-5.90896
-5.90838
-5.90814
-5.90778
-5.90745
-5.90701
-5.9069
-5.90667
-5.90648
-5.90632
-5.9062
-5.90596
-5.90575
-5.90588
-5.90588
-5.90592
-5.90615
-5.90641
-5.90639
-5.90656
-5.90676
-5.90699
-5.9071
-5.90755
-5.90802
-5.90852
-5.9089
-5.90976
-5.9102
-5.91066
-5.91085
-5.91121
-5.91205
-5.91262
-5.91336
-5.91412
-5.91476
-5.91557
-5.91609
-5.91679
-5.91751
-5.9184
-5.91931
-5.91993
-5.92072
-5.92168
-5.92266
-5.92349
-5.92449
-5.92551
-5.92623
-5.92712
-5.92817
-5.92908
-5.92999
-5.93092
-5.93185
-5.93278
-5.93388
-5.93498
-5.93593
-5.93673
-5.93814
-5.93879
-5.9399
-5.94085
-5.94181
-5.94246
-5.94356
-5.9445
-5.94559
-5.94653
-5.94761
-5.94838
-5.94959
-5.95065
-5.9514
-5.95228
-5.95316
-5.95402
-5.95472
-5.95586
-5.95669
-5.9575
-5.95829
-5.95907
-5.95984
-5.96058
-5.96116
-5.96172
-5.96257
-5.96339
-5.96374
-5.96438
-5.96485
-5.96544
-5.96571
-5.96612
-5.9668
-5.96716
-5.96765
-5.96797
-5.96842
-5.96884
-5.96924
-5.96962
-5.96998
-5.97046
-5.97108
-5.97107
-5.97119
-5.97143
-5.97166
-5.97232
-5.97265
-5.97251
-5.97265
-5.97262
-5.97287
-5.97295
-5.97332
-5.97321
-5.97323
-5.97324
-5.97323
-5.97274
-5.97285
-5.97278
-5.97286
-5.97306
-5.97326
-5.97313
-5.97299
-5.97284
-5.97253
-5.97235
-5.97232
-5.97182
-5.97161
-5.97154
-5.97116
-5.97093
-5.97099
-5.97059
-5.97018
-5.96977
-5.96935
-5.96908
-5.96895
-5.96868
-5.96855
-5.96826
-5.96798
-5.96754
-5.9674
-5.96712
-5.96683
-5.96655
-5.96641
-5.96583
-5.96525
-5.96467
-5.96455
-5.96444
-5.96417
-5.96361
-5.96336
-5.96312
-5.96288
-5.96249
-5.96227
-5.96175
-5.96123
-5.96134
-5.96129
-5.96096
-5.96079
-5.96047
-5.96032
-5.96018
-5.96004
-5.95977
-5.95951
-5.95941
-5.95948
-5.95926
-5.95905
-5.95871
-5.95868
-5.95882
-5.95882
-5.95883
-5.95886
-5.9583
-5.95821
-5.95829
-5.95838
-5.95849
-5.95862
-5.95906
-5.95937
-5.9597
-5.95989
-5.95995
-5.96033
-5.96073
-5.96084
-5.96112
-5.96097
-5.96128
-5.96147
-5.96182
-5.96174
-5.96227
-5.96283
-5.9634
-5.96383
-5.96459
-5.9649
-5.96569
-5.96619
-5.967
-5.96753
-5.96807
-5.96848
-5.96905
-5.96978
-5.97067
-5.97113
-5.97174
-5.97237
-5.973
-5.97364
-5.97429
-5.97495
-5.97532
-5.97629
-5.97667
-5.97735
-5.97819
-5.97919
-5.97988
-5.98073
-5.98173
-5.98243
-5.98328
-5.98383
-5.98453
-5.98523
-5.98593
-5.98662
-5.98731
-5.98845
-5.98898
-5.98965
-5.99047
-5.99099
-5.99149
-5.99229
-5.99309
-5.99387
-5.9942
-5.99467
-5.99528
-5.99633
-5.99692
-5.99705
-5.99762
-5.99773
-5.99858
-5.99913
-5.99951
-6.00018
-6.00114
-6.00149
-6.00213
-6.00261
-6.00323
-6.00368
-6.00428
-6.00471
-6.00514
-6.00585
-6.00611
-6.0065
-6.00688
-6.00696
-6.00717
-6.00753
-6.00772
-6.00791
-6.00854
-6.00871
-6.00887
-6.00948
-6.00978
-6.00992
-6.01005
-6.01049
-6.01076
-6.01118
-6.01129
-6.01155
-6.01195
-6.01205
-6.0123
-6.01254
-6.01278
-6.01316
-6.01355
-6.01348
-6.01371
-6.01394
-6.01447
-6.01454
-6.01492
-6.0153
-6.01537
-6.01545
-6.01568
-6.0159
-6.01613
-6.01637
-6.0163
-6.01653
-6.01677
-6.01685
-6.0171
-6.01734
-6.01743
-6.01753
-6.01778
-6.01819
-6.01845
-6.01856
-6.01867
-6.01894
-6.01921
-6.01948
-6.01976
-6.02034
-6.02078
-6.02091
-6.02105
-6.02119
-6.02134
-6.02179
-6.02209
-6.02209
-6.0221
-6.02226
-6.02257
-6.02288
-6.0232
-6.02351
-6.02338
-6.0237
-6.02402
-6.02419
-6.02436
-6.02483
-6.02576
-6.02608
-6.02625
-6.02642
-6.02674
-6.02721
-6.02752
-6.02769
-6.028
-6.02831
-6.02862
-6.02892
-6.02952
-6.02982
-6.03042
-6.03071
-6.03084
-6.03082
-6.0308
-6.03107
-6.03133
-6.03159
-6.03199
-6.03224
-6.03247
-6.0324
-6.03263
-6.03284
-6.03305
-6.03325
-6.03329
-6.03317
-6.03319
-6.0332
-6.03336
-6.0335
-6.03379
-6.03376
-6.03373
-6.03383
-6.03408
-6.03416
-6.03408
-6.03414
-6.03419
-6.03437
-6.0344
-6.03441
-6.03441
-6.03425
-6.03407
-6.03419
-6.03384
-6.03393
-6.03371
-6.03362
-6.03337
-6.03341
-6.03329
-6.03301
-6.03271
-6.03256
-6.03239
-6.03206
-6.03171
-6.03136
-6.03114
-6.03077
-6.03053
-6.03028
-6.03003
-6.02991
-6.02963
-6.02935
-6.0292
-6.02905
-6.02874
-6.02827
-6.02779
-6.02761
-6.02757
-6.02737
-6.02717
-6.02681
-6.02675
-6.02653
-6.02646
-6.02624
-6.02601
-6.02608
-6.02585
-6.02562
-6.02523
-6.02485
-6.02446
-6.02407
-6.02354
-6.02316
-6.02277
-6.02239
-6.02201
-6.02194
-6.02112
-6.02045
-6.02054
-6.02019
-6.01984
-6.01934
-6.01901
-6.01882
-6.0185
-6.01803
-6.01772
-6.01757
-6.01727
-6.01699
-6.01686
-6.01659
-6.01633
-6.01608
-6.01553
-6.0153
-6.01477
-6.01456
-6.01436
-6.01431
-6.01398
-6.01395
-6.01364
-6.01378
0
-6.01367
-6.01318
-6.01233
-6.01203
-6.01153
-6.01096
-6.01034
-6.00981
-6.00908
-6.00828
-6.00743
-6.00652
-6.00555
-6.00467
-6.00388
-6.00289
-6.00183
-6.00056
-5.99939
-5.998
-5.99594
-5.99459
-5.99347
-5.99184
-5.98984
-5.98794
-5.98612
-5.98409
-5.9823
-5.98045
-5.97824
-5.97657
-5.97408
-5.97183
-5.96937
-5.96701
-5.96428
-5.96149
-5.95879
-5.95649
-5.95383
-5.95142
-5.94864
-5.94612
-5.94338
-5.9403
-5.93731
-5.93427
-5.93118
-5.92835
-5.92531
-5.92193
-5.91851
-5.91505
-5.91154
-5.90785
-5.90427
-5.90051
-5.89701
-5.89349
-5.88994
-5.88621
-5.88216
-5.87869
-5.87491
-5.87125
-5.86789
-5.86405
-5.86037
-5.85697
-5.85312
-5.84941
-5.84586
-5.84201
-5.8383
-5.83446
-5.83077
-5.82709
-5.82327
-5.81946
-5.81581
-5.81233
-5.80871
-5.8048
-5.80107
-5.79749
-5.79394
-5.7904
-5.78673
-5.78323
-5.77959
-5.77612
-5.77252
-5.76909
-5.76567
-5.76257
-5.75918
-5.7558
-5.75228
-5.74878
-5.74559
-5.7421
-5.73862
-5.73546
-5.73199
-5.72838
-5.72463
-5.72133
-5.71788
-5.71428
-5.71099
-5.70754
-5.70424
-5.70095
-5.6978
-5.6942
-5.69089
-5.68759
-5.68459
-5.68128
-5.67797
-5.67481
-5.6715
-5.66833
-5.66532
-5.66186
-5.65825
-5.65479
-5.65179
-5.64834
-5.64521
-5.64192
-5.63865
-5.63539
-5.63229
-5.62905
-5.62553
-5.62293
-5.61975
-5.6166
-5.61346
-5.61035
-5.60712
-5.60393
-5.60091
-5.59778
-5.59484
-5.59194
-5.58909
-5.58627
-5.58336
-5.58064
-5.57768
-5.57537
-5.57267
-5.57017
-5.56774
-5.56522
-5.56292
-5.56098
-5.55851
-5.55672
-5.555
-5.5529
-5.55103
-5.54893
-5.54721
-5.54558
-5.54417
-5.54254
-5.5413
-5.54014
-5.53892
-5.53823
-5.53701
-5.53604
-5.53514
-5.53418
-5.5336
-5.53355
-5.53298
-5.53264
-5.53207
-5.53158
-5.53177
-5.53157
-5.53114
-5.53108
-5.53108
-5.53145
-5.53173
-5.53206
-5.53214
-5.53228
-5.53261
-5.53298
-5.53339
-5.53384
-5.53448
-5.53499
-5.53538
-5.53594
-5.53652
-5.53711
-5.53756
-5.53818
-5.53864
-5.53896
-5.53958
-5.54004
-5.5408
-5.5414
-5.54198
-5.54286
-5.54341
-5.54394
-5.54445
-5.54479
-5.5451
-5.54538
-5.54548
-5.54585
-5.5465
-5.54681
-5.54709
-5.54749
-5.54786
-5.54789
-5.54804
-5.54815
-5.54793
-5.54783
-5.54785
-5.54799
-5.5478
-5.54772
-5.54747
-5.54749
-5.54719
-5.54701
-5.54681
-5.54659
-5.54665
-5.5464
-5.54628
-5.54599
-5.54585
-5.54539
-5.54508
-5.54462
-5.54445
-5.54414
-5.54382
-5.54337
-5.54306
-5.54292
-5.54264
-5.54238
-5.54228
-5.5422
-5.54199
-5.54211
-5.5421
-5.54182
-5.54172
-5.5415
-5.54191
-5.54222
-5.54226
-5.54188
-5.542
-5.54217
-5.54237
-5.54293
-5.54338
-5.54419
-5.54459
-5.54473
-5.54508
-5.54564
-5.54625
-5.54691
-5.54777
-5.54854
-5.54937
-5.55025
-5.55103
-5.55217
-5.55322
-5.55432
-5.55562
-5.55683
-5.55824
-5.5594
-5.56076
-5.56203
-5.56334
-5.56456
-5.56612
-5.56788
-5.56939
-5.57124
-5.57299
-5.57508
-5.57676
-5.57862
-5.58053
-5.58262
-5.58489
-5.58675
-5.58864
-5.5907
-5.5934
-5.59537
-5.59751
-5.59952
-5.60155
-5.60435
-5.60657
-5.60879
-5.61087
-5.61312
-5.61506
-5.61716
-5.61941
-5.62181
-5.62405
-5.62644
-5.62866
-5.63088
-5.63323
-5.63541
-5.63757
-5.63986
-5.64198
-5.64377
-5.64583
-5.64801
-5.65
-5.65196
-5.65388
-5.65576
-5.65775
-5.65985
-5.66159
-5.66314
-5.66479
-5.66653
-5.66822
-5.66971
-5.67099
-5.67266
-5.67397
-5.67522
-5.67641
-5.67754
-5.67846
-5.67961
-5.68039
-5.68096
-5.68162
-5.68221
-5.68319
-5.68366
-5.68436
-5.68485
-5.68528
-5.68579
-5.6861
-5.68619
-5.68638
-5.68651
-5.68658
-5.6866
-5.68657
-5.68664
-5.68681
-5.68679
-5.68642
-5.68615
-5.68585
-5.68506
-5.68468
-5.68443
-5.68429
-5.68383
-5.68379
-5.68328
-5.68289
-5.68219
-5.68162
-5.68104
-5.68044
-5.68014
-5.67953
-5.67891
-5.67814
-5.67752
-5.67674
-5.67566
-5.67519
-5.67473
-5.67411
-5.67365
-5.6732
-5.67246
-5.67218
-5.6719
-5.67134
-5.67078
-5.67054
-5.67001
-5.66949
-5.66913
-5.66863
-5.66815
-5.66722
-5.66706
-5.66661
-5.66617
-5.66574
-5.66518
-5.66493
-5.66484
-5.6643
-5.66409
-5.66388
-5.66308
-5.66274
-5.66242
-5.6621
-5.66135
-5.66105
-5.66077
-5.66035
-5.6604
-5.66046
-5.66038
-5.66016
-5.65995
-5.65991
-5.65958
-5.65942
-5.65912
-5.65929
-5.65872
-5.65847
-5.65853
-5.65832
-5.65828
-5.6584
-5.65825
-5.65856
-5.65845
-5.65866
-5.6589
-5.65901
-5.6593
-5.65946
-5.6595
-5.65956
-5.65981
-5.65963
-5.65993
-5.66057
-5.66109
-5.66133
-5.66161
-5.66223
-5.66288
-5.66326
-5.66368
-5.66399
-5.66463
-5.66576
-5.66633
-5.66708
-5.66802
-5.6687
-5.66971
-5.67062
-5.67156
-5.67254
-5.67325
-5.6743
-5.67539
-5.67667
-5.67814
-5.67934
-5.68087
-5.68199
-5.68314
-5.68462
-5.68599
-5.68723
-5.68866
-5.69011
-5.69205
-5.69356
-5.69525
-5.69666
-5.69809
-5.7
-5.70162
-5.70312
-5.70493
-5.7063
-5.70739
-5.70895
-5.71066
-5.71239
-5.71442
-5.71631
-5.71806
-5.72011
-5.72186
-5.72331
-5.72475
-5.7265
-5.72824
-5.72997
-5.73154
-5.73326
-5.73496
-5.73665
-5.73863
-5.7403
-5.74209
-5.74402
-5.74547
-5.74691
-5.74817
-5.74971
-5.75122
-5.75271
-5.75447
-5.7559
-5.757
-5.75822
-5.75941
-5.76086
-5.76229
-5.76353
-5.76473
-5.76574
-5.76687
-5.76797
-5.76902
-5.77018
-5.77116
-5.77239
-5.77359
-5.77475
-5.77556
-5.77619
-5.77677
-5.77792
-5.77827
-5.77873
-5.7793
-5.77983
-5.78032
-5.78031
-5.78086
-5.78078
-5.78125
-5.78169
-5.78209
-5.78229
-5.78261
-5.78304
-5.78298
-5.78319
-5.7829
-5.78288
-5.78343
-5.78333
-5.78306
-5.78305
-5.78285
-5.78278
-5.78237
-5.78207
-5.7819
-5.7814
-5.78101
-5.78075
-5.78046
-5.78014
-5.7795
-5.77912
-5.77827
-5.77785
-5.7774
-5.77678
-5.77613
-5.77516
-5.77461
-5.77435
-5.77346
-5.77255
-5.77177
-5.77142
-5.77074
-5.7699
-5.76918
-5.7686
-5.76739
-5.76632
-5.76523
-5.76411
-5.76313
-5.76213
-5.7608
-5.75961
-5.75871
-5.75733
-5.75623
-5.75512
-5.75429
-5.75359
-5.75212
-5.75078
-5.74943
-5.74865
-5.74741
-5.746
-5.74441
-5.74311
-5.7418
-5.74061
-5.73895
-5.73727
-5.73573
-5.73417
-5.73259
-5.73115
-5.73029
-5.72896
-5.72731
-5.72595
-5.72442
-5.72303
-5.72163
-5.72005
-5.71816
-5.71657
-5.71435
-5.71273
-5.7111
-5.7093
-5.7072
-5.70554
-5.70387
-5.70175
-5.70022
-5.69824
-5.69656
-5.69503
-5.69335
-5.69152
-5.68999
-5.68816
-5.6865
-5.68453
-5.68258
-5.68094
-5.6787
-5.67724
-5.67564
-5.67435
-5.67293
-5.67108
-5.6694
-5.66804
-5.66671
-5.6654
-5.66396
-5.6624
-5.66117
-5.65966
-5.65849
-5.65765
-5.65669
-5.65546
-5.65427
-5.65326
-5.65183
-5.65104
-5.64983
-5.64896
-5.64767
-5.64657
-5.64565
-5.64477
-5.64407
-5.64326
-5.64264
-5.64189
-5.64133
-5.64065
-5.64001
-5.63924
-5.63881
-5.63795
-5.63742
-5.63706
-5.63644
-5.63613
-5.6357
-5.6353
-5.63521
-5.63485
-5.6345
-5.63402
-5.63355
-5.63355
-5.63312
-5.63284
-5.63289
-5.63248
-5.63224
-5.63171
-5.63148
-5.63127
-5.63105
-5.631
-5.63049
-5.63044
-5.6304
-5.63035
-5.63031
-5.62997
-5.63023
-5.63049
-5.63045
-5.63041
-5.63022
-5.63003
-5.62983
-5.62963
-5.62958
-5.62968
-5.62933
-5.62851
-5.628
-5.62779
-5.62757
-5.62765
-5.62743
-5.62705
-5.62712
-5.62673
-5.62649
-5.6264
-5.62661
-5.62636
-5.62565
-5.62524
-5.62512
-5.6247
-5.62458
-5.62399
-5.62371
-5.62327
-5.62267
-5.62191
-5.6219
-5.62128
-5.62111
-5.62094
-5.62105
-5.62071
-5.62022
-5.61956
-5.61905
-5.61854
-5.61817
-5.6178
-5.61757
-5.61735
-5.61666
-5.61628
-5.6159
-5.61551
-5.61528
-5.61505
-5.61498
-5.6146
-5.61424
-5.61388
-5.61353
-5.61319
-5.61316
-5.61224
-5.6118
-5.61167
-5.61126
-5.61087
-5.61051
-5.61048
-5.61032
-5.60989
-5.61025
-5.61019
-5.60987
-5.60973
-5.60994
-5.61005
-5.61019
-5.61039
-5.61033
-5.61062
-5.61067
-5.61122
-5.61183
-5.61234
-5.61277
-5.61325
-5.61409
-5.61439
-5.61506
-5.61609
-5.61718
-5.61818
-5.61955
-5.62098
-5.62233
-5.62343
-5.62474
-5.62612
-5.62756
-5.6292
-5.63106
-5.63296
-5.63478
-5.63649
-5.63825
-5.63976
-5.64147
-5.64367
-5.64577
-5.6479
-5.64992
-5.65198
-5.65406
-5.65633
-5.65848
-5.66064
-5.66268
-5.66459
-5.66681
-5.66905
-5.67144
-5.67355
-5.67581
-5.67807
-5.68034
-5.68245
-5.6847
-5.6871
-5.68904
-5.69111
-5.69347
-5.69582
-5.69814
-5.70045
-5.70228
-5.70424
-5.70632
-5.70792
-5.70995
-5.7121
-5.71421
-5.71614
-5.71834
-5.7199
-5.72218
-5.72367
-5.72557
-5.72714
-5.72896
-5.73045
-5.73204
-5.73344
-5.73496
-5.73673
-5.73802
-5.73956
-5.74046
-5.74162
-5.74289
-5.74427
-5.74546
-5.74661
-5.74756
-5.74908
-5.74996
-5.75095
-5.7519
-5.75266
-5.75353
-5.75451
-5.7553
-5.75606
-5.75663
-5.75716
-5.75781
-5.75842
-5.75929
-5.75983
-5.76049
-5.76126
-5.76154
-5.76179
-5.76216
-5.76264
-5.76294
-5.76336
-5.76374
-5.76409
-5.76426
-5.76393
-5.76433
-5.76455
-5.76458
-5.76413
-5.76409
-5.76402
-5.76392
-5.76393
-5.76376
-5.76386
-5.76362
-5.76304
-5.76258
-5.76224
-5.76156
-5.76115
-5.76055
-5.76007
-5.75956
-5.75871
-5.75813
-5.75736
-5.75701
-5.75633
-5.75576
-5.75516
-5.75392
-5.75295
-5.7521
-5.75107
-5.75
-5.7489
-5.74777
-5.74675
-5.74601
-5.74509
-5.74428
-5.743
-5.74183
-5.74079
-5.73926
-5.73801
-5.73703
-5.73603
-5.73484
-5.73348
-5.73209
-5.73067
-5.72923
-5.72746
-5.72581
-5.72414
-5.7226
-5.72118
-5.71974
-5.71812
-5.71632
-5.71421
-5.71252
-5.71081
-5.70952
-5.70761
-5.70568
-5.70403
-5.70266
-5.70096
-5.69939
-5.6972
-5.69544
-5.69335
-5.69139
-5.68957
-5.68757
-5.68571
-5.68382
-5.68162
0
-5.67483
-5.67259
-5.66999
-5.66733
-5.66461
-5.66198
-5.65884
-5.65625
-5.653
-5.65
-5.6471
-5.64416
-5.64086
-5.63737
-5.63414
-5.63103
-5.62787
-5.62453
-5.62115
-5.61775
-5.61431
-5.61085
-5.60767
-5.60402
-5.6005
-5.59682
-5.59343
-5.59002
-5.58646
-5.5826
-5.57918
-5.57562
-5.57221
-5.56866
-5.56511
-5.56128
-5.55806
-5.5547
-5.55106
-5.54759
-5.54415
-5.54102
-5.53763
-5.53441
-5.53107
-5.52761
-5.52418
-5.52109
-5.51774
-5.51412
-5.5107
-5.50748
-5.50445
-5.50192
-5.49929
-5.49686
-5.49419
-5.49127
-5.48887
-5.48622
-5.48348
-5.48096
-5.47851
-5.47582
-5.47321
-5.47127
-5.46896
-5.46687
-5.46486
-5.46277
-5.46092
-5.459
-5.45762
-5.45587
-5.45406
-5.45248
-5.45084
-5.44974
-5.44858
-5.44765
-5.44667
-5.44577
-5.44496
-5.44408
-5.44329
-5.44259
-5.44182
-5.44128
-5.44098
-5.44091
-5.44092
-5.44085
-5.44085
-5.44048
-5.44047
-5.44069
-5.44066
-5.441
-5.44141
-5.44202
-5.44253
-5.44325
-5.44356
-5.44408
-5.44479
-5.44554
-5.44633
-5.44731
-5.44818
-5.44907
-5.44985
-5.45095
-5.45254
-5.4537
-5.45473
-5.45563
-5.45685
-5.45809
-5.45875
-5.45987
-5.46085
-5.46216
-5.46347
-5.46464
-5.46583
-5.46657
-5.46763
-5.46915
-5.47053
-5.47176
-5.47301
-5.47411
-5.47537
-5.47694
-5.47838
-5.47967
-5.48097
-5.48198
-5.48314
-5.48432
-5.48551
-5.48687
-5.48853
-5.48976
-5.4913
-5.4927
-5.49396
-5.49538
-5.49697
-5.49842
-5.49989
-5.50152
-5.50301
-5.50436
-5.50603
-5.50771
-5.5088
-5.5105
-5.51237
-5.51365
-5.51509
-5.51625
-5.51786
-5.51934
-5.52083
-5.52247
-5.52413
-5.52564
-5.52746
-5.52914
-5.53082
-5.53266
-5.53405
-5.53545
-5.53699
-5.53824
-5.53995
-5.5415
-5.5432
-5.5449
-5.54644
-5.54783
-5.54936
-5.55119
-5.55301
-5.55483
-5.55663
-5.55797
-5.55974
-5.56136
-5.56296
-5.56439
-5.5661
-5.5678
-5.56947
-5.57113
-5.57276
-5.57391
-5.57518
-5.57688
-5.5784
-5.57974
-5.58119
-5.58246
-5.58354
-5.58474
-5.58589
-5.587
-5.58807
-5.58909
-5.59006
-5.59113
-5.5917
-5.59282
-5.59388
-5.59458
-5.59537
-5.59565
-5.59617
-5.59662
-5.597
-5.59716
-5.5974
-5.59772
-5.59781
-5.59798
-5.59776
-5.59776
-5.59799
-5.59797
-5.59787
-5.59739
-5.59681
-5.59599
-5.59522
-5.59452
-5.59372
-5.59268
-5.59153
-5.59029
-5.58896
-5.58752
-5.58659
-5.58495
-5.58322
-5.58153
-5.57975
-5.57787
-5.57574
-5.57366
-5.57104
-5.56847
-5.56596
-5.56335
-5.56066
-5.55787
-5.555
-5.5522
-5.54931
-5.54665
-5.54331
-5.5402
-5.53717
-5.53362
-5.52986
-5.52589
-5.52247
-5.51885
-5.51518
-5.51118
-5.50774
-5.50382
-5.50018
-5.49622
-5.49224
-5.4881
-5.48426
-5.48043
-5.4766
-5.47309
-5.46929
-5.46583
-5.46194
-5.45839
-5.45428
-5.45082
-5.44712
-5.44317
-5.43989
-5.43667
-5.43369
-5.43048
-5.42751
-5.42447
-5.42108
-5.41823
-5.41518
-5.41283
-5.41014
-5.40771
-5.40524
-5.40273
-5.40064
-5.39837
-5.39652
-5.39478
-5.39317
-5.39184
-5.39017
-5.38924
-5.38798
-5.38714
-5.38658
-5.38614
-5.38522
-5.38488
-5.38496
-5.38501
-5.38473
-5.38472
-5.38497
-5.38519
-5.38583
-5.38627
-5.38683
-5.38719
-5.38781
-5.38869
-5.38996
-5.39104
-5.39206
-5.39333
-5.39469
-5.39598
-5.39767
-5.39959
-5.40144
-5.40337
-5.40522
-5.407
-5.409
-5.41076
-5.41274
-5.41493
-5.41733
-5.41949
-5.42184
-5.42424
-5.42684
-5.42948
-5.43216
-5.43503
-5.43748
-5.44011
-5.44261
-5.44529
-5.44815
-5.45072
-5.45315
-5.4559
-5.45866
-5.46173
-5.46436
-5.46714
-5.46946
-5.47269
-5.47517
-5.47809
-5.48115
-5.48375
-5.48619
-5.48907
-5.49193
-5.49447
-5.49669
-5.49919
-5.50212
-5.50458
-5.50716
-5.51017
-5.51285
-5.51535
-5.51767
-5.52011
-5.52267
-5.52504
-5.52708
-5.52938
-5.53164
-5.53417
-5.53621
-5.53851
-5.54062
-5.54284
-5.54472
-5.5467
-5.5488
-5.55039
-5.55255
-5.55451
-5.55628
-5.55785
-5.55952
-5.56145
-5.56318
-5.56471
-5.56604
-5.56718
-5.56857
-5.56976
-5.5709
-5.57214
-5.57348
-5.57478
-5.57617
-5.57707
-5.57822
-5.57901
-5.57976
-5.58076
-5.58156
-5.58201
-5.58257
-5.58353
-5.58369
-5.58441
-5.58493
-5.58526
-5.58584
-5.58623
-5.58658
-5.58703
-5.587
-5.58737
-5.58755
-5.58725
-5.58766
-5.58758
-5.58746
-5.58716
-5.58713
-5.58707
-5.58698
-5.587
-5.587
-5.58727
-5.58722
-5.58683
-5.58658
-5.586
-5.58554
-5.58537
-5.58503
-5.58482
-5.58444
-5.5839
-5.58319
-5.58277
-5.58233
-5.58204
-5.58174
-5.58142
-5.58126
-5.58108
-5.58075
-5.58057
-5.57977
-5.57959
-5.57925
-5.57876
-5.57842
-5.57794
-5.57776
-5.57698
-5.57651
-5.5759
-5.57514
-5.57454
-5.57425
-5.57383
-5.57356
-5.57285
-5.57276
-5.57238
-5.57201
-5.57136
-5.57102
-5.57069
-5.57038
-5.56979
-5.56951
-5.56909
-5.56884
-5.56861
-5.56855
-5.5685
-5.56832
-5.56845
-5.568
-5.56846
-5.56819
-5.56824
-5.5686
-5.56883
-5.56861
-5.56841
-5.56853
-5.5685
-5.56849
-5.56849
-5.56819
-5.56852
-5.56825
-5.56844
-5.56864
-5.5684
-5.56831
-5.56869
-5.56877
-5.56871
-5.56926
-5.56936
-5.56947
-5.56974
-5.56971
-5.56968
-5.56965
-5.56994
-5.57007
-5.57021
-5.57036
-5.57081
-5.57081
-5.57067
-5.57083
-5.57069
-5.57086
-5.57088
-5.57121
-5.57154
-5.57173
-5.57177
-5.57196
-5.57216
-5.57221
-5.57227
-5.57278
-5.5733
-5.57398
-5.57421
-5.57459
-5.57483
-5.57553
-5.57578
-5.57604
-5.57585
-5.57627
-5.57654
-5.57697
-5.5774
-5.57754
-5.57828
-5.57843
-5.57873
-5.57904
-5.57919
-5.57965
-5.58011
-5.58073
-5.58074
-5.58075
-5.58091
-5.58122
-5.58152
-5.58197
-5.58227
-5.58255
-5.58314
-5.58326
-5.58307
-5.58332
-5.58372
-5.5844
-5.58492
-5.58497
-5.58486
-5.58533
-5.58564
-5.58593
-5.58574
-5.58583
-5.5859
-5.58565
-5.58567
-5.58566
-5.58593
-5.58587
-5.58562
-5.58535
-5.58535
-5.58501
-5.58479
-5.58483
-5.58454
-5.58406
-5.58355
-5.58345
-5.58317
-5.58269
-5.58218
-5.58147
-5.58073
-5.5804
-5.57958
-5.57917
-5.57872
-5.57808
-5.57695
-5.57578
-5.57473
-5.57394
-5.57311
-5.57255
-5.57166
-5.57072
-5.56961
-5.56876
-5.56758
-5.56637
-5.56482
-5.56371
-5.56241
-5.56094
-5.55975
-5.55809
-5.55656
-5.55517
-5.55346
-5.55205
-5.55062
-5.54919
-5.54761
-5.54603
-5.5443
-5.54288
-5.54132
-5.53977
-5.53869
-5.53733
-5.53585
-5.53439
-5.53311
-5.53203
-5.53083
-5.52968
-5.52872
-5.52767
-5.52682
-5.52604
-5.52516
-5.52406
-5.52317
-5.52267
-5.52224
-5.52143
-5.52117
-5.52069
-5.52045
-5.5197
-5.5195
-5.51954
-5.51984
-5.52038
-5.52102
-5.52162
-5.52186
-5.5222
-5.52265
-5.52319
-5.52384
-5.52488
-5.52557
-5.52696
-5.52829
-5.52986
-5.53136
-5.53326
-5.53493
-5.53697
-5.53879
-5.54068
-5.54264
-5.5448
-5.54702
-5.54914
-5.55116
-5.55292
-5.55531
-5.55744
-5.5602
-5.56282
-5.56517
-5.56752
-5.57003
-5.57223
-5.57444
-5.57693
-5.57911
-5.58158
-5.58417
-5.58658
-5.58865
-5.59069
-5.59284
-5.59494
-5.59685
-5.599
-5.60094
-5.60313
-5.60465
-5.60641
-5.60825
-5.60987
-5.61142
-5.6129
-5.6143
-5.61562
-5.61671
-5.61803
-5.61911
-5.62011
-5.62102
-5.62216
-5.62306
-5.62357
-5.62415
-5.6245
-5.62522
-5.6251
-5.6252
-5.62538
-5.62532
-5.62519
-5.62498
-5.62469
-5.62464
-5.62406
-5.62386
-5.62345
-5.62281
-5.62242
-5.62181
-5.62084
-5.62012
-5.61919
-5.6182
-5.61731
-5.61638
-5.61524
-5.61422
-5.61299
-5.61188
-5.61088
-5.60923
-5.6077
-5.60659
-5.6053
-5.60413
-5.60247
-5.60094
-5.59953
-5.59809
-5.59633
-5.5947
-5.5932
-5.59168
-5.59014
-5.58858
-5.58685
-5.58571
-5.5841
-5.58248
-5.58085
-5.57906
-5.5774
-5.57574
-5.57422
-5.57285
-5.57072
-5.56934
-5.56795
-5.56672
-5.56489
-5.56352
-5.5617
-5.56003
-5.55823
-5.55644
-5.55481
-5.5532
-5.55161
-5.54988
-5.54834
-5.54667
-5.54503
-5.54357
-5.5423
-5.54106
-5.53942
-5.53797
-5.53702
-5.53566
-5.53466
-5.53357
-5.53253
-5.5317
-5.53063
-5.52962
-5.52929
-5.52857
-5.52792
-5.52719
-5.52638
-5.52595
-5.52559
-5.52546
-5.5254
-5.52557
-5.52552
-5.52584
-5.52563
-5.5261
-5.52664
-5.52649
-5.52687
-5.52732
-5.52767
-5.52809
-5.52872
-5.52941
-5.53
-5.53048
-5.53177
-5.53264
-5.53341
-5.53435
-5.53548
-5.53649
-5.53766
-5.53856
-5.53976
-5.54083
-5.54174
-5.54296
-5.54357
-5.54418
-5.54508
-5.5458
-5.54682
-5.54765
-5.54862
-5.5494
-5.55015
-5.55116
-5.55199
-5.55292
-5.55397
-5.55451
-5.55516
-5.55591
-5.55661
-5.55666
-5.55726
-5.55765
-5.55784
-5.55798
-5.55806
-5.55825
-5.55808
-5.55831
-5.5585
-5.55864
-5.55843
-5.55818
-5.5582
-5.55787
-5.55736
-5.55712
-5.5567
-5.5564
-5.55609
-5.5556
-5.55541
-5.5549
-5.55454
-5.55403
-5.55412
-5.55376
-5.55342
-5.55309
-5.55277
-5.55248
-5.55251
-5.55227
-5.55237
-5.55219
-5.55175
-5.55165
-5.55144
-5.55128
-5.55131
-5.55123
-5.55105
-5.55106
-5.55127
-5.55168
-5.55197
-5.55262
-5.55331
-5.55388
-5.55434
-5.55499
-5.55537
-5.55608
-5.55681
-5.55712
-5.5579
-5.55869
-5.55919
-5.56001
-5.56007
-5.56059
-5.5611
-5.56176
-5.56211
-5.56289
-5.56351
-5.5641
-5.56451
-5.5646
-5.56481
-5.56529
-5.56604
-5.5666
-5.56727
-5.56805
-5.5685
-5.56874
-5.5688
-5.56881
-5.56893
-5.5693
-5.56918
-5.56947
-5.56942
-5.56918
-5.56904
-5.56902
-5.56895
-5.56855
-5.56857
-5.56795
-5.56745
-5.56677
-5.56666
-5.56622
-5.56561
-5.56528
-5.56522
-5.56485
-5.56415
-5.56359
-5.56332
-5.56303
-5.56258
-5.56197
-5.5612
-5.56058
-5.55994
-5.55946
-5.55896
-5.55832
-5.55752
-5.55688
-5.55623
-5.55574
-5.55495
-5.55462
-5.55415
-5.55353
-5.55322
-5.55247
-5.55157
-5.55099
-5.55042
-5.54957
-5.54933
-5.54866
-5.54831
0
-5.54663
-5.54605
-5.54548
-5.54523
-5.54468
-5.54401
-5.54365
-5.54346
-5.54299
-5.5424
-5.54198
-5.54159
-5.54108
-5.5406
-5.54045
-5.53944
-5.53938
-5.53905
-5.53876
-5.53852
-5.53833
-5.53848
-5.53823
-5.53833
-5.53863
-5.53913
-5.53939
-5.53984
-5.5402
-5.54077
-5.54093
-5.5413
-5.54203
-5.54251
-5.54349
-5.54423
-5.54531
-5.54615
-5.54688
-5.54766
-5.54864
-5.54936
-5.55042
-5.55107
-5.55221
-5.55338
-5.55429
-5.55583
-5.55725
-5.55825
-5.55942
-5.56061
-5.56212
-5.5635
-5.56504
-5.56644
-5.56785
-5.56957
-5.57099
-5.5724
-5.57412
-5.57538
-5.57663
-5.57803
-5.57941
-5.58063
-5.58198
-5.58347
-5.58449
-5.58578
-5.58706
-5.58891
-5.59014
-5.59149
-5.59297
-5.59381
-5.59463
-5.59572
-5.59677
-5.59795
-5.59894
-5.60006
-5.60099
-5.60158
-5.60245
-5.60313
-5.60409
-5.60502
-5.60561
-5.60617
-5.60655
-5.60736
-5.60799
-5.60874
-5.60946
-5.61031
-5.61068
-5.61133
-5.6115
-5.61195
-5.61178
-5.61279
-5.61334
-5.61356
-5.61391
-5.61439
-5.61471
-5.61486
-5.61498
-5.6154
-5.61549
-5.61587
-5.61563
-5.61598
-5.61601
-5.61617
-5.61602
-5.61645
-5.61656
-5.6168
-5.61672
-5.61708
-5.61711
-5.61712
-5.61696
-5.61693
-5.61702
-5.61694
-5.61668
-5.61655
-5.61669
-5.6165
-5.61612
-5.61601
-5.61557
-5.61539
-5.61518
-5.61493
-5.61464
-5.61431
-5.61363
-5.61306
-5.6126
-5.61194
-5.61123
-5.61047
-5.60936
-5.60835
-5.60728
-5.60662
-5.60545
-5.60452
-5.60309
-5.6019
-5.60095
-5.5998
-5.59843
-5.59716
-5.59537
-5.59382
-5.59236
-5.59054
-5.58882
-5.58672
-5.58487
-5.58311
-5.58128
-5.57924
-5.57714
-5.57497
-5.5729
-5.57061
-5.56795
-5.56554
-5.56322
-5.56009
-5.55735
-5.5547
-5.55169
-5.54893
-5.54566
-5.54233
-5.53911
-5.53613
-5.5331
-5.53017
-5.52675
-5.52357
-5.52066
-5.51755
-5.51456
-5.51107
-5.50724
-5.50384
-5.50055
-5.49709
-5.49345
-5.49024
-5.48701
-5.48361
-5.48005
-5.47679
-5.47292
-5.4692
-5.46533
-5.46177
-5.45822
-5.4547
-5.45119
-5.44756
-5.44427
-5.44086
-5.4375
-5.43434
-5.43123
-5.42742
-5.42429
-5.42123
-5.41809
-5.41518
-5.41237
-5.40994
-5.40747
-5.4051
-5.40253
-5.40023
-5.39819
-5.39597
-5.39373
-5.39177
-5.3901
-5.38841
-5.38701
-5.3859
-5.38478
-5.38382
-5.38284
-5.38202
-5.3812
-5.38113
-5.38076
-5.38084
-5.38091
-5.38129
-5.38151
-5.38248
-5.3833
-5.38395
-5.3849
-5.38628
-5.3875
-5.38869
-5.39046
-5.3919
-5.39361
-5.39528
-5.39736
-5.39909
-5.40153
-5.40376
-5.40623
-5.40879
-5.41112
-5.41308
-5.41571
-5.41825
-5.421
-5.42365
-5.42681
-5.42955
-5.43248
-5.43545
-5.43814
-5.44115
-5.44403
-5.44738
-5.45013
-5.45304
-5.45594
-5.45899
-5.46218
-5.46535
-5.46836
-5.4715
-5.47446
-5.4777
-5.48075
-5.48377
-5.4866
-5.48939
-5.49228
-5.49513
-5.49823
-5.50068
-5.50277
-5.50541
-5.50814
-5.51036
-5.51283
-5.51477
-5.51666
-5.51908
-5.52114
-5.52313
-5.52505
-5.5266
-5.52853
-5.53039
-5.53219
-5.53391
-5.53541
-5.53684
-5.53835
-5.53949
-5.5407
-5.54184
-5.54307
-5.54346
-5.54469
-5.54539
-5.54633
-5.54719
-5.54784
-5.54841
-5.54876
-5.54904
-5.54986
-5.55
-5.55038
-5.55054
-5.55063
-5.55081
-5.55078
-5.55083
-5.55067
-5.5506
-5.55046
-5.54982
-5.54957
-5.54911
-5.5483
-5.54789
-5.54727
-5.54645
-5.54573
-5.54496
-5.5437
-5.54315
-5.54225
-5.54131
-5.54048
-5.53917
-5.53812
-5.53688
-5.53562
-5.53433
-5.53331
-5.53196
-5.53059
-5.5292
-5.52794
-5.52681
-5.52567
-5.52436
-5.52318
-5.522
-5.5208
-5.51959
-5.51792
-5.51654
-5.51546
-5.51421
-5.51281
-5.5114
-5.50999
-5.50856
-5.50728
-5.50585
-5.50441
-5.5028
-5.5018
-5.50018
-5.49841
-5.49678
-5.49544
-5.49348
-5.49182
-5.49076
-5.48907
-5.48783
-5.48658
-5.48517
-5.48389
-5.48246
-5.48086
-5.47954
-5.47807
-5.47644
-5.47434
-5.47299
-5.47117
-5.46981
-5.46798
-5.4663
-5.46477
-5.46294
-5.46125
-5.45942
-5.4576
-5.45578
-5.45412
-5.45248
-5.451
-5.44939
-5.44764
-5.44623
-5.44438
-5.44257
-5.44139
-5.43995
-5.43885
-5.43733
-5.43617
-5.43475
-5.43338
-5.43236
-5.4311
-5.4302
-5.42967
-5.42904
-5.42834
-5.42754
-5.42682
-5.42617
-5.4256
-5.42495
-5.42468
-5.42418
-5.42362
-5.42343
-5.42333
-5.42331
-5.42352
-5.42367
-5.42404
-5.4242
-5.4249
-5.42537
-5.42608
-5.42671
-5.42743
-5.42792
-5.42894
-5.42988
-5.4309
-5.43183
-5.43284
-5.43391
-5.4355
-5.43639
-5.43795
-5.43911
-5.44063
-5.44204
-5.4438
-5.44516
-5.4467
-5.44828
-5.44989
-5.45213
-5.4541
-5.45579
-5.4575
-5.45937
-5.46126
-5.46315
-5.4652
-5.4671
-5.46899
-5.47089
-5.47277
-5.4745
-5.47651
-5.47836
-5.48019
-5.482
-5.4841
-5.48571
-5.48745
-5.48932
-5.491
-5.49236
-5.49398
-5.49542
-5.49729
-5.49896
-5.5
-5.50176
-5.50319
-5.50458
-5.50563
-5.50694
-5.50823
-5.50932
-5.51008
-5.51156
-5.51271
-5.51412
-5.5152
-5.5161
-5.51741
-5.5184
-5.51951
-5.52044
-5.52134
-5.52191
-5.52276
-5.52358
-5.52438
-5.52501
-5.52591
-5.5268
-5.52751
-5.5279
-5.52888
-5.52938
-5.53002
-5.53095
-5.53216
-5.5323
-5.53303
-5.5336
-5.534
-5.535
-5.53553
-5.53604
-5.53609
-5.53643
-5.53706
-5.53753
-5.53799
-5.53858
-5.53902
-5.53959
-5.53984
-5.54024
-5.54092
-5.54128
-5.54148
-5.54197
-5.54214
-5.54259
-5.54287
-5.54284
-5.54263
-5.54286
-5.54322
-5.54355
-5.54387
-5.5437
-5.54396
-5.5442
-5.54426
-5.54414
-5.54429
-5.54396
-5.54361
-5.54352
-5.5437
-5.54369
-5.54366
-5.54298
-5.54287
-5.54258
-5.5424
-5.54203
-5.54193
-5.54179
-5.54146
-5.54094
-5.54024
-5.53964
-5.53962
-5.5388
-5.5381
-5.53706
-5.53628
-5.53532
-5.53447
-5.53314
-5.53223
-5.53128
-5.53031
-5.52915
-5.52827
-5.5272
-5.52582
-5.52486
-5.52387
-5.52242
-5.52124
-5.5202
-5.51899
-5.51777
-5.51653
-5.51482
-5.51356
-5.51214
-5.51101
-5.50973
-5.50829
-5.50685
-5.50571
-5.50458
-5.5036
-5.50247
-5.50075
-5.49948
-5.49793
-5.4967
-5.49532
-5.49382
-5.49248
-5.49131
-5.49002
-5.48875
-5.48765
-5.48643
-5.4854
-5.48455
-5.48373
-5.48279
-5.48204
-5.48119
-5.48037
-5.47975
-5.47887
-5.47833
-5.47785
-5.47711
-5.47687
-5.47668
-5.47624
-5.4757
-5.47522
-5.47493
-5.47455
-5.47482
-5.47484
-5.47491
-5.47472
-5.47459
-5.4745
-5.47431
-5.47477
-5.47467
-5.47477
-5.47505
-5.47567
-5.47587
-5.47626
-5.47668
-5.47727
-5.47774
-5.47807
-5.47843
-5.47849
-5.47888
-5.47927
-5.47981
-5.48036
-5.48092
-5.48146
-5.48185
-5.48239
-5.48306
-5.48342
-5.48377
-5.48394
-5.48455
-5.48514
-5.48585
-5.48608
-5.48643
-5.48675
-5.48689
-5.48715
-5.48752
-5.48771
-5.48755
-5.48752
-5.4879
-5.48794
-5.48824
-5.48806
-5.48798
-5.48772
-5.48772
-5.48724
-5.48762
-5.48706
-5.48662
-5.48599
-5.48563
-5.48524
-5.48467
-5.48437
-5.48419
-5.48354
-5.48316
-5.48275
-5.48233
-5.48173
-5.48112
-5.48079
-5.47984
-5.47918
-5.47881
-5.47813
-5.47745
-5.47721
-5.47682
-5.47598
-5.47529
-5.47475
-5.47452
-5.47415
-5.47334
-5.47283
-5.47235
-5.47127
-5.47067
-5.46993
-5.46936
-5.46867
-5.46815
-5.46797
-5.4678
-5.46752
-5.46712
-5.46675
-5.46657
-5.46627
-5.46571
-5.46518
-5.46514
-5.46484
-5.46489
-5.46467
-5.4648
-5.46482
-5.46518
-5.46559
-5.46574
-5.46608
-5.46632
-5.46675
-5.46708
-5.4679
-5.46831
-5.46862
-5.46912
-5.46937
-5.47041
-5.47073
-5.47141
-5.47197
-5.47257
-5.47351
-5.47404
-5.47505
-5.4761
-5.47689
-5.47771
-5.47871
-5.48004
-5.4811
-5.48174
-5.48285
-5.48369
-5.48516
-5.48636
-5.48757
-5.4888
-5.49005
-5.49132
-5.49246
-5.49391
-5.49538
-5.4967
-5.49819
-5.49954
-5.50089
-5.50241
-5.50407
-5.50529
-5.50652
-5.50789
-5.50942
-5.51049
-5.51156
-5.51278
-5.5143
-5.51551
-5.51687
-5.51821
-5.5197
-5.52103
-5.52205
-5.5235
-5.5251
-5.52638
-5.5278
-5.5292
-5.53028
-5.53164
-5.53284
-5.53447
-5.53548
-5.53646
-5.53728
-5.53822
-5.53929
-5.54034
-5.54136
-5.54236
-5.54333
-5.54428
-5.54505
-5.54595
-5.54682
-5.54751
-5.54817
-5.54911
-5.55001
-5.55059
-5.55159
-5.55211
-5.5529
-5.55321
-5.55394
-5.55449
-5.55561
-5.55624
-5.55684
-5.55681
-5.5572
-5.55771
-5.55788
-5.55816
-5.55857
-5.55879
-5.55897
-5.55881
-5.55862
-5.559
-5.55888
-5.55888
-5.559
-5.55892
-5.55911
-5.55911
-5.55923
-5.55915
-5.55858
-5.55888
-5.55839
-5.55801
-5.55775
-5.55714
-5.55635
-5.55582
-5.5548
-5.55436
-5.55373
-5.55306
-5.55222
-5.55134
-5.55074
-5.55042
-5.54932
-5.54865
-5.54796
-5.54755
-5.54653
-5.5455
-5.5446
-5.5434
-5.5422
-5.5413
-5.5404
-5.53967
-5.53864
-5.53823
-5.53708
-5.5364
-5.5353
-5.53452
-5.53333
-5.53231
-5.53163
-5.53084
-5.53039
-5.52998
-5.52901
-5.52853
-5.52795
-5.52771
-5.52736
-5.52705
-5.52664
-5.52656
-5.52652
-5.52637
-5.52625
-5.52631
-5.52624
-5.5265
-5.52648
-5.52632
-5.52587
-5.52603
-5.52634
-5.52635
-5.52651
-5.52635
-5.52602
-5.52613
-5.52606
-5.52596
-5.52597
-5.52565
-5.52559
-5.52563
-5.52532
-5.52496
-5.52455
-5.52423
-5.5237
-5.52311
-5.52231
-5.52129
-5.52036
-5.51951
-5.5186
-5.51792
-5.51673
-5.51547
-5.51415
-5.51307
-5.51192
-5.51027
-5.50885
-5.50723
-5.50571
-5.50429
-5.50252
-5.50116
-5.49961
-5.49771
-5.49592
-5.49411
-5.49257
-5.4907
-5.4885
-5.48614
-5.48421
-5.48228
-5.48049
-5.47854
-5.47659
-5.4745
-5.47226
-5.47064
-5.46873
-5.46683
-5.46481
-5.46311
-5.46114
-5.4592
-5.4576
-5.45588
-5.45405
-5.45241
-5.45097
-5.44927
-5.44822
-5.44677
-5.44522
-5.44418
-5.44289
-5.44181
-5.44063
-5.43936
-5.43815
-5.4373
-5.43621
-5.43563
-5.43512
0
-5.4327
-5.43148
-5.43091
-5.43008
-5.42929
-5.42884
-5.42813
-5.42776
-5.42712
-5.42682
-5.4264
-5.42572
-5.42582
-5.42549
-5.42519
-5.42477
-5.42451
-5.42412
-5.42375
-5.42385
-5.4235
-5.42346
-5.42327
-5.42309
-5.42305
-5.42301
-5.42281
-5.4229
-5.42282
-5.42242
-5.42215
-5.42186
-5.42138
-5.42073
-5.42004
-5.41976
-5.41914
-5.41864
-5.41823
-5.41778
-5.41728
-5.41688
-5.41613
-5.41531
-5.4143
-5.41337
-5.41224
-5.4112
-5.40995
-5.40849
-5.40742
-5.4063
-5.40481
-5.40357
-5.40258
-5.40078
-5.39907
-5.39716
-5.39565
-5.39394
-5.39204
-5.39039
-5.3887
-5.38698
-5.38476
-5.38251
-5.38008
-5.37762
-5.37559
-5.37339
-5.37117
-5.36923
-5.36744
-5.36518
-5.36261
-5.3605
-5.35838
-5.35626
-5.35415
-5.35235
-5.35026
-5.34817
-5.34581
-5.34376
-5.34158
-5.33957
-5.33743
-5.33547
-5.33385
-5.33194
-5.33007
-5.32823
-5.32643
-5.32451
-5.32247
-5.32077
-5.31896
-5.31674
-5.31516
-5.31362
-5.31213
-5.31083
-5.30942
-5.3082
-5.30704
-5.30576
-5.30454
-5.30321
-5.30224
-5.30101
-5.29998
-5.29917
-5.2981
-5.29754
-5.29674
-5.29585
-5.29562
-5.29546
-5.29505
-5.29442
-5.2943
-5.29426
-5.29413
-5.29378
-5.29366
-5.29361
-5.29365
-5.29376
-5.29396
-5.2944
-5.29478
-5.29509
-5.29565
-5.29615
-5.29675
-5.29744
-5.29898
-5.29987
-5.30101
-5.30255
-5.30373
-5.30531
-5.3073
-5.30878
-5.31066
-5.31233
-5.31425
-5.31625
-5.31865
-5.32084
-5.32295
-5.32561
-5.32803
-5.33038
-5.33281
-5.33529
-5.33769
-5.34015
-5.34311
-5.34612
-5.34872
-5.35166
-5.35479
-5.35764
-5.36066
-5.36355
-5.36645
-5.36995
-5.37286
-5.37591
-5.37895
-5.38213
-5.38573
-5.38916
-5.39211
-5.39502
-5.3982
-5.40102
-5.40395
-5.40698
-5.40965
-5.41256
-5.41495
-5.41743
-5.41969
-5.42218
-5.4246
-5.42694
-5.4289
-5.43093
-5.43258
-5.4343
-5.43608
-5.43763
-5.43925
-5.44093
-5.44208
-5.44314
-5.44457
-5.44621
-5.44762
-5.4488
-5.44974
-5.45031
-5.45124
-5.45195
-5.45273
-5.45313
-5.45346
-5.45401
-5.45405
-5.45447
-5.45467
-5.45481
-5.4555
-5.45537
-5.45549
-5.4554
-5.45511
-5.45507
-5.45484
-5.45471
-5.45379
-5.45329
-5.4526
-5.45202
-5.45187
-5.4514
-5.45074
-5.45022
-5.44998
-5.44988
-5.44931
-5.44873
-5.44814
-5.44769
-5.44754
-5.44694
-5.44588
-5.44558
-5.44468
-5.44378
-5.44335
-5.44276
-5.44204
-5.44117
-5.44046
-5.44037
-5.43984
-5.43886
-5.4385
-5.438
-5.43752
-5.43674
-5.43628
-5.43582
-5.43523
-5.43419
-5.43391
-5.43365
-5.43278
-5.43207
-5.43198
-5.43158
-5.43134
-5.43079
-5.43024
-5.43
-5.42975
-5.4295
-5.4291
-5.42883
-5.42841
-5.42799
-5.4271
-5.42665
-5.42605
-5.42528
-5.42465
-5.42387
-5.42292
-5.42212
-5.42131
-5.42064
-5.42012
-5.41928
-5.4189
-5.41836
-5.41797
-5.41743
-5.41704
-5.41665
-5.41673
-5.41635
-5.41614
-5.41563
-5.41514
-5.41467
-5.41436
-5.41422
-5.4138
-5.41355
-5.41347
-5.41312
-5.41279
-5.41249
-5.41222
-5.41197
-5.41175
-5.41126
-5.4108
-5.41067
-5.41056
-5.41079
-5.41074
-5.41027
-5.41027
-5.40999
-5.41004
-5.4101
-5.41018
-5.41043
-5.41039
-5.4105
-5.41093
-5.4109
-5.41087
-5.41084
-5.41126
-5.41152
-5.41162
-5.41185
-5.41161
-5.4115
-5.41136
-5.4115
-5.41162
-5.41154
-5.41128
-5.41114
-5.41065
-5.41058
-5.41046
-5.41044
-5.41008
-5.40966
-5.4092
-5.40884
-5.40827
-5.40765
-5.40652
-5.40595
-5.40517
-5.40433
-5.40329
-5.40235
-5.4012
-5.4
-5.3992
-5.3982
-5.397
-5.39591
-5.39431
-5.39267
-5.39129
-5.38926
-5.38764
-5.38599
-5.38445
-5.38258
-5.38083
-5.3798
-5.37784
-5.37601
-5.3743
-5.37288
-5.37113
-5.36937
-5.36745
-5.36567
-5.36372
-5.36207
-5.36042
-5.35861
-5.35695
-5.35515
-5.35334
-5.35139
-5.34944
-5.34766
-5.34603
-5.34411
-5.34205
-5.34031
-5.33873
-5.33732
-5.33562
-5.33393
-5.33272
-5.33167
-5.32958
-5.32782
-5.32622
-5.32433
-5.32262
-5.32138
-5.31985
-5.31819
-5.31685
-5.31537
-5.31406
-5.31262
-5.31105
-5.30964
-5.30855
-5.30687
-5.30536
-5.30417
-5.30284
-5.30138
-5.30054
-5.29942
-5.29846
-5.29707
-5.29585
-5.2945
-5.29332
-5.29246
-5.29147
-5.29066
-5.28986
-5.28864
-5.2876
-5.28704
-5.2856
-5.28465
-5.28403
-5.28329
-5.28273
-5.28206
-5.28143
-5.28084
-5.27999
-5.27948
-5.27857
-5.2783
-5.27763
-5.27716
-5.2769
-5.27683
-5.27606
-5.2758
-5.27575
-5.2756
-5.27551
-5.27518
-5.27565
-5.27589
-5.27603
-5.27608
-5.27603
-5.2762
-5.27657
-5.277
-5.27719
-5.27788
-5.27832
-5.27912
-5.27967
-5.28057
-5.28107
-5.28176
-5.28235
-5.28328
-5.28441
-5.28542
-5.28662
-5.28786
-5.28913
-5.29028
-5.2913
-5.29281
-5.29404
-5.29546
-5.29689
-5.29805
-5.29908
-5.30043
-5.3015
-5.3032
-5.30491
-5.30665
-5.30827
-5.30975
-5.31126
-5.31279
-5.31435
-5.31579
-5.31696
-5.31862
-5.32076
-5.32234
-5.32411
-5.32592
-5.32748
-5.32939
-5.33135
-5.33352
-5.33559
-5.33786
-5.34035
-5.34274
-5.34475
-5.34696
-5.34924
-5.35158
-5.35444
-5.35721
-5.35973
-5.36231
-5.36541
-5.3681
-5.37099
-5.37408
-5.37691
-5.38009
-5.3836
-5.38638
-5.38965
-5.39263
-5.39592
-5.39907
-5.40238
-5.40553
-5.40897
-5.41195
-5.41536
-5.41843
-5.42133
-5.42433
-5.42729
-5.43036
-5.43322
-5.43602
-5.43845
-5.44112
-5.44356
-5.44593
-5.44837
-5.45043
-5.45256
-5.45505
-5.4573
-5.45931
-5.46137
-5.46365
-5.46523
-5.46687
-5.46811
-5.46941
-5.47076
-5.47187
-5.47258
-5.47351
-5.47435
-5.47539
-5.47545
-5.47633
-5.47682
-5.47739
-5.47757
-5.47783
-5.47847
-5.47874
-5.47864
-5.47863
-5.47871
-5.47888
-5.47915
-5.47892
-5.47924
-5.47892
-5.47856
-5.47816
-5.47804
-5.47758
-5.47725
-5.4772
-5.47699
-5.47676
-5.47622
-5.47613
-5.47573
-5.47534
-5.47481
-5.47428
-5.47422
-5.47403
-5.47386
-5.47386
-5.47359
-5.47365
-5.4733
-5.47297
-5.47254
-5.4726
-5.47271
-5.47286
-5.47276
-5.47271
-5.47286
-5.47307
-5.47318
-5.47365
-5.47402
-5.47401
-5.47465
-5.4746
-5.47537
-5.47604
-5.47677
-5.47801
-5.47916
-5.47991
-5.48072
-5.48173
-5.48295
-5.48421
-5.48507
-5.48627
-5.48767
-5.48895
-5.49028
-5.49163
-5.49331
-5.49487
-5.49645
-5.49775
-5.49891
-5.50038
-5.50186
-5.50348
-5.5045
-5.50597
-5.50742
-5.50901
-5.51058
-5.51196
-5.51362
-5.51479
-5.51623
-5.51731
-5.51896
-5.51994
-5.52102
-5.52204
-5.523
-5.52389
-5.52471
-5.52531
-5.52613
-5.52642
-5.52632
-5.52645
-5.52694
-5.52719
-5.52736
-5.52698
-5.52697
-5.52672
-5.52667
-5.52639
-5.52632
-5.52571
-5.52516
-5.52438
-5.52366
-5.52286
-5.52214
-5.52148
-5.52015
-5.51891
-5.51805
-5.51667
-5.51554
-5.51405
-5.51251
-5.51123
-5.50931
-5.50781
-5.50627
-5.50486
-5.50344
-5.50184
-5.50024
-5.49863
-5.49703
-5.49619
-5.4943
-5.49257
-5.49072
-5.48889
-5.4874
-5.48579
-5.48451
-5.48328
-5.48179
-5.4805
-5.47925
-5.47806
-5.47678
-5.476
-5.47498
-5.47387
-5.47297
-5.47228
-5.4712
-5.47048
-5.46952
-5.46923
-5.46884
-5.46822
-5.46795
-5.46759
-5.46728
-5.46718
-5.46728
-5.46743
-5.46718
-5.46727
-5.46741
-5.46773
-5.46749
-5.46759
-5.46772
-5.46788
-5.46807
-5.46828
-5.46852
-5.46892
-5.46904
-5.46948
-5.46978
-5.47009
-5.47025
-5.47058
-5.4709
-5.47123
-5.47156
-5.47219
-5.47251
-5.47282
-5.47328
-5.47373
-5.47402
-5.47414
-5.47425
-5.47405
-5.47443
-5.4745
-5.4744
-5.47473
-5.47474
-5.47473
-5.47486
-5.47511
-5.47505
-5.47466
-5.47501
-5.47518
-5.47519
-5.47532
-5.47529
-5.47463
-5.47456
-5.47477
-5.47466
-5.47499
-5.475
-5.475
-5.47483
-5.47495
-5.47475
-5.47485
-5.47463
-5.47395
-5.47387
-5.47362
-5.47337
-5.47312
-5.47316
-5.47289
-5.47278
-5.47251
-5.47179
-5.47152
-5.47125
-5.47084
-5.47088
-5.47047
-5.47007
-5.46983
-5.46974
-5.46951
-5.46914
-5.46908
-5.46887
-5.46868
-5.46864
-5.46801
-5.46785
-5.46785
-5.46755
-5.46697
-5.4667
-5.46689
-5.4668
-5.46686
-5.46664
-5.46582
-5.46607
-5.46573
-5.46555
-5.46554
-5.46553
-5.46553
-5.4657
-5.46558
-5.46591
-5.46596
-5.46602
-5.46593
-5.46616
-5.4661
-5.4662
-5.46631
-5.46643
-5.46687
-5.46687
-5.46703
-5.46751
-5.46785
-5.46805
-5.46827
-5.46836
-5.46876
-5.46858
-5.46902
-5.46948
-5.4698
-5.46984
-5.47006
-5.4706
-5.47071
-5.47084
-5.47144
-5.47177
-5.47273
-5.47341
-5.47381
-5.47439
-5.47484
-5.47547
-5.47613
-5.47696
-5.47797
-5.4778
-5.47841
-5.47905
-5.47986
-5.48086
-5.48187
-5.48306
-5.48428
-5.48507
-5.48604
-5.48718
-5.48804
-5.48862
-5.48967
-5.4906
-5.49155
-5.49251
-5.49395
-5.49511
-5.49628
-5.49748
-5.49853
-5.49991
-5.5013
-5.50286
-5.50383
-5.50496
-5.50611
-5.50681
-5.50768
-5.50931
-5.51065
-5.512
-5.51351
-5.51488
-5.51595
-5.51732
-5.51885
-5.51993
-5.52147
-5.52301
-5.5247
-5.52609
-5.52747
-5.52886
-5.53054
-5.53176
-5.53374
-5.53465
-5.536
-5.53735
-5.53914
-5.54046
-5.54178
-5.54308
-5.54391
-5.54549
-5.54689
-5.54798
-5.5492
-5.5507
-5.55188
-5.55288
-5.55417
-5.55513
-5.55682
-5.55788
-5.55906
-5.55961
-5.56089
-5.56215
-5.56307
-5.5641
-5.56496
-5.56548
-5.56612
-5.56688
-5.56775
-5.5689
-5.57001
-5.57048
-5.57136
-5.57176
-5.57197
-5.57244
-5.57272
-5.57312
-5.57333
-5.57365
-5.57378
-5.57387
-5.57407
-5.57454
-5.57436
-5.57459
-5.57478
-5.57463
-5.57474
-5.57481
-5.57469
-5.57452
-5.57432
-5.57422
-5.57393
-5.57375
-5.57308
-5.57266
-5.57236
-5.57156
-5.57087
-5.57029
-5.56953
-5.56857
-5.56787
-5.56744
-5.56697
-5.56601
-5.56516
-5.56427
-5.5632
-5.56194
-5.56065
-5.55948
-5.55812
-5.55703
-5.55652
-5.55568
-5.55436
-5.55301
-5.55164
-5.5504
-5.54915
-5.54787
0
-5.543
-5.54193
-5.54042
-5.53893
-5.53745
-5.53644
-5.53545
-5.53418
-5.53294
-5.53172
-5.53069
-5.52954
-5.52873
-5.52766
-5.52664
-5.52581
-5.52488
-5.524
-5.52347
-5.5227
-5.52169
-5.52104
-5.52031
-5.51949
-5.51935
-5.51897
-5.51837
-5.51784
-5.51739
-5.51731
-5.51747
-5.51771
-5.51818
-5.51874
-5.51938
-5.51934
-5.5197
-5.52044
-5.52111
-5.52187
-5.52302
-5.52379
-5.5248
-5.52589
-5.52661
-5.52831
-5.52949
-5.53135
-5.53268
-5.53408
-5.53556
-5.53725
-5.539
-5.54112
-5.54285
-5.54479
-5.54678
-5.54867
-5.55076
-5.5529
-5.55478
-5.55684
-5.55894
-5.56061
-5.56322
-5.56556
-5.56776
-5.56997
-5.5722
-5.57475
-5.57714
-5.57924
-5.58134
-5.58388
-5.58642
-5.58879
-5.59115
-5.59335
-5.59552
-5.59797
-5.60024
-5.60249
-5.605
-5.60734
-5.60933
-5.61114
-5.61306
-5.61494
-5.61707
-5.61917
-5.62121
-5.62337
-5.62487
-5.62662
-5.62802
-5.62983
-5.63173
-5.63328
-5.63478
-5.63623
-5.63748
-5.63882
-5.63981
-5.6412
-5.64253
-5.64366
-5.64489
-5.64607
-5.64705
-5.64812
-5.6496
-5.65042
-5.65134
-5.65191
-5.65242
-5.65319
-5.6533
-5.65396
-5.65442
-5.65483
-5.65518
-5.65594
-5.65604
-5.65624
-5.65639
-5.65664
-5.65684
-5.65683
-5.65676
-5.6565
-5.65633
-5.65625
-5.65597
-5.65564
-5.65525
-5.65481
-5.65431
-5.6539
-5.65314
-5.65233
-5.65191
-5.65128
-5.6503
-5.64927
-5.64818
-5.64734
-5.64614
-5.64489
-5.64359
-5.6427
-5.6416
-5.6403
-5.6388
-5.63726
-5.63567
-5.63403
-5.63251
-5.63094
-5.62933
-5.62753
-5.62585
-5.62412
-5.62252
-5.62057
-5.61875
-5.61705
-5.61531
-5.6137
-5.61176
-5.60949
-5.60764
-5.60593
-5.60388
-5.60166
-5.59972
-5.5976
-5.59561
-5.59345
-5.59126
-5.58906
-5.58667
-5.58457
-5.58275
-5.58046
-5.57799
-5.5755
-5.57314
-5.5706
-5.56819
-5.56576
-5.56346
-5.56084
-5.5585
-5.55599
-5.55316
-5.55076
-5.5479
-5.54547
-5.54273
-5.54027
-5.53766
-5.53489
-5.53242
-5.52994
-5.52762
-5.52514
-5.52238
-5.51992
-5.51702
-5.51444
-5.51158
-5.50874
-5.50592
-5.50329
-5.50085
-5.49889
-5.49682
-5.49434
-5.49237
-5.49029
-5.48827
-5.486
-5.48394
-5.48194
-5.48015
-5.47858
-5.47693
-5.47504
-5.47337
-5.47161
-5.46993
-5.46862
-5.46723
-5.46607
-5.46482
-5.46379
-5.46267
-5.46178
-5.4608
-5.45988
-5.45918
-5.45838
-5.45764
-5.45711
-5.45664
-5.45606
-5.45568
-5.4552
-5.45521
-5.45451
-5.4537
-5.45368
-5.45339
-5.45297
-5.45244
-5.45207
-5.45204
-5.45187
-5.45172
-5.45143
-5.451
-5.45074
-5.45064
-5.45084
-5.4509
-5.45067
-5.45028
-5.44975
-5.44952
-5.44959
-5.44951
-5.44972
-5.44948
-5.44954
-5.44944
-5.44949
-5.44954
-5.44942
-5.4493
-5.44933
-5.44935
-5.44921
-5.44921
-5.44937
-5.44906
-5.4489
-5.44874
-5.44857
-5.44825
-5.44808
-5.44821
-5.44789
-5.44786
-5.44799
-5.44782
-5.4472
-5.44704
-5.44703
-5.44687
-5.44672
-5.44627
-5.44643
-5.44614
-5.44602
-5.44559
-5.44547
-5.44521
-5.44481
-5.44456
-5.44417
-5.4444
-5.44462
-5.4444
-5.44434
-5.44443
-5.44438
-5.44433
-5.44413
-5.44408
-5.44433
-5.44413
-5.44423
-5.44387
-5.44381
-5.44374
-5.44351
-5.44327
-5.44316
-5.44335
-5.44336
-5.44335
-5.44333
-5.44312
-5.44275
-5.44309
-5.44296
-5.44264
-5.44214
-5.44191
-5.44148
-5.44147
-5.44126
-5.44056
-5.43966
-5.43902
-5.43788
-5.43715
-5.43636
-5.43568
-5.4348
-5.43417
-5.43334
-5.43215
-5.43107
-5.42994
-5.42876
-5.42739
-5.42612
-5.42465
-5.4236
-5.42221
-5.42078
-5.41947
-5.41783
-5.41631
-5.41492
-5.41351
-5.41194
-5.41035
-5.40845
-5.40701
-5.40511
-5.40367
-5.40224
-5.40082
-5.39943
-5.3979
-5.39611
-5.3948
-5.39322
-5.39169
-5.3905
-5.38922
-5.38783
-5.38696
-5.38585
-5.3848
-5.38397
-5.38276
-5.38208
-5.38117
-5.38034
-5.37974
-5.37938
-5.37894
-5.37859
-5.37787
-5.37769
-5.3776
-5.37744
-5.37782
-5.37783
-5.37837
-5.3787
-5.37926
-5.3799
-5.38031
-5.38156
-5.38212
-5.38306
-5.38392
-5.38484
-5.38613
-5.38717
-5.38767
-5.38898
-5.3902
-5.39145
-5.39321
-5.39441
-5.39594
-5.39721
-5.39867
-5.40015
-5.40211
-5.4041
-5.40565
-5.40737
-5.4088
-5.41009
-5.41184
-5.41329
-5.41489
-5.41635
-5.4175
-5.41895
-5.42069
-5.42243
-5.42385
-5.42526
-5.4265
-5.42788
-5.42939
-5.43058
-5.4322
-5.4338
-5.43522
-5.43647
-5.438
-5.4392
-5.44053
-5.44198
-5.44326
-5.44451
-5.44558
-5.44678
-5.44796
-5.44926
-5.45053
-5.45163
-5.45256
-5.45377
-5.45496
-5.45597
-5.45681
-5.45764
-5.4586
-5.45954
-5.46091
-5.46182
-5.46272
-5.46331
-5.46418
-5.46535
-5.46681
-5.46767
-5.46836
-5.46921
-5.47004
-5.47088
-5.47172
-5.47301
-5.47415
-5.47469
-5.47553
-5.47638
-5.47739
-5.47779
-5.47866
-5.47938
-5.48011
-5.481
-5.48189
-5.48249
-5.4834
-5.48432
-5.48524
-5.48617
-5.48711
-5.48821
-5.48901
-5.48997
-5.49079
-5.49206
-5.49318
-5.49371
-5.49484
-5.49597
-5.49666
-5.49779
-5.49862
-5.49946
-5.50044
-5.50142
-5.50239
-5.5032
-5.50432
-5.50497
-5.50576
-5.5067
-5.50748
-5.50839
-5.50915
-5.51019
-5.51108
-5.5124
-5.51326
-5.5141
-5.51493
-5.51545
-5.51625
-5.51689
-5.51722
-5.51768
-5.51813
-5.51932
-5.51989
-5.52076
-5.52176
-5.52246
-5.52314
-5.52381
-5.52432
-5.52482
-5.52546
-5.52625
-5.52674
-5.52691
-5.52754
-5.52816
-5.52848
-5.52926
-5.52988
-5.53036
-5.53129
-5.53222
-5.53301
-5.5335
-5.53429
-5.5351
-5.53561
-5.53643
-5.53726
-5.5381
-5.53894
-5.5398
-5.54083
-5.54141
-5.54201
-5.54307
-5.54399
-5.54477
-5.54556
-5.54637
-5.54704
-5.54803
-5.54872
-5.54958
-5.54999
-5.55072
-5.55162
-5.55267
-5.55359
-5.55451
-5.55575
-5.55639
-5.55734
-5.55845
-5.55926
-5.56023
-5.56091
-5.56189
-5.56288
-5.56402
-5.56471
-5.56601
-5.56731
-5.56831
-5.56931
-5.57077
-5.57177
-5.57262
-5.57392
-5.57508
-5.57593
-5.57708
-5.57808
-5.57893
-5.57977
-5.58062
-5.58161
-5.58275
-5.58344
-5.58442
-5.58556
-5.58639
-5.58737
-5.58835
-5.58933
-5.59061
-5.59159
-5.59256
-5.59369
-5.59451
-5.59578
-5.59676
-5.59773
-5.59885
-5.59966
-5.60078
-5.6016
-5.60272
-5.60384
-5.60495
-5.60607
-5.60688
-5.60769
-5.6085
-5.60977
-5.61057
-5.61153
-5.61263
-5.61358
-5.61422
-5.61516
-5.6161
-5.61718
-5.6181
-5.61886
-5.61992
-5.62096
-5.6217
-5.62242
-5.62344
-5.62413
-5.62512
-5.62594
-5.62659
-5.62753
-5.62815
-5.62905
-5.62977
-5.63048
-5.63116
-5.63212
-5.63306
-5.63336
-5.63378
-5.63448
-5.635
-5.63533
-5.63564
-5.63575
-5.63599
-5.63634
-5.63665
-5.63663
-5.63702
-5.63707
-5.63738
-5.6372
-5.63713
-5.63733
-5.63764
-5.6376
-5.63753
-5.63742
-5.63727
-5.63662
-5.6364
-5.63598
-5.63523
-5.63475
-5.63453
-5.63413
-5.6334
-5.63279
-5.6323
-5.6324
-5.63187
-5.63161
-5.63089
-5.62984
-5.62923
-5.62846
-5.62798
-5.62703
-5.62637
-5.62602
-5.6255
-5.62469
-5.62402
-5.62365
-5.62268
-5.62217
-5.62167
-5.62117
-5.62037
-5.61989
-5.61926
-5.61894
-5.61833
-5.61819
-5.6176
-5.61687
-5.6163
-5.61589
-5.61533
-5.61433
-5.61379
-5.61325
-5.61227
-5.61159
-5.61106
-5.61068
-5.61
-5.60947
-5.60878
-5.60838
-5.60798
-5.60727
-5.60669
-5.60626
-5.60535
-5.60474
-5.60395
-5.6033
-5.60293
-5.60208
-5.60152
-5.60094
-5.60002
-5.59909
-5.59827
-5.59744
-5.59643
-5.59584
-5.59493
-5.59399
-5.59318
-5.59219
-5.59148
-5.59044
-5.58922
-5.58829
-5.58718
-5.58635
-5.5852
-5.58419
-5.58331
-5.58226
-5.5812
-5.57998
-5.5792
-5.57765
-5.5764
-5.5753
-5.57419
-5.57294
-5.57183
-5.57057
-5.56916
-5.56807
-5.56667
-5.56529
-5.56376
-5.56269
-5.56133
-5.55999
-5.55881
-5.55763
-5.55633
-5.55533
-5.5542
-5.55323
-5.55183
-5.55073
-5.5495
-5.54828
-5.54721
-5.54676
-5.54602
-5.54513
-5.54409
-5.54306
-5.54203
-5.54054
-5.5395
-5.53815
-5.53724
-5.53648
-5.53556
-5.53446
-5.53321
-5.53193
-5.53048
-5.52946
-5.52826
-5.52689
-5.52549
-5.52422
-5.52291
-5.52142
-5.51975
-5.51865
-5.51706
-5.51544
-5.51394
-5.5124
-5.51084
-5.5094
-5.50777
-5.50612
-5.50459
-5.50274
-5.50071
-5.49881
-5.4966
-5.49483
-5.49289
-5.4911
-5.4893
-5.4875
-5.48571
-5.48362
-5.48185
-5.48024
-5.4785
-5.47693
-5.47524
-5.47373
-5.47226
-5.47053
-5.46915
-5.46736
-5.46593
-5.46516
-5.46369
-5.46259
-5.46186
-5.46045
-5.45942
-5.45846
-5.45758
-5.45694
-5.45607
-5.45529
-5.45506
-5.4543
-5.45394
-5.45381
-5.45377
-5.45367
-5.45381
-5.45387
-5.45388
-5.45396
-5.45412
-5.45436
-5.45468
-5.45521
-5.45612
-5.45694
-5.45766
-5.45859
-5.45973
-5.46075
-5.46168
-5.46263
-5.46377
-5.46464
-5.46584
-5.4666
-5.46737
-5.46907
-5.47016
-5.47141
-5.47281
-5.4742
-5.47528
-5.47635
-5.47726
-5.47829
-5.47946
-5.48015
-5.48112
-5.48222
-5.48313
-5.48432
-5.48547
-5.48644
-5.48723
-5.48799
-5.48841
-5.4891
-5.48975
-5.49068
-5.49113
-5.49184
-5.49208
-5.49244
-5.49307
-5.49352
-5.49411
-5.49437
-5.49476
-5.49498
-5.49504
-5.49538
-5.49587
-5.49604
-5.49665
-5.49666
-5.49711
-5.49727
-5.49742
-5.49758
-5.49743
-5.4976
-5.49793
-5.49826
-5.49861
-5.49912
-5.4995
-5.50004
-5.50076
-5.50134
-5.50149
-5.50151
-5.502
-5.50222
-5.50277
-5.50274
-5.50318
-5.50365
-5.50415
-5.50483
-5.50598
-5.50702
-5.50793
-5.50856
-5.50967
-5.51066
-5.51137
-5.51211
-5.51302
-5.51396
-5.51477
-5.51574
-5.51675
-5.51761
-5.5185
-5.51956
-5.52048
-5.52141
-5.52236
-5.52362
-5.52489
-5.52587
-5.52716
-5.5286
-5.52959
-5.53073
-5.53187
-5.53315
-5.53444
-5.53556
-5.53667
-5.53778
-5.53902
-5.5404
-5.54176
-5.54295
-5.54382
-5.54467
-5.54579
-5.54674
-5.54781
-5.54841
0
-5.5505
-5.55116
-5.55179
-5.55254
-5.55295
-5.55333
-5.55367
-5.55413
-5.5547
-5.55508
-5.55543
-5.5556
-5.55618
-5.55642
-5.55664
-5.55697
-5.55741
-5.55738
-5.55716
-5.55677
-5.55665
-5.55666
-5.55664
-5.5566
-5.55669
-5.55615
-5.5559
-5.55594
-5.55581
-5.55613
-5.55598
-5.55567
-5.55536
-5.55489
-5.55443
-5.55442
-5.55502
-5.55502
-5.55458
-5.5543
-5.55434
-5.55424
-5.55432
-5.55426
-5.55437
-5.55421
-5.55422
-5.55426
-5.55448
-5.55458
-5.55456
-5.55442
-5.55431
-5.55453
-5.55478
-5.55522
-5.55583
-5.55602
-5.55624
-5.55632
-5.55643
-5.55671
-5.55731
-5.55778
-5.55856
-5.55889
-5.55937
-5.55956
-5.55989
-5.56052
-5.56099
-5.56159
-5.56187
-5.56229
-5.56298
-5.56334
-5.56381
-5.56395
-5.56435
-5.56441
-5.56488
-5.56545
-5.56536
-5.56553
-5.56579
-5.56554
-5.56539
-5.56548
-5.56521
-5.56488
-5.56448
-5.56403
-5.56351
-5.56308
-5.56259
-5.56174
-5.56098
-5.56
-5.55927
-5.55803
-5.55704
-5.55629
-5.55503
-5.55402
-5.55266
-5.55186
-5.5504
-5.5495
-5.54795
-5.54651
-5.54457
-5.54305
-5.54164
-5.54019
-5.53841
-5.53645
-5.53505
-5.53333
-5.53158
-5.52995
-5.52829
-5.52646
-5.52476
-5.52303
-5.52113
-5.51906
-5.51713
-5.51532
-5.51334
-5.51135
-5.50933
-5.50715
-5.50511
-5.50304
-5.50111
-5.49887
-5.49675
-5.49477
-5.49277
-5.49075
-5.48856
-5.48635
-5.48442
-5.48232
-5.4799
-5.4779
-5.47557
-5.47307
-5.47055
-5.4686
-5.46601
-5.4634
-5.4609
-5.45822
-5.45551
-5.45292
-5.45014
-5.44778
-5.44554
-5.4428
-5.44049
-5.43755
-5.43472
-5.43171
-5.42898
-5.42607
-5.42313
-5.42018
-5.41721
-5.41438
-5.41155
-5.40857
-5.40574
-5.40278
-5.40045
-5.39739
-5.39453
-5.39171
-5.38926
-5.38642
-5.38366
-5.38113
-5.37871
-5.3764
-5.37406
-5.37185
-5.36993
-5.36815
-5.36669
-5.36478
-5.36334
-5.36238
-5.36145
-5.3607
-5.35998
-5.35959
-5.35954
-5.35891
-5.35907
-5.35955
-5.3602
-5.36085
-5.36197
-5.36292
-5.36402
-5.36509
-5.36643
-5.36787
-5.36942
-5.37104
-5.3729
-5.37466
-5.37648
-5.37835
-5.3804
-5.38232
-5.38426
-5.3862
-5.3883
-5.39024
-5.39217
-5.39408
-5.39596
-5.39782
-5.39964
-5.40128
-5.40333
-5.40503
-5.4067
-5.40832
-5.41004
-5.41157
-5.41305
-5.41479
-5.41633
-5.41753
-5.41867
-5.41993
-5.42144
-5.42246
-5.42389
-5.42468
-5.42543
-5.42645
-5.42773
-5.42853
-5.42929
-5.42972
-5.43027
-5.43125
-5.43174
-5.43282
-5.43371
-5.43413
-5.43483
-5.43551
-5.43586
-5.43635
-5.43696
-5.43725
-5.43768
-5.43809
-5.43848
-5.439
-5.43966
-5.44031
-5.44079
-5.4414
-5.44186
-5.442
-5.44214
-5.44287
-5.44329
-5.44385
-5.44457
-5.44498
-5.44524
-5.4455
-5.44592
-5.44634
-5.44692
-5.44721
-5.44767
-5.44783
-5.44832
-5.44898
-5.44935
-5.4499
-5.45063
-5.45124
-5.45202
-5.45284
-5.45339
-5.45428
-5.4549
-5.4557
-5.45669
-5.45757
-5.45834
-5.45869
-5.45953
-5.46056
-5.46132
-5.46241
-5.46354
-5.46484
-5.46588
-5.46739
-5.46862
-5.46971
-5.47113
-5.47195
-5.47324
-5.47468
-5.47583
-5.47682
-5.47795
-5.47953
-5.48065
-5.48205
-5.48344
-5.48465
-5.48583
-5.48684
-5.48796
-5.48905
-5.49011
-5.49097
-5.49195
-5.49289
-5.49378
-5.49477
-5.49572
-5.49647
-5.49733
-5.49798
-5.49859
-5.4993
-5.4998
-5.50011
-5.50037
-5.50073
-5.50119
-5.50131
-5.50153
-5.50231
-5.50259
-5.50253
-5.50273
-5.50274
-5.50226
-5.5022
-5.5021
-5.50167
-5.50135
-5.50101
-5.50095
-5.50056
-5.50014
-5.49955
-5.49925
-5.49938
-5.49905
-5.49885
-5.49864
-5.49857
-5.49835
-5.49827
-5.49788
-5.49764
-5.49725
-5.49671
-5.49602
-5.49563
-5.49525
-5.49488
-5.49451
-5.49414
-5.49379
-5.49359
-5.49325
-5.49292
-5.4923
-5.49214
-5.49199
-5.49171
-5.49143
-5.49132
-5.49122
-5.49098
-5.4906
-5.49039
-5.49033
-5.49044
-5.49041
-5.49009
-5.49009
-5.48979
-5.48981
-5.48954
-5.48958
-5.48964
-5.48955
-5.48933
-5.48942
-5.48967
-5.48964
-5.48977
-5.49007
-5.48978
-5.4898
-5.48984
-5.49005
-5.48997
-5.49036
-5.49017
-5.48985
-5.4897
-5.48988
-5.49008
-5.49045
-5.4904
-5.49022
-5.49068
-5.49101
-5.49138
-5.49163
-5.49161
-5.49238
-5.49303
-5.49373
-5.49431
-5.49478
-5.49529
-5.496
-5.49674
-5.49769
-5.49913
-5.49987
-5.5005
-5.50133
-5.50236
-5.50314
-5.50473
-5.50636
-5.50805
-5.50888
-5.51052
-5.51176
-5.51335
-5.51484
-5.51607
-5.51766
-5.51914
-5.52083
-5.52301
-5.52463
-5.52645
-5.52862
-5.53067
-5.53247
-5.5343
-5.53586
-5.53777
-5.53986
-5.54182
-5.54397
-5.546
-5.54805
-5.54997
-5.55191
-5.55432
-5.5566
-5.55904
-5.56135
-5.56366
-5.56568
-5.56785
-5.57032
-5.57265
-5.57512
-5.57759
-5.57989
-5.58249
-5.58493
-5.58735
-5.58945
-5.59154
-5.5936
-5.59564
-5.59795
-5.60009
-5.60235
-5.60458
-5.60662
-5.60848
-5.6103
-5.61223
-5.61382
-5.61567
-5.61733
-5.61924
-5.62065
-5.62202
-5.62348
-5.6252
-5.62642
-5.62788
-5.6296
-5.6311
-5.63271
-5.63395
-5.63514
-5.63657
-5.63779
-5.63911
-5.64036
-5.6414
-5.64208
-5.643
-5.64386
-5.64451
-5.64494
-5.64532
-5.64578
-5.64618
-5.64668
-5.64711
-5.64718
-5.64764
-5.64774
-5.64779
-5.64747
-5.6474
-5.64711
-5.64663
-5.64623
-5.64579
-5.64544
-5.64488
-5.64458
-5.64437
-5.64367
-5.64291
-5.64196
-5.64141
-5.64066
-5.63987
-5.63918
-5.6383
-5.63767
-5.63671
-5.63555
-5.63405
-5.63326
-5.63199
-5.63068
-5.62948
-5.62825
-5.62699
-5.62599
-5.62466
-5.6233
-5.6216
-5.62048
-5.61903
-5.61755
-5.61574
-5.61376
-5.61235
-5.61077
-5.60931
-5.60783
-5.60618
-5.60465
-5.60266
-5.60079
-5.59936
-5.59746
-5.59569
-5.59375
-5.59225
-5.59043
-5.58875
-5.58705
-5.58534
-5.58346
-5.58172
-5.57951
-5.57775
-5.57567
-5.57358
-5.57163
-5.56952
-5.56771
-5.56619
-5.56405
-5.56191
-5.55992
-5.55807
-5.55606
-5.5539
-5.55189
-5.54973
-5.54756
-5.54555
-5.54308
-5.54122
-5.53936
-5.53751
-5.53567
-5.53368
-5.5317
-5.52973
-5.52763
-5.52584
-5.52376
-5.52185
-5.52012
-5.51825
-5.51641
-5.51475
-5.51326
-5.51166
-5.51009
-5.5084
-5.50675
-5.50514
-5.50341
-5.50159
-5.5001
-5.49852
-5.49698
-5.49519
-5.49361
-5.49222
-5.49105
-5.48978
-5.48917
-5.48787
-5.48692
-5.48603
-5.48521
-5.48429
-5.48358
-5.48308
-5.48234
-5.48181
-5.48134
-5.48062
-5.48056
-5.4801
-5.47984
-5.47978
-5.47947
-5.47935
-5.47913
-5.47909
-5.47909
-5.47927
-5.47933
-5.47972
-5.47983
-5.47996
-5.48011
-5.48057
-5.48058
-5.48106
-5.48124
-5.48111
-5.48127
-5.48173
-5.48218
-5.48261
-5.48288
-5.48266
-5.48272
-5.48291
-5.48261
-5.48257
-5.48281
-5.48255
-5.48255
-5.4822
-5.48212
-5.48198
-5.4818
-5.48126
-5.48082
-5.48048
-5.47994
-5.47904
-5.47869
-5.47798
-5.47737
-5.47671
-5.47599
-5.47507
-5.47394
-5.47306
-5.47212
-5.47099
-5.4695
-5.46842
-5.46714
-5.46582
-5.4643
-5.46304
-5.46144
-5.45995
-5.45828
-5.45657
-5.45543
-5.45396
-5.45217
-5.4502
-5.4485
-5.44649
-5.44506
-5.44332
-5.44171
-5.43979
-5.43802
-5.43624
-5.43461
-5.43282
-5.43104
-5.42911
-5.42734
-5.42558
-5.42368
-5.42179
-5.42007
-5.41837
-5.41653
-5.41457
-5.41308
-5.41192
-5.41018
-5.40848
-5.40695
-5.4053
-5.40384
-5.40226
-5.40087
-5.39966
-5.39804
-5.39692
-5.39552
-5.39463
-5.39377
-5.39265
-5.39173
-5.39099
-5.39
-5.38874
-5.38768
-5.38681
-5.38583
-5.38504
-5.38445
-5.38374
-5.38322
-5.38275
-5.382
-5.38115
-5.38078
-5.38014
-5.37985
-5.37958
-5.37905
-5.37884
-5.37852
-5.37822
-5.37811
-5.37787
-5.37765
-5.37746
-5.37728
-5.37713
-5.37685
-5.37674
-5.37665
-5.37673
-5.37668
-5.37664
-5.37676
-5.3769
-5.37706
-5.37693
-5.3768
-5.37685
-5.3766
-5.37666
-5.37658
-5.37667
-5.37661
-5.37687
-5.37714
-5.37711
-5.3777
-5.37769
-5.37785
-5.37817
-5.3785
-5.37869
-5.37904
-5.37941
-5.37994
-5.38003
-5.38013
-5.38025
-5.38054
-5.38099
-5.38116
-5.38165
-5.38231
-5.38238
-5.38248
-5.38306
-5.38351
-5.38413
-5.38463
-5.38515
-5.38556
-5.38614
-5.38646
-5.38696
-5.38734
-5.38806
-5.38866
-5.38991
-5.3906
-5.39117
-5.39225
-5.39321
-5.39437
-5.39543
-5.39683
-5.39798
-5.39949
-5.40089
-5.40219
-5.4031
-5.40451
-5.40597
-5.40764
-5.40891
-5.41069
-5.41253
-5.41457
-5.41621
-5.41821
-5.41996
-5.42207
-5.42378
-5.42584
-5.42765
-5.42996
-5.43232
-5.43458
-5.43688
-5.43922
-5.4416
-5.44388
-5.44618
-5.44837
-5.4509
-5.45315
-5.45558
-5.45819
-5.46082
-5.46346
-5.46612
-5.46864
-5.47163
-5.47447
-5.47746
-5.48076
-5.48375
-5.48613
-5.48881
-5.49162
-5.49426
-5.49734
-5.49994
-5.50281
-5.50521
-5.50788
-5.51036
-5.5128
-5.51505
-5.51726
-5.51926
-5.52152
-5.52388
-5.52543
-5.52737
-5.52926
-5.53153
-5.53344
-5.53512
-5.53704
-5.53858
-5.54019
-5.54188
-5.54333
-5.54471
-5.54584
-5.54704
-5.54755
-5.54842
-5.5498
-5.55048
-5.55152
-5.55231
-5.55285
-5.55329
-5.55348
-5.55357
-5.5537
-5.55388
-5.55396
-5.55408
-5.55379
-5.5537
-5.5532
-5.5526
-5.55159
-5.55092
-5.55016
-5.54929
-5.54801
-5.54618
-5.54516
-5.54359
-5.54222
-5.54016
-5.53876
-5.53712
-5.53555
-5.53328
-5.53139
-5.52927
-5.52708
-5.52467
-5.52219
-5.51951
-5.51691
-5.51441
-5.51172
-5.50913
-5.5065
-5.50399
-5.50116
-5.4983
-5.49497
-5.49193
-5.48919
-5.48629
-5.48401
-5.48128
-5.47856
-5.47617
-5.4735
-5.47086
-5.46826
-5.46584
-5.46332
-5.4607
-5.45828
-5.45591
-5.45406
-5.45167
-5.44934
-5.44723
-5.44504
-5.44277
-5.44087
-5.4389
-5.43715
-5.43532
-5.43387
-5.43204
-5.43044
-5.4289
-5.42759
-5.42619
-5.42517
-5.4239
-5.42315
-5.422
-5.42121
-5.42018
-5.41934
-5.4187
-5.4178
-5.41665
-5.41613
