1 -5.45321 -5.45321 0
2 -5.39822 -5.42571 0.0194423
3 -5.43881 -5.43008 0.0134429
4 -5.43354 -5.43094 0.01011
5 -5.47112 -5.43898 0.0108202
6 -5.46119 -5.44268 0.00962946
7 -5.44746 -5.44336 0.00827793
8 -5.48135 -5.44811 0.00849653
9 -5.46644 -5.45015 0.00779266
10 -5.51051 -5.45618 0.009054
11 -5.43468 -5.45423 0.00843936
12 -5.4188 -5.45128 0.00823648
13 -5.4094 -5.44805 0.00820878
14 -5.45146 -5.4483 0.00762603
15 -5.41836 -5.4463 0.00737419
16 -5.3821 -5.44229 0.00793021
17 -5.41798 -5.44086 0.00759153
18 -5.40863 -5.43907 0.00737788
19 -5.44685 -5.43948 0.00700094
20 -5.48095 -5.44155 0.00695119
21 -5.40647 -5.43988 0.00681793
22 -5.47014 -5.44126 0.00664527
23 -5.42535 -5.44057 0.00639221
24 -5.41775 -5.43961 0.00619618
25 -5.4023 -5.43812 0.00612547
26 -5.42414 -5.43758 0.00591343
27 -5.40102 -5.43623 0.00584743
28 -5.43655 -5.43624 0.00563861
29 -5.45009 -5.43672 0.00546435
30 -5.42777 -5.43642 0.00529034
31 -5.37744 -5.43452 0.00545108
32 -5.44142 -5.43473 0.00528501
33 -5.45393 -5.43532 0.00515675
34 -5.42995 -5.43516 0.0050075
35 -5.42622 -5.4349 0.00487093
36 -5.46778 -5.43582 0.00482046
37 -5.42953 -5.43565 0.00469317
38 -5.47603 -5.43671 0.00468845
39 -5.39665 -5.43568 0.00467939
40 -5.43161 -5.43558 0.00456351
41 -5.50759 -5.43734 0.00477824
42 -5.47738 -5.43829 0.00475866
43 -5.46579 -5.43893 0.00469078
44 -5.41931 -5.43848 0.00460533
45 -5.45398 -5.43883 0.00451584
46 -5.42084 -5.43844 0.00443457
47 -5.45747 -5.43884 0.00435867
48 -5.45706 -5.43922 0.00428435
49 -5.43858 -5.43921 0.00419693
50 -5.42308 -5.43889 0.00412538
51 -5.39634 -5.43805 0.00412799
52 -5.45674 -5.43841 0.00406423
53 -5.4423 -5.43848 0.00398821
54 -5.46217 -5.43892 0.00393839
55 -5.39888 -5.43819 0.00393352
56 -5.4141 -5.43776 0.00388674
57 -5.42795 -5.43759 0.00382237
58 -5.4518 -5.43784 0.0037643
59 -5.39918 -5.43718 0.00375708
60 -5.4406 -5.43724 0.0036949
61 -5.4301 -5.43712 0.00363618
62 -5.39998 -5.43652 0.00362653
63 -5.47496 -5.43713 0.00361992
64 -5.42615 -5.43696 0.00356743
65 -5.40377 -5.43645 0.00354889
66 -5.45722 -5.43677 0.00350905
67 -5.46799 -5.43723 0.00348748
68 -5.41714 -5.43694 0.00344869
69 -5.40677 -5.4365 0.0034263
70 -5.41006 -5.43612 0.00339811
71 -5.47628 -5.43669 0.00339701
72 -5.47397 -5.4372 0.00338906
73 -5.39799 -5.43667 0.00338494
74 -5.48059 -5.43726 0.00339083
75 -5.42054 -5.43704 0.00335294
76 -5.42035 -5.43682 0.00331601
77 -5.44626 -5.43694 0.00327521
78 -5.42805 -5.43683 0.0032352
79 -5.49281 -5.43754 0.00327093
80 -5.43288 -5.43748 0.00323056
81 -5.47489 -5.43794 0.00322352
82 -5.45655 -5.43817 0.00319219
83 -5.38642 -5.43754 0.00321405
84 -5.40428 -5.43715 0.00320009
85 -5.37335 -5.4364 0.00324928
86 -5.42863 -5.43631 0.00321275
87 -5.4557 -5.43653 0.00318355
88 -5.46788 -5.43688 0.00316724
89 -5.49735 -5.43756 0.00320368
90 -5.40721 -5.43723 0.00318579
91 -5.43416 -5.43719 0.00315096
92 -5.49019 -5.43777 0.00316893
93 -5.41184 -5.43749 0.00314709
94 -5.47137 -5.43785 0.00313418
95 -5.43851 -5.43786 0.0031012
96 -5.42444 -5.43772 0.00307204
97 -5.40201 -5.43735 0.00306235
98 -5.48038 -5.43779 0.00306242
99 -5.44364 -5.43785 0.00303205
100 -5.4029 -5.4375 0.00302181
101 -5.40833 -5.43721 0.00300565
102 -5.44907 -5.43733 0.00297844
103 -5.42779 -5.43723 0.00295096
104 -5.44745 -5.43733 0.00292422
105 -5.39217 -5.4369 0.00292782
106 -5.4475 -5.437 0.00290191
107 -5.43941 -5.43702 0.00287487
108 -5.419 -5.43686 0.0028531
109 -5.46329 -5.4371 0.0028372
110 -5.45739 -5.43728 0.0028174
111 -5.44082 -5.43732 0.0027922
112 -5.43152 -5.43726 0.00276775
113 -5.39194 -5.43686 0.00277216
114 -5.39924 -5.43653 0.00276742
115 -5.46463 -5.43678 0.00275411
116 -5.42771 -5.4367 0.00273148
117 -5.48522 -5.43711 0.00273944
118 -5.47212 -5.43741 0.00273224
119 -5.51645 -5.43807 0.00278885
120 -5.41218 -5.43786 0.00277394
121 -5.48314 -5.43823 0.00277615
122 -5.47813 -5.43856 0.00277259
123 -5.47507 -5.43886 0.00276589
124 -5.4748 -5.43915 0.00275874
125 -5.4441 -5.43919 0.00273695
126 -5.44257 -5.43921 0.00271536
127 -5.36051 -5.43859 0.00276379
128 -5.47088 -5.43885 0.00275368
129 -5.42694 -5.43875 0.00273388
130 -5.48598 -5.43912 0.00273688
131 -5.46134 -5.43929 0.00272124
132 -5.46119 -5.43945 0.00270568
133 -5.43305 -5.4394 0.00268577
134 -5.40825 -5.43917 0.00267577
135 -5.45475 -5.43929 0.00265844
136 -5.39133 -5.43893 0.00266217
137 -5.44222 -5.43896 0.00264285
138 -5.45338 -5.43906 0.00262577
139 -5.43357 -5.43902 0.00260717
140 -5.42407 -5.43892 0.00259074
141 -5.42043 -5.43879 0.00257568
142 -5.45456 -5.4389 0.00255993
143 -5.39604 -5.4386 0.00255951
144 -5.47956 -5.43888 0.0025575
145 -5.43064 -5.43882 0.00254049
146 -5.3964 -5.43853 0.00253966
147 -5.43405 -5.4385 0.00252256
148 -5.38857 -5.43817 0.00252798
149 -5.43081 -5.43812 0.00251149
150 -5.46019 -5.43826 0.00249906
151 -5.41411 -5.4381 0.00248762
152 -5.42817 -5.43804 0.00247211
153 -5.39583 -5.43776 0.0024713
154 -5.42417 -5.43767 0.00245683
155 -5.42331 -5.43758 0.00244272
156 -5.38304 -5.43723 0.00245196
157 -5.43729 -5.43723 0.00243634
158 -5.45225 -5.43733 0.00242277
159 -5.45846 -5.43746 0.00241118
160 -5.42496 -5.43738 0.00239738
161 -5.49 -5.43771 0.00240466
162 -5.44189 -5.43774 0.00238996
163 -5.50863 -5.43817 0.00241455
164 -5.46853 -5.43836 0.00240691
165 -5.45781 -5.43847 0.00239521
166 -5.43162 -5.43843 0.00238114
167 -5.4294 -5.43838 0.00236749
168 -5.4735 -5.43859 0.00236261
169 -5.43104 -5.43854 0.00234905
170 -5.38992 -5.43826 0.00235258
171 -5.44686 -5.43831 0.00233936
172 -5.40933 -5.43814 0.00233182
173 -5.43479 -5.43812 0.00231842
174 -5.39967 -5.4379 0.00231561
175 -5.3847 -5.43759 0.00232224
176 -5.36814 -5.4372 0.00234233
177 -5.38604 -5.43691 0.00234686
178 -5.42497 -5.43684 0.00233464
179 -5.35843 -5.4364 0.00236233
180 -5.41904 -5.43631 0.00235118
181 -5.41125 -5.43617 0.00234226
182 -5.44982 -5.43625 0.00233059
183 -5.47009 -5.43643 0.00232518
184 -5.40817 -5.43628 0.00231761
185 -5.43832 -5.43629 0.00230511
186 -5.47103 -5.43647 0.00230027
187 -5.40257 -5.43629 0.0022951
188 -5.46417 -5.43644 0.00228768
189 -5.44977 -5.43651 0.00227666
190 -5.41444 -5.4364 0.00226764
191 -5.42278 -5.43632 0.00225689
192 -5.39548 -5.43611 0.00225514
193 -5.42588 -5.43606 0.00224408
194 -5.41688 -5.43596 0.00223469
195 -5.43086 -5.43593 0.00222338
196 -5.41122 -5.43581 0.00221561
197 -5.38201 -5.43553 0.00222113
198 -5.42049 -5.43546 0.00221121
199 -5.42457 -5.4354 0.00220078
200 -5.45389 -5.4355 0.00219171
