1 1.44499 1.44499 0
2 1.7134 1.57919 0.0948968
3 1.52505 1.56114 0.0649582
4 1.53678 1.55505 0.0490033
5 1.55607 1.55526 0.0392031
6 1.41706 1.53222 0.0388507
7 1.3846 1.51114 0.0386022
8 1.19428 1.47153 0.0501349
9 1.45739 1.46996 0.044589
10 1.1242 1.43538 0.0518299
11 1.43756 1.43558 0.0471184
12 1.61744 1.45073 0.0455639
13 1.70376 1.4702 0.0460288
14 1.51315 1.47327 0.0428431
15 1.67103 1.48645 0.0419665
16 1.74773 1.50278 0.0424018
17 1.67702 1.51303 0.0411276
18 1.7476 1.52606 0.0408552
19 1.44275 1.52168 0.0389395
20 1.35686 1.51344 0.0378545
21 1.65858 1.52035 0.0366775
22 1.33771 1.51205 0.0359375
23 1.59156 1.5155 0.0345409
24 1.58697 1.51848 0.0332298
25 1.67918 1.52491 0.0325164
26 1.61353 1.52832 0.0314439
27 1.75462 1.5367 0.0313765
28 1.60176 1.53902 0.0303418
29 1.54812 1.53934 0.0292972
30 1.61889 1.54199 0.0284404
31 1.9335 1.55462 0.0301972
32 1.66926 1.5582 0.0294653
33 1.41762 1.55394 0.0288787
34 1.53386 1.55335 0.0280354
35 1.55323 1.55335 0.0272344
36 1.26568 1.54535 0.0276253
37 1.6667 1.54863 0.0270726
38 1.35179 1.54345 0.0268512
39 1.69077 1.54723 0.0264271
40 1.59224 1.54836 0.0257904
41 1.21523 1.54023 0.0264102
42 1.38025 1.53642 0.0260546
43 1.48084 1.53513 0.0254808
44 1.62763 1.53723 0.0249882
45 1.51509 1.53674 0.0244378
46 1.56159 1.53728 0.0239125
47 1.40575 1.53448 0.0235669
48 1.4769 1.53328 0.0231064
49 1.51595 1.53293 0.0226376
50 1.51774 1.53263 0.0221869
51 1.67292 1.53538 0.0219217
52 1.37103 1.53222 0.0217268
53 1.50287 1.53166 0.0213239
54 1.3864 1.52897 0.021098
55 1.74557 1.53291 0.0210787
56 1.54332 1.5331 0.0207032
57 1.42974 1.53128 0.0204192
58 1.42838 1.52951 0.0201441
59 1.63587 1.53131 0.0198831
60 1.49686 1.53074 0.01956
61 1.6743 1.53309 0.0193805
62 1.74446 1.5365 0.0193654
63 1.24488 1.53187 0.0196034
64 1.64844 1.53369 0.0193816
65 1.77016 1.53733 0.0194218
66 1.36668 1.53474 0.0192989
67 1.41793 1.533 0.0190894
68 1.54692 1.53321 0.0188098
69 1.61694 1.53442 0.0185763
70 1.71786 1.53704 0.0184949
71 1.28105 1.53343 0.0185825
72 1.32371 1.53052 0.0185513
73 1.6846 1.53263 0.0184168
74 1.52652 1.53255 0.0181681
75 1.52386 1.53243 0.0179263
76 1.59668 1.53328 0.0177103
77 1.4769 1.53255 0.0174954
78 1.5985 1.53339 0.0172916
79 1.30001 1.53044 0.0173232
80 1.55297 1.53072 0.0171089
81 1.4409 1.52961 0.0169336
82 1.33189 1.5272 0.0168979
83 1.68167 1.52906 0.0167965
84 1.67761 1.53083 0.0166894
85 1.86819 1.5348 0.0169584
86 1.56707 1.53517 0.0167654
87 1.36698 1.53324 0.0166838
88 1.25275 1.53005 0.0167959
89 1.31261 1.52761 0.0167839
90 1.75129 1.5301 0.0167804
91 1.4993 1.52976 0.0165994
92 1.2397 1.5266 0.0167157
93 1.68866 1.52835 0.0166266
94 1.33694 1.52631 0.0165739
95 1.51768 1.52622 0.0163997
96 1.6113 1.52711 0.0162528
97 1.62408 1.52811 0.016116
98 1.26456 1.52542 0.0161743
99 1.46312 1.52479 0.0160232
100 1.69718 1.52651 0.0159554
101 1.67861 1.52802 0.0158684
102 1.3626 1.52639 0.0157954
103 1.48637 1.52601 0.0156469
104 1.49418 1.5257 0.0154994
105 1.73623 1.52771 0.0154809
106 1.34889 1.52602 0.0154265
107 1.50841 1.52585 0.0152832
108 1.62515 1.52677 0.0151694
109 1.40743 1.52568 0.0150696
110 1.50722 1.52551 0.0149336
111 1.56815 1.52589 0.014804
112 1.68666 1.52733 0.0147412
113 1.83302 1.53004 0.0148569
114 1.62014 1.53083 0.0147476
115 1.46044 1.53021 0.0146321
116 1.52498 1.53017 0.014506
117 1.18667 1.52723 0.0146761
118 1.38092 1.52599 0.014604
119 1.10755 1.52248 0.0148986
120 1.59227 1.52306 0.0147858
121 1.2044 1.52042 0.0148963
122 1.35187 1.51904 0.0148381
123 1.34777 1.51765 0.0147827
124 1.28305 1.51576 0.014784
125 1.52741 1.51585 0.0146661
126 1.58744 1.51642 0.0145607
127 2.15623 1.52146 0.0152927
128 1.55578 1.52173 0.0151756
129 1.80712 1.52394 0.0152184
130 1.20525 1.52149 0.0152975
131 1.43177 1.5208 0.015196
132 1.66644 1.52191 0.0151209
133 1.55705 1.52217 0.0150095
134 1.77856 1.52408 0.015019
135 1.64386 1.52497 0.0149339
136 1.79957 1.52699 0.01496
137 1.72785 1.52846 0.0149225
138 1.61597 1.52909 0.0148278
139 1.38651 1.52806 0.0147566
140 1.56827 1.52835 0.0146539
141 1.56572 1.52862 0.0145524
142 1.43647 1.52797 0.0144644
143 1.61894 1.5286 0.0143772
144 1.2806 1.52688 0.0143802
145 1.48587 1.5266 0.0142838
146 1.7471 1.52811 0.0142656
147 1.46481 1.52768 0.014175
148 1.63309 1.52839 0.0140971
149 1.61494 1.52897 0.0140145
150 1.37605 1.52795 0.0139581
151 1.62125 1.52857 0.0138793
152 1.67542 1.52954 0.0138216
153 1.67043 1.53046 0.0137619
154 1.54037 1.53052 0.0136727
155 1.45146 1.53001 0.013594
156 1.82698 1.53191 0.0136395
157 1.53872 1.53196 0.0135527
158 1.4688 1.53156 0.0134728
159 1.50672 1.5314 0.013389
160 1.56193 1.53159 0.0133066
161 1.38244 1.53067 0.0132562
162 1.53565 1.5307 0.0131744
163 1.11793 1.52816 0.0133347
164 1.28329 1.52667 0.0133367
165 1.45317 1.52623 0.0132634
166 1.69478 1.52724 0.0132223
167 1.57048 1.5275 0.0131456
168 1.35031 1.52645 0.0131096
169 1.65575 1.52721 0.0130544
170 1.83241 1.52901 0.0131004
171 1.46498 1.52863 0.0130292
172 1.56407 1.52884 0.0129551
173 1.48862 1.52861 0.0128823
174 1.76233 1.52995 0.0128781
175 1.62928 1.53052 0.012817
176 1.93094 1.53279 0.0129445
177 1.74407 1.53398 0.0129263
178 1.44878 1.53351 0.0128625
179 1.85466 1.5353 0.0129152
180 1.6093 1.53571 0.01285
181 1.66016 1.5364 0.0127974
182 1.70512 1.53733 0.0127606
183 1.52929 1.53728 0.0126909
184 1.59764 1.53761 0.0126262
185 1.50199 1.53742 0.0125594
186 1.45783 1.53699 0.0124992
187 1.72055 1.53797 0.0124708
188 1.43655 1.53743 0.0124162
189 1.54726 1.53748 0.0123506
190 1.62533 1.53795 0.0122942
191 1.66791 1.53863 0.0122487
192 1.67917 1.53936 0.0122067
193 1.63401 1.53985 0.0121533
194 1.70332 1.54069 0.0121199
195 1.61878 1.54109 0.0120643
196 1.74125 1.54211 0.0120459
197 1.70389 1.54293 0.0120127
198 1.52613 1.54285 0.0119523
199 1.58396 1.54306 0.0118941
200 1.53247 1.543 0.0118347
