0 0 0
0.0256496 0 0
0.0512993 0 0
0.0769489 0 0
0.102599 0 0
0.128248 0 0
0.153898 0 0
0.179547 0 0
0.205197 0 0
0.230847 0 0
0.256496 0 0
0.282146 0 0
0.307796 0 0
0.333445 0 0
0.359095 0 0
0.384745 0 0
0.410394 0 0
0.436044 0 0
0.461694 0 0
0.487343 0 0
0.512993 0 0
0.538642 0 0
0.564292 0 0
0.589942 0 0
0.615591 0 0
0.641241 0 0
0.666891 0 0
0.69254 0 0
0.71819 0 0
0.74384 0 0
0.769489 0 0
0.795139 0 0
0.820788 0 0
0.846438 2.59364e-06 2.58715e-06
0.872088 0.00222966 0.00022034
0.897737 0.0353336 0.00081817
0.923387 0.229446 0.00236945
0.949037 0.782085 0.00410483
0.974686 1.65591 0.0060848
1.00034 2.53123 0.00787934
1.02599 3.15499 0.00808672
1.05164 3.4131 0.0086531
1.07728 3.37518 0.00862951
1.10293 3.18403 0.00800567
1.12858 2.91307 0.00743651
1.15423 2.61405 0.0069801
1.17988 2.31898 0.00776395
1.20553 2.05029 0.0068465
1.23118 1.81973 0.00655035
1.25683 1.63787 0.00578708
1.28248 1.47961 0.00566007
1.30813 1.35151 0.00540321
1.33378 1.24697 0.00535983
1.35943 1.15178 0.00498553
1.38508 1.07664 0.00425817
1.41073 1.02661 0.00433066
1.43638 0.981166 0.00425052
1.46203 0.955943 0.00413613
1.48768 0.930795 0.00427751
1.51333 0.919376 0.00433631
1.53898 0.90373 0.0040903
1.56463 0.905272 0.0037061
1.59028 0.906989 0.00368795
1.61593 0.923691 0.00395189
1.64158 0.941669 0.00358476
1.66723 0.969758 0.00375396
1.69288 1.00937 0.00356223
1.71853 1.05169 0.00383167
1.74418 1.09402 0.00366871
1.76983 1.14418 0.00368804
1.79547 1.19842 0.00390845
1.82112 1.25383 0.00428688
1.84677 1.31062 0.00433471
1.87242 1.36703 0.00431107
1.89807 1.41431 0.0040389
1.92372 1.46607 0.00422461
1.94937 1.51408 0.00381391
1.97502 1.55312 0.00364334
2.00067 1.58286 0.00366237
2.02632 1.60679 0.00375733
2.05197 1.61759 0.00372861
2.07762 1.61603 0.00363246
2.10327 1.60401 0.00385242
2.12892 1.58897 0.00378227
2.15457 1.55842 0.00359063
2.18022 1.5187 0.00374085
2.20587 1.48524 0.00349214
2.23152 1.44836 0.00330823
2.25717 1.40959 0.0031763
2.28282 1.3705 0.00303655
2.30847 1.33105 0.00327124
2.33412 1.30165 0.00308512
2.35977 1.27599 0.00274902
2.38542 1.25231 0.00288944
2.41107 1.23531 0.00290101
2.43672 1.21878 0.00297458
2.46237 1.20407 0.00296265
2.48802 1.19742 0.00275528
2.51366 1.19091 0.00265441
2.53931 1.19285 0.00284136
