                   1             6.02404             6.02404                   0
                   2             6.12803             6.07603           0.0519931
                   3             5.88727             6.01311           0.0697153
                   4             6.12257             6.04048           0.0563816
                   5             6.09241             6.05086           0.0448911
                   6             6.00299             6.04288           0.0375117
                   7              6.0279             6.04074           0.0317753
                   8             5.93469             6.02749            0.030545
                   9             5.89805             6.01311           0.0305367
                  10             6.22313             6.03411           0.0344544
                  11              6.1081             6.04083           0.0318828
                  12             6.18761             6.05307           0.0315706
                  13             5.92309             6.04307           0.0307136
                  14              5.9811             6.03864           0.0287776
                  15             5.96096             6.03346           0.0272864
                  16              6.1922             6.04338           0.0273845
                  17             6.12913             6.04843           0.0262131
                  18             6.00648              6.0461           0.0248236
                  19             6.10248             6.04907           0.0236676
                  20             5.96645             6.04493           0.0228299
                  21             6.14924              6.0499           0.0222763
                  22             6.06108             6.05041           0.0212457
                  23             6.18302             6.05618           0.0211038
                  24             6.07966             6.05715           0.0202291
                  25             6.17993             6.06206           0.0200149
                  26             6.13042             6.06469           0.0194086
                  27             5.91598             6.05919           0.0194712
                  28             5.99669             6.05695           0.0188952
                  29             6.09665             6.05832           0.0182833
                  30             5.95791             6.05498           0.0179777
                  31              6.1466             6.05793           0.0176375
                  32             6.14845             6.06076           0.0173101
                  33             5.85654             6.05457           0.0178823
                  34             5.92338             6.05071           0.0177723
                  35             6.21471              6.0554           0.0178819
                  36             6.07887             6.05605           0.0173903
                  37             5.94921             6.05316           0.0171585
                  38             5.73415             6.04477           0.0186921
                  39             6.28469             6.05092           0.0192177
                  40              6.0438             6.05074            0.018732
                  41             6.07767              6.0514           0.0182812
                  42             6.22303             6.05548           0.0183026
                  43             6.15522              6.0578           0.0180218
                  44             6.11035               6.059           0.0176479
                  45             6.01222             6.05796           0.0172826
                  46             5.89017             6.05431           0.0172918
                  47             6.35573             6.06072           0.0180945
                  48             6.19404              6.0635           0.0179299
                  49             6.06779             6.06359           0.0175604
                  50             6.19347             6.06619           0.0174006
