                   1           -0.720652           -0.720652                   0
                   2            -0.72209           -0.721371           0.0007192
                   3           -0.720211           -0.720985         0.000567386
                   4           -0.721184           -0.721034          0.00040429
                   5           -0.720195           -0.720867         0.000355303
                   6           -0.721586           -0.720986         0.000313882
                   7           -0.721675           -0.721085         0.000282941
                   8           -0.719821           -0.720927         0.000291557
                   9           -0.719927           -0.720816         0.000280091
                  10           -0.721058            -0.72084         0.000251694
                  11            -0.72043           -0.720803         0.000230691
                  12           -0.721129            -0.72083         0.000212336
                  13           -0.720917           -0.720837         0.000195435
                  14           -0.720986           -0.720847         0.000181254
                  15           -0.720706           -0.720838            0.000169
                  16           -0.720639           -0.720825         0.000158572
                  17            -0.72003           -0.720779         0.000156123
                  18           -0.719779           -0.720723          0.00015732
                  19           -0.720106           -0.720691         0.000152318
                  20           -0.720621           -0.720687         0.000144544
                  21           -0.719856           -0.720648         0.000143073
                  22           -0.718737           -0.720561         0.000161718
                  23           -0.721437           -0.720599         0.000159152
                  24           -0.721571           -0.720639         0.000157671
                  25           -0.720264           -0.720624         0.000151976
                  26           -0.721633           -0.720663         0.000151077
                  27           -0.720462           -0.720656         0.000145566
                  28           -0.721308           -0.720679         0.000142192
                  29           -0.721167           -0.720696         0.000138231
                  30           -0.720474           -0.720688         0.000133747
                  31           -0.720022           -0.720667         0.000131137
                  32           -0.720703           -0.720668         0.000126978
                  33           -0.719474           -0.720632         0.000128282
                  34           -0.720798           -0.720637         0.000124548
                  35           -0.720969           -0.720646         0.000121308
                  36           -0.719791           -0.720622         0.000120259
                  37           -0.721546           -0.720647         0.000119595
                  38           -0.719017           -0.720605         0.000124063
                  39            -0.72007           -0.720591         0.000121616
                  40           -0.721116           -0.720604         0.000119261
                  41           -0.720481           -0.720601         0.000116355
                  42           -0.721162           -0.720614         0.000114333
                  43           -0.719892           -0.720597         0.000112899
                  44           -0.720686           -0.720599         0.000110321
                  45           -0.720588           -0.720599         0.000107842
                  46           -0.721166           -0.720612         0.000106188
                  47           -0.720698           -0.720613          0.00010392
                  48           -0.721491           -0.720632         0.000103363
                  49           -0.720285           -0.720625         0.000101479
                  50           -0.720975           -0.720632         9.96752e-05
