                   1            0.114097            0.114097                   0
                   2            0.114091            0.114094               3e-06
                   3            0.098526            0.108905          0.00518927
                   4            0.111012            0.109431            0.003707
                   5            0.116277            0.110801          0.00318115
                   6            0.110311            0.110719          0.00259868
                   7           0.0981128            0.108918          0.00284022
                   8            0.102032            0.108057          0.00260598
                   9            0.104662             0.10768          0.00232902
                  10            0.118256            0.108738          0.00233625
                  11            0.109896            0.108843          0.00211584
                  12            0.113242             0.10921          0.00196596
                  13           0.0996908            0.108477          0.00195103
                  14              0.1193             0.10925          0.00196477
                  15            0.118403            0.109861           0.0019282
                  16            0.105199            0.109569          0.00182704
                  17            0.111723            0.109696          0.00172088
                  18            0.108834            0.109648          0.00162316
                  19            0.104823            0.109394          0.00155622
                  20            0.113345            0.109592          0.00148952
                  21            0.119124            0.110046          0.00148775
                  22            0.121525            0.110567          0.00151145
                  23            0.113346            0.110688          0.00144928
                  24            0.106798            0.110526          0.00139701
                  25            0.113687            0.110653          0.00134592
                  26            0.112264            0.110714           0.0012946
                  27            0.100304            0.110329          0.00130404
                  28            0.105378            0.110152          0.00126899
                  29            0.112199            0.110223          0.00122648
                  30             0.10727            0.110124          0.00118897
                  31            0.110922             0.11015          0.00115027
                  32            0.106012            0.110021          0.00112122
                  33            0.105018            0.109869          0.00109724
                  34            0.116855            0.110075          0.00108413
                  35             0.12067            0.110377          0.00109536
                  36            0.108025            0.110312           0.0010665
                  37            0.112427            0.110369          0.00103885
                  38            0.100422            0.110107          0.00104448
                  39            0.123193            0.110443          0.00107125
                  40            0.105834            0.110328          0.00105046
                  41            0.107418            0.110257          0.00102697
                  42            0.123014             0.11056          0.00104724
                  43            0.113434            0.110627          0.00102478
                  44            0.128054            0.111023          0.00107671
                  45            0.114983            0.111111          0.00105618
                  46            0.108037            0.111045          0.00103513
                  47            0.118264            0.111198          0.00102444
                  48              0.1094            0.111161          0.00100357
                  49             0.11368            0.111212         0.000984223
                  50            0.121223            0.111412         0.000984902
