                   1             5.50276             5.50276                   0
                   2             5.64074             5.57175           0.0689905
                   3             5.59702             5.58017            0.040713
                   4             5.72108              5.6154            0.045494
                   5             5.60709             5.61374           0.0352786
                   6             5.62633             5.61584           0.0288812
                   7             5.54529             5.60576           0.0264079
                   8             5.49916             5.59244           0.0264683
                   9             5.53846             5.58644           0.0241009
                  10             5.66572             5.59437           0.0229682
                  11             5.65885             5.60023           0.0215867
                  12             5.66046             5.60525            0.020335
                  13             5.65684             5.60922           0.0191218
                  14             5.39796             5.59413           0.0232615
                  15             5.49671             5.58763           0.0226082
                  16              5.7841             5.59991           0.0244545
                  17             5.61872             5.60102           0.0229976
                  18              5.6234             5.60226            0.021718
                  19             5.69186             5.60698           0.0210775
                  20             5.56884             5.60507           0.0200866
                  21              5.6164             5.60561           0.0191137
                  22              5.6358             5.60698           0.0182758
                  23             5.73571             5.61258           0.0183381
                  24             5.63167             5.61337           0.0175754
                  25             5.64593             5.61468            0.016908
                  26             5.79247             5.62152           0.0176253
                  27             5.55986             5.61923            0.017113
                  28             5.72428             5.62298            0.016912
                  29             5.57349             5.62128           0.0164074
                  30             5.53509              5.6184           0.0161093
                  31             5.64524             5.61927            0.015605
                  32             5.79531             5.62477           0.0160798
                  33             5.49263             5.62077           0.0160911
                  34             5.51831             5.61775           0.0158988
                  35             5.72849             5.62092           0.0157588
                  36             5.59303             5.62014           0.0153343
                  37             5.58367             5.61916           0.0149467
                  38             5.37866             5.61283            0.015865
                  39             5.54858             5.61118           0.0155404
                  40             5.57768             5.61034           0.0151701
                  41             5.60275             5.61016           0.0147966
                  42             5.61261             5.61022           0.0144401
                  43             5.60892             5.61019           0.0141003
                  44              5.5305             5.60837           0.0138947
                  45             5.49104             5.60577           0.0138304
                  46             5.61825             5.60604           0.0135291
                  47             5.71594             5.60838           0.0134431
                  48             5.65954             5.60944           0.0132031
                  49              5.6405             5.61008           0.0129464
                  50             5.65909             5.61106           0.0127227
