                   1           -0.725164           -0.725164                   0
                   2           -0.725808           -0.725486          0.00032194
                   3           -0.723404           -0.724792          0.00071851
                   4           -0.725568           -0.724986         0.000543844
                   5           -0.725073           -0.725004         0.000421615
                   6           -0.724932           -0.724992         0.000344454
                   7           -0.725873           -0.725117         0.000317162
                   8           -0.723728           -0.724944         0.000324987
                   9           -0.723656           -0.724801          0.00032032
                  10           -0.725748           -0.724895         0.000301742
                  11           -0.724204           -0.724833         0.000280073
                  12           -0.725866           -0.724919         0.000269775
                  13           -0.724391           -0.724878          0.00025145
                  14           -0.725978           -0.724957         0.000245697
                  15           -0.725358           -0.724983         0.000230288
                  16            -0.72453           -0.724955         0.000217274
                  17           -0.724645           -0.724937         0.000204907
                  18           -0.723525           -0.724858         0.000208493
                  19             -0.7242           -0.724824         0.000200232
                  20           -0.724701           -0.724818         0.000190055
                  21           -0.724318           -0.724794         0.000182334
                  22           -0.723587           -0.724739         0.000182295
                  23           -0.725879           -0.724789         0.000181102
                  24           -0.725434           -0.724815         0.000175462
                  25           -0.724991           -0.724822         0.000168444
                  26           -0.725684           -0.724856         0.000165197
                  27           -0.723663           -0.724811         0.000164985
                  28            -0.72466           -0.724806         0.000159076
                  29           -0.725332           -0.724824         0.000154561
                  30           -0.724414           -0.724811         0.000149944
                  31           -0.724754           -0.724809         0.000145038
                  32           -0.724439           -0.724797         0.000140906
                  33           -0.723652           -0.724762         0.000140906
                  34           -0.724817           -0.724764         0.000136708
                  35           -0.725393           -0.724782         0.000133957
                  36           -0.724333            -0.72477         0.000130781
                  37           -0.725725           -0.724795         0.000129789
                  38           -0.722512           -0.724735         0.000139894
                  39           -0.725479           -0.724754         0.000137588
                  40           -0.725282           -0.724768         0.000134752
                  41           -0.725315           -0.724781         0.000132101
                  42           -0.726203           -0.724815         0.000133293
                  43            -0.72455           -0.724809         0.000130301
                  44           -0.725887           -0.724833         0.000129642
                  45           -0.725559           -0.724849          0.00012775
                  46           -0.724366           -0.724839         0.000125384
                  47           -0.725722           -0.724858         0.000124118
                  48           -0.725933            -0.72488         0.000123553
                  49           -0.724235           -0.724867         0.000121718
                  50           -0.725602           -0.724881         0.000120162
