                   1            0.395968            0.395968                   0
                   2             0.39425            0.395109         0.000859022
                   3             0.39235            0.394189          0.00104487
                   4            0.396636            0.394801         0.000959236
                   5            0.397031            0.395247         0.000866618
                   6            0.392967            0.394867         0.000803158
                   7            0.398747            0.395421         0.000876334
                   8            0.402146            0.396262          0.00113251
                   9            0.395266            0.396151          0.00100489
                  10            0.399546            0.396491         0.000960793
                  11            0.397744            0.396605         0.000876511
                  12            0.397133            0.396649         0.000801353
                  13            0.396644            0.396648         0.000737138
                  14             0.40462            0.397218         0.000888783
                  15            0.394706             0.39705         0.000844186
                  16            0.398751            0.397157         0.000796783
                  17            0.400116            0.397331          0.00076843
                  18            0.395856            0.397249         0.000729098
                  19            0.394456            0.397102         0.000705143
                  20            0.395224            0.397008         0.000675516
                  21            0.398476            0.397078         0.000646335
                  22            0.401473            0.397278         0.000647834
                  23             0.39371            0.397123          0.00063816
                  24            0.392678            0.396937         0.000638438
                  25             0.39365            0.396806         0.000626327
                  26              0.3998            0.396921         0.000612675
                  27            0.401493             0.39709         0.000613387
                  28            0.396021            0.397052         0.000592308
                  29            0.399986            0.397153         0.000580404
                  30            0.397986            0.397181          0.00056141
                  31            0.398514            0.397224         0.000544697
                  32            0.395373            0.397166         0.000530565
                  33            0.395165            0.397106           0.0005178
                  34            0.393256            0.396992         0.000514939
                  35             0.40195            0.397134         0.000519687
                  36            0.392207            0.396997         0.000523259
                  37            0.397526            0.397011         0.000509121
                  38            0.396374            0.396995         0.000495826
                  39            0.398968            0.397045          0.00048559
                  40            0.397135            0.397047           0.0004733
                  41            0.398372             0.39708          0.00046274
                  42             0.39932            0.397133         0.000454728
                  43            0.395773            0.397102         0.000445151
                  44            0.391327             0.39697         0.000454284
                  45            0.391883            0.396857         0.000458241
                  46            0.397781            0.396877         0.000448617
                  47            0.393347            0.396802         0.000445348
                  48            0.394931            0.396763         0.000437711
                  49            0.403488              0.3969         0.000450115
                  50            0.395428            0.396871         0.000442003
