                   1            0.406585            0.406585                   0
                   2            0.408402            0.407493         0.000908506
                   3            0.403143            0.406043          0.00154196
                   4            0.408026            0.406539          0.00119766
                   5            0.411233            0.407478          0.00131988
                   6            0.408501            0.407648          0.00109107
                   7            0.409846            0.407962         0.000974103
                   8            0.411692            0.408429         0.000963882
                   9            0.405492            0.408102         0.000910546
                  10            0.413265            0.408618         0.000964279
                  11            0.415024            0.409201          0.00104876
                  12            0.412513            0.409477         0.000996376
                  13            0.406419            0.409242          0.00094624
                  14            0.414066            0.409586         0.000941388
                  15             0.40909            0.409553          0.00087701
                  16             0.40748            0.409424         0.000830533
                  17            0.416183            0.409821         0.000875632
                  18            0.405287            0.409569         0.000863126
                  19            0.407147            0.409442         0.000826327
                  20            0.407188            0.409329         0.000791982
                  21            0.415096            0.409604         0.000801815
                  22            0.415676             0.40988         0.000812804
                  23            0.405321            0.409682         0.000801553
                  24             0.40693            0.409567         0.000775942
                  25            0.409102            0.409548          0.00074449
                  26            0.411954            0.409641          0.00072124
                  27            0.414143            0.409808         0.000713764
                  28            0.408091            0.409746         0.000690526
                  29             0.41437            0.409906         0.000685104
                  30            0.411696            0.409965         0.000664557
                  31            0.409654            0.409955          0.00064284
                  32            0.407959            0.409893         0.000625546
                  33             0.40479            0.409738           0.0006257
                  34            0.407586            0.409675         0.000610309
                  35            0.417501            0.409899         0.000633394
                  36            0.407499            0.409832         0.000619148
                  37            0.405092            0.409704         0.000615658
                  38            0.408759            0.409679         0.000599753
                  39             0.41338            0.409774         0.000591829
                  40            0.410948            0.409803          0.00057759
                  41            0.409969            0.409807          0.00056334
                  42            0.410915            0.409834         0.000550397
                  43            0.408493            0.409802         0.000538348
                  44            0.404233            0.409676         0.000540989
                  45            0.405663            0.409587         0.000536298
                  46            0.407883             0.40955         0.000525816
                  47            0.408181            0.409521          0.00051533
                  48            0.405972            0.409447         0.000509867
                  49            0.414211            0.409544         0.000508732
                  50            0.411822            0.409589         0.000500532
