                   1            0.001852            0.001852                   0
                   2           -0.001348            0.000252              0.0016
                   3          -0.0126836         -0.00405987          0.00440971
                   4           0.0010896          -0.0027725          0.00337344
                   5           0.0064252         -0.00093296          0.00319561
                   6            0.003174        -0.000248467           0.0026975
                   7           -0.012794         -0.00204069          0.00289992
                   8          -0.0091584          -0.0029304          0.00266435
                   9          -0.0057788         -0.00324689          0.00237095
                  10           0.0118608         -0.00173612          0.00260376
                  11          -0.0067832         -0.00219495          0.00239946
                  12           0.0076544         -0.00137417          0.00233913
                  13          -0.0082796         -0.00190535          0.00221629
                  14           0.0138104          -0.0007828          0.00233888
                  15           0.0077892        -0.000211333          0.00225112
                  16          -0.0041396         -0.00045685          0.00211999
                  17          -0.0007636        -0.000474894          0.00199147
                  18           0.0029756          -0.0002832          0.00188734
                  19           -0.004682        -0.000514716          0.00180019
                  20           0.0013792         -0.00042002          0.00171043
                  21           0.0117372         0.000158895          0.00172688
                  22           0.0051172         0.000384273          0.00166186
                  23           0.0054744         0.000605583          0.00160331
                  24           -0.000324          0.00056685          0.00153555
                  25           0.0002616          0.00055464          0.00147289
                  26          -0.0025768           0.0004342          0.00142023
                  27          -0.0140428        -0.000101985          0.00146804
                  28          -0.0056492          -0.0003001          0.00142844
                  29            0.001424        -0.000240648          0.00137958
                  30          -0.0023664        -0.000311507          0.00133469
                  31          -0.0026116        -0.000385703          0.00129305
                  32          -0.0027024          -0.0004581          0.00125408
                  33           -0.002402        -0.000517006          0.00121691
                  34              0.0015        -0.000457682          0.00118206
                  35           0.0034416        -0.000346274          0.00115319
                  36          -0.0040828        -0.000450067          0.00112549
                  37            0.003426        -0.000345308          0.00109965
                  38          -0.0050116        -0.000468105          0.00107735
                  39           0.0097004        -0.000207374          0.00108126
                  40          -0.0064972         -0.00036462          0.00106555
                  41           -0.000118        -0.000358605          0.00103926
                  42            0.009314        -0.000128305          0.00104003
                  43            0.002804        -6.01116e-05          0.00101784
                  44            0.013392         0.000245618          0.00104037
                  45          -0.0016076         0.000204436          0.00101783
                  46          -0.0025828         0.000143843         0.000997296
                  47           0.0013364         0.000169217         0.000976176
                  48            -0.00254         0.000112775         0.000957288
                  49           0.0023428         0.000158286         0.000938652
                  50            0.012692          0.00040896         0.000953238
