0 1.80865 0
1 1.80232 0.00632605
2 1.79324 0.00979265
3 1.794 0.006966
4 1.79461 0.00543039
5 1.79491 0.00444434
6 1.79287 0.0042733
7 1.79171 0.00387857
8 1.79239 0.00348676
9 1.7925 0.00312077
10 1.79219 0.00284055
11 1.78989 0.00346629
12 1.78995 0.0031892
13 1.79023 0.00296559
14 1.79118 0.00292093
15 1.79119 0.00273229
16 1.79248 0.00287504
17 1.79291 0.00274424
18 1.7933 0.00262448
19 1.79499 0.00300938
20 1.79616 0.00309218
21 1.79565 0.00299239
22 1.79804 0.00373135
23 1.80073 0.0044686
24 1.80268 0.00470806
25 1.80421 0.00477494
26 1.80572 0.00483817
27 1.80824 0.00530038
28 1.81142 0.00602099
29 1.81292 0.0060068
30 1.8143 0.00597172
31 1.8158 0.00597445
32 1.81621 0.0058051
33 1.81636 0.00563364
34 1.81724 0.00554
35 1.81776 0.00540976
36 1.8183 0.00528876
37 1.81907 0.0052052
38 1.81987 0.00513248
39 1.81955 0.00501248
40 1.81949 0.00488907
41 1.81954 0.00477144
42 1.81944 0.00466022
43 1.81962 0.00455656
44 1.81985 0.00446044
45 1.82033 0.00438834
46 1.82088 0.00432848
47 1.82091 0.00423749
48 1.82109 0.00415386
49 1.82162 0.00410464
50 1.8207 0.00412772
51 1.82085 0.0040506
52 1.82135 0.00400446
53 1.8219 0.00396778
54 1.82222 0.00390809
55 1.8227 0.00386689
56 1.82345 0.00387278
57 1.82402 0.00384809
58 1.82458 0.00382277
59 1.82567 0.00391464
60 1.82677 0.00400474
61 1.82776 0.0040617
62 1.82888 0.0041511
63 1.82948 0.00412906
64 1.83079 0.00427036
65 1.83233 0.00447992
66 1.83329 0.00451464
67 1.83465 0.00465117
68 1.83596 0.00476772
69 1.83698 0.00480901
70 1.83819 0.00489144
71 1.8399 0.00511768
72 1.84149 0.00529128
73 1.84237 0.00529301
74 1.84319 0.0052857
75 1.84441 0.00535592
76 1.8458 0.00546795
77 1.84698 0.00552342
78 1.84763 0.00549195
79 1.84879 0.00554484
80 1.84962 0.00553905
81 1.85009 0.00549154
82 1.85117 0.00553089
83 1.85206 0.00553626
84 1.853 0.00555068
85 1.85393 0.00556481
86 1.85474 0.00555926
87 1.85518 0.00551347
88 1.85581 0.00548705
89 1.85648 0.00546781
90 1.85722 0.00545719
91 1.85784 0.00543364
92 1.85831 0.00539476
93 1.85838 0.0053375
94 1.85871 0.00529154
95 1.85913 0.00525316
96 1.8593 0.00520143
97 1.85943 0.00514963
98 1.85969 0.00510443
99 1.85997 0.00506081
100 1.86032 0.00502215
101 1.86081 0.00499727
102 1.86147 0.0049927
103 1.86215 0.00499076
104 1.86241 0.00494966
105 1.86301 0.00493991
106 1.86369 0.0049401
107 1.86431 0.00493278
108 1.86474 0.0049063
109 1.86535 0.00489969
110 1.86594 0.00489184
111 1.86637 0.00486615
112 1.86684 0.00484583
113 1.86737 0.0048325
114 1.86797 0.00482783
115 1.8687 0.00484133
116 1.86956 0.00487597
117 1.87024 0.00488283
118 1.87062 0.0048565
119 1.87156 0.00490619
120 1.87261 0.00497772
121 1.87336 0.0049929
122 1.87429 0.00503956
123 1.87508 0.00506045
124 1.87547 0.00503456
125 1.87594 0.00501695
126 1.87671 0.00503615
127 1.87748 0.00505578
128 1.87827 0.00507885
129 1.87884 0.00507187
130 1.87922 0.00504734
131 1.87986 0.00504919
132 1.88058 0.00506282
133 1.88121 0.00506401
134 1.88178 0.00505848
135 1.88257 0.00508247
136 1.88324 0.0050902
137 1.88386 0.00509052
138 1.88463 0.00511257
139 1.88517 0.00510452
140 1.88562 0.00508804
141 1.88609 0.00507397
142 1.88664 0.00506863
143 1.88702 0.0050476
144 1.88724 0.00501745
145 1.88753 0.00499147
146 1.88777 0.00496321
147 1.8881 0.00494067
148 1.88838 0.00491514
149 1.88867 0.00489091
150 1.88867 0.00485842
151 1.88873 0.00482665
152 1.88895 0.00480018
153 1.88913 0.00477228
154 1.88908 0.00474168
155 1.88908 0.00471118
156 1.88888 0.00468518
157 1.88894 0.00465587
158 1.8889 0.00462671
159 1.8888 0.00459878
160 1.88895 0.00457275
161 1.88915 0.00454867
162 1.88927 0.00452235
163 1.88937 0.00449575
164 1.88949 0.00447006
165 1.88963 0.00444514
166 1.88946 0.00442152
167 1.88939 0.00439579
168 1.88949 0.00437094
169 1.88923 0.00435307
170 1.88911 0.0043292
171 1.88895 0.00430702
172 1.88854 0.004301
173 1.88821 0.00428934
174 1.88789 0.00427637
175 1.88756 0.00426493
176 1.88715 0.00426093
177 1.88671 0.00425964
178 1.88653 0.0042397
179 1.88643 0.0042172
180 1.88635 0.00419451
181 1.88621 0.00417397
182 1.88621 0.0041511
183 1.88635 0.00413097
184 1.88656 0.00411374
185 1.88684 0.00410106
186 1.88692 0.00407988
187 1.88718 0.00406658
188 1.88747 0.00405514
189 1.88774 0.00404284
190 1.88811 0.00403874
191 1.88857 0.00404366
192 1.88889 0.00403538
193 1.88891 0.00401458
194 1.88912 0.00399944
195 1.8895 0.00399707
196 1.88983 0.00399032
197 1.89022 0.00398976
198 1.89042 0.00397438
199 1.8906 0.00395852
200 1.89074 0.00394121
201 1.89115 0.00394296
202 1.89143 0.00393355
203 1.89151 0.00391518
204 1.89155 0.00389624
205 1.8917 0.00388002
206 1.8917 0.00386123
207 1.892 0.00385387
208 1.89212 0.00383723
209 1.89227 0.00382206
210 1.89263 0.00382103
211 1.89291 0.0038133
212 1.89326 0.00381089
213 1.89363 0.00381139
214 1.89398 0.00380981
215 1.89426 0.00380214
216 1.8945 0.00379212
217 1.89464 0.00377734
218 1.89483 0.00376499
219 1.89502 0.00375278
220 1.89516 0.00373815
221 1.89519 0.00372148
222 1.89515 0.00370505
223 1.89511 0.00368868
224 1.89508 0.00367236
225 1.89505 0.00365621
226 1.89499 0.00364057
227 1.8951 0.0036262
228 1.89519 0.00361149
229 1.89519 0.00359576
230 1.89541 0.00358681
231 1.89564 0.0035785
232 1.89576 0.00356502
233 1.89582 0.00355036
234 1.89596 0.00353797
235 1.89616 0.00352876
236 1.89631 0.00351672
237 1.8964 0.00350321
238 1.8965 0.00349004
239 1.89664 0.00347824
240 1.89677 0.00346627
241 1.89685 0.00345264
242 1.8969 0.00343889
243 1.89682 0.00342591
244 1.89698 0.00341607
245 1.89723 0.00341131
246 1.89747 0.0034056
247 1.89763 0.00339582
248 1.8979 0.00339281
249 1.89823 0.00339552
250 1.8987 0.00341376
251 1.89894 0.00340872
252 1.89913 0.00340035
253 1.89942 0.00339961
254 1.89971 0.00339859
255 1.8999 0.0033909
256 1.90011 0.00338393
257 1.90024 0.00337342
258 1.90029 0.00336067
259 1.90039 0.00334936
260 1.90046 0.00333725
261 1.90058 0.00332653
262 1.90065 0.00331449
263 1.90063 0.00330195
264 1.90069 0.00328996
265 1.90075 0.00327816
266 1.90075 0.00326587
267 1.9006 0.00325735
268 1.90064 0.00324544
269 1.90068 0.00323363
270 1.90065 0.00322181
271 1.90057 0.00321085
272 1.90047 0.00320058
273 1.90032 0.00319263
274 1.90008 0.00318987
275 1.89992 0.00318248
276 1.89976 0.00317467
277 1.89966 0.00316506
278 1.89948 0.00315863
279 1.89931 0.00315188
280 1.89915 0.0031446
281 1.89899 0.00313777
282 1.89881 0.00313161
283 1.89867 0.00312397
284 1.89857 0.00311439
285 1.89851 0.00310404
286 1.89831 0.00309971
287 1.89816 0.00309275
288 1.89802 0.00308507
289 1.89785 0.00307911
290 1.89771 0.00307197
291 1.89752 0.00306687
292 1.89733 0.00306274
293 1.89716 0.00305708
294 1.89695 0.00305331
295 1.89676 0.00304909
296 1.89661 0.00304274
297 1.89645 0.00303637
298 1.89624 0.00303358
299 1.89612 0.00302593
300 1.89605 0.0030166
301 1.89586 0.00301292
302 1.89583 0.00300309
303 1.8959 0.002994
304 1.89595 0.0029845
305 1.89597 0.00297481
306 1.89615 0.00297082
307 1.89627 0.0029634
308 1.89638 0.00295599
309 1.8966 0.00295493
310 1.89681 0.00295259
311 1.89703 0.00295118
312 1.89726 0.00295057
313 1.89735 0.0029426
314 1.89751 0.00293781
315 1.89762 0.00293056
316 1.89766 0.00292156
317 1.89765 0.00291237
318 1.89765 0.00290322
319 1.89769 0.00289433
320 1.89769 0.0028853
321 1.89757 0.00287906
322 1.89753 0.00287041
323 1.89754 0.00286159
324 1.89758 0.00285296
325 1.89753 0.00284461
326 1.89756 0.00283605
327 1.89756 0.00282739
328 1.89756 0.00281878
329 1.89756 0.00281023
330 1.89754 0.00280182
331 1.8976 0.00279394
332 1.89767 0.00278656
333 1.89779 0.00278094
334 1.89789 0.00277437
335 1.89791 0.00276615
336 1.89798 0.00275895
337 1.89812 0.00275411
338 1.89825 0.00274913
339 1.89838 0.00274396
340 1.89855 0.00274108
341 1.89873 0.00273888
342 1.89886 0.00273413
343 1.89903 0.00273168
344 1.89921 0.00272987
345 1.89934 0.0027247
346 1.89941 0.00271781
347 1.89959 0.00271591
348 1.89977 0.002714
349 1.89992 0.0027104
350 1.90014 0.00271194
351 1.90019 0.00270465
352 1.90038 0.00270356
353 1.90066 0.00271015
354 1.90088 0.00271177
355 1.90109 0.00271259
356 1.90139 0.00272068
357 1.90168 0.0027293
358 1.90195 0.00273456
359 1.90225 0.00274336
360 1.90257 0.00275523
361 1.90287 0.00276358
362 1.90317 0.00277178
363 1.90347 0.00278048
364 1.9038 0.00279296
365 1.90416 0.00280777
366 1.90454 0.00282641
367 1.90489 0.00283987
368 1.90521 0.0028503
369 1.90553 0.00286078
370 1.906 0.00289227
371 1.90636 0.00290615
372 1.90667 0.00291504
373 1.90704 0.00293067
374 1.90744 0.00294991
375 1.90777 0.00296042
376 1.90794 0.00295751
377 1.90814 0.00295631
378 1.90843 0.00296341
379 1.90871 0.00296871
380 1.90893 0.00296895
381 1.90914 0.00296877
382 1.90931 0.00296547
383 1.90944 0.00296084
384 1.90964 0.0029596
385 1.9098 0.00295625
386 1.90987 0.00294954
387 1.90996 0.00294312
388 1.91001 0.00293606
389 1.90992 0.00292992
390 1.90997 0.00292293
391 1.91001 0.00291571
392 1.91007 0.00290877
393 1.91009 0.00290147
394 1.91016 0.00289505
395 1.91026 0.00288954
396 1.91038 0.00288469
397 1.91049 0.00287924
398 1.91053 0.00287243
399 1.91068 0.002869
400 1.91092 0.00287204
401 1.91119 0.00287749
402 1.91145 0.00288232
403 1.9117 0.00288582
404 1.91198 0.00289189
405 1.91227 0.0028996
406 1.91253 0.00290394
407 1.91271 0.00290231
408 1.91289 0.00290087
409 1.91298 0.00289515
410 1.91316 0.00289365
411 1.91331 0.00289064
412 1.91336 0.002884
413 1.9134 0.00287739
414 1.91345 0.00287089
415 1.91345 0.00286398
416 1.91342 0.00285727
417 1.91348 0.00285099
418 1.91348 0.00284419
419 1.91351 0.00283753
420 1.91357 0.00283144
421 1.91363 0.00282534
422 1.91369 0.00281929
423 1.91369 0.00281264
424 1.91377 0.00280701
425 1.91382 0.00280095
426 1.91388 0.00279493
427 1.91397 0.00279001
428 1.91414 0.00278837
429 1.91428 0.00278536
430 1.91442 0.00278242
431 1.91456 0.0027799
432 1.91473 0.00277839
433 1.91494 0.00277966
434 1.91512 0.00277912
435 1.91524 0.00277569
436 1.9154 0.00277371
437 1.91557 0.00277269
438 1.91575 0.00277238
439 1.91583 0.00276699
440 1.91594 0.00276306
441 1.91601 0.00275782
442 1.916 0.00275162
443 1.91608 0.00274651
444 1.91613 0.00274082
445 1.91607 0.0027353
446 1.9161 0.0027293
447 1.9161 0.0027232
448 1.91607 0.00271733
449 1.91599 0.00271247
450 1.91599 0.00270644
451 1.91598 0.00270046
452 1.91596 0.00269455
453 1.91591 0.00268906
454 1.91578 0.00268644
455 1.91572 0.00268113
456 1.91569 0.00267543
457 1.91565 0.00266997
458 1.91549 0.00266863
459 1.91536 0.00266597
460 1.91529 0.00266108
461 1.91519 0.00265739
462 1.91508 0.00265388
463 1.91494 0.00265156
464 1.91486 0.00264731
465 1.91476 0.00264321
466 1.91463 0.00264087
467 1.91451 0.00263802
468 1.9144 0.00263461
469 1.91432 0.00263021
470 1.91424 0.00262586
471 1.9141 0.00262415
472 1.91399 0.0026211
473 1.91392 0.00261651
474 1.91384 0.0026121
475 1.91381 0.00260682
476 1.91376 0.00260171
477 1.91374 0.00259638
478 1.91367 0.00259176
479 1.91358 0.00258801
480 1.91355 0.00258278
481 1.91354 0.00257744
482 1.91359 0.00257257
483 1.91357 0.00256731
484 1.91363 0.00256265
485 1.91369 0.00255802
486 1.91369 0.00255277
487 1.9138 0.00255001
488 1.91392 0.00254745
489 1.91403 0.00254468
490 1.91409 0.00254017
491 1.91419 0.00253676
492 1.91427 0.00253294
493 1.91433 0.00252853
494 1.91436 0.00252368
495 1.9143 0.00251946
496 1.91434 0.00251467
497 1.91442 0.00251086
498 1.91445 0.00250607
499 1.91449 0.00250146
