0 1.51711 0
1 1.5171 1.125e-05
2 1.51709 9.34352e-06
3 1.51709 8.0696e-06
4 1.51708 6.58769e-06
5 1.51708 5.45413e-06
6 1.51708 5.50114e-06
7 1.51708 5.27484e-06
8 1.51707 5.7068e-06
9 1.51707 5.53648e-06
10 1.51707 5.98249e-06
11 1.51707 5.78307e-06
12 1.51707 5.44376e-06
13 1.51707 5.56485e-06
14 1.51707 6.32277e-06
15 1.51708 7.27746e-06
16 1.51708 7.35868e-06
17 1.51708 7.37231e-06
18 1.51708 7.71916e-06
19 1.51709 7.79596e-06
20 1.51709 7.89666e-06
21 1.51709 7.81521e-06
22 1.51709 7.67949e-06
23 1.5171 7.57974e-06
24 1.5171 7.56151e-06
25 1.5171 7.4807e-06
26 1.5171 7.27315e-06
27 1.5171 7.05353e-06
28 1.5171 6.97126e-06
29 1.5171 6.98749e-06
30 1.51711 6.89148e-06
31 1.51711 6.74553e-06
32 1.51711 6.59415e-06
33 1.51711 6.46784e-06
34 1.51711 6.30076e-06
35 1.51711 6.14603e-06
36 1.51711 5.9779e-06
37 1.51711 5.83517e-06
38 1.51711 5.70193e-06
39 1.51711 5.57712e-06
40 1.51711 5.43995e-06
41 1.51711 5.34152e-06
42 1.51711 5.27126e-06
43 1.51711 5.15767e-06
44 1.51711 5.0431e-06
45 1.51711 4.93687e-06
46 1.51711 4.83712e-06
47 1.51711 4.73618e-06
48 1.51711 4.64102e-06
49 1.51711 4.54749e-06
50 1.51711 4.46521e-06
51 1.51711 4.37892e-06
52 1.51711 4.3117e-06
53 1.51711 4.28277e-06
54 1.51711 4.27912e-06
55 1.51711 4.35538e-06
56 1.51711 4.3885e-06
57 1.5171 4.3773e-06
58 1.5171 4.35213e-06
59 1.5171 4.33326e-06
60 1.5171 4.33589e-06
61 1.5171 4.50688e-06
62 1.5171 4.73697e-06
63 1.5171 4.83862e-06
64 1.5171 4.92323e-06
65 1.5171 5.0824e-06
66 1.51709 5.27892e-06
67 1.51709 5.4106e-06
68 1.51709 5.48743e-06
69 1.51709 5.60728e-06
70 1.51709 5.74807e-06
71 1.51709 5.95313e-06
72 1.51708 6.0112e-06
73 1.51708 6.02054e-06
74 1.51708 6.01676e-06
75 1.51708 5.99128e-06
76 1.51708 5.94053e-06
77 1.51708 5.87962e-06
78 1.51708 5.82401e-06
79 1.51708 5.81005e-06
80 1.51708 5.80409e-06
81 1.51708 5.76102e-06
82 1.51708 5.71392e-06
83 1.51708 5.67369e-06
84 1.51708 5.64978e-06
85 1.51708 5.60635e-06
86 1.51708 5.57342e-06
87 1.51707 5.53277e-06
88 1.51707 5.48859e-06
89 1.51707 5.48582e-06
90 1.51707 5.49961e-06
91 1.51707 5.51318e-06
92 1.51707 5.50772e-06
93 1.51707 5.47989e-06
94 1.51707 5.46319e-06
95 1.51707 5.44877e-06
96 1.51707 5.4317e-06
97 1.51707 5.44995e-06
98 1.51707 5.47475e-06
99 1.51707 5.50719e-06
100 1.51706 5.55679e-06
101 1.51706 5.60601e-06
102 1.51706 5.68332e-06
103 1.51706 5.749e-06
104 1.51706 5.85249e-06
105 1.51706 5.98674e-06
106 1.51706 6.12679e-06
107 1.51706 6.2552e-06
108 1.51705 6.39156e-06
109 1.51705 6.57195e-06
110 1.51705 6.76837e-06
111 1.51705 6.98359e-06
112 1.51705 7.18974e-06
113 1.51704 7.34063e-06
114 1.51704 7.46568e-06
115 1.51704 7.5467e-06
116 1.51704 7.65611e-06
117 1.51704 7.79402e-06
118 1.51704 7.8935e-06
119 1.51703 7.99791e-06
120 1.51703 8.0932e-06
121 1.51703 8.21644e-06
122 1.51703 8.33812e-06
123 1.51703 8.46237e-06
124 1.51703 8.55997e-06
125 1.51702 8.65263e-06
126 1.51702 8.74895e-06
127 1.51702 8.84902e-06
128 1.51702 8.95215e-06
129 1.51702 9.03657e-06
130 1.51702 9.11215e-06
131 1.51701 9.18116e-06
132 1.51701 9.22326e-06
133 1.51701 9.2627e-06
134 1.51701 9.29851e-06
135 1.51701 9.33484e-06
136 1.51701 9.37685e-06
137 1.51701 9.43719e-06
138 1.517 9.49129e-06
139 1.517 9.5407e-06
140 1.517 9.58377e-06
141 1.517 9.61541e-06
142 1.517 9.63231e-06
143 1.517 9.63788e-06
144 1.517 9.64833e-06
145 1.51699 9.64871e-06
146 1.51699 9.64226e-06
147 1.51699 9.63729e-06
148 1.51699 9.61321e-06
149 1.51699 9.58924e-06
150 1.51699 9.56477e-06
151 1.51699 9.53173e-06
152 1.51699 9.49215e-06
153 1.51699 9.44433e-06
154 1.51699 9.39544e-06
155 1.51699 9.34691e-06
156 1.51699 9.30213e-06
157 1.51699 9.25625e-06
158 1.51699 9.20302e-06
159 1.51699 9.15329e-06
160 1.51699 9.10238e-06
161 1.51699 9.04695e-06
162 1.51699 8.99137e-06
163 1.51698 8.93647e-06
164 1.51698 8.88272e-06
165 1.51698 8.82979e-06
166 1.51698 8.77749e-06
167 1.51698 8.72527e-06
168 1.51698 8.67617e-06
169 1.51698 8.62505e-06
170 1.51698 8.57462e-06
171 1.51698 8.52465e-06
172 1.51698 8.47524e-06
173 1.51698 8.42644e-06
174 1.51698 8.37825e-06
175 1.51698 8.33097e-06
176 1.51698 8.28461e-06
177 1.51698 8.24039e-06
178 1.51698 8.19536e-06
179 1.51698 8.1498e-06
180 1.51698 8.10498e-06
181 1.51698 8.06158e-06
182 1.51698 8.02682e-06
183 1.51698 7.99173e-06
184 1.51698 7.95271e-06
185 1.51698 7.91563e-06
186 1.51698 7.87938e-06
187 1.51698 7.84147e-06
188 1.51698 7.80082e-06
189 1.51698 7.76081e-06
190 1.51698 7.72038e-06
191 1.51698 7.68083e-06
192 1.51698 7.64345e-06
193 1.51698 7.60673e-06
194 1.51698 7.56996e-06
195 1.51698 7.53535e-06
196 1.51698 7.49983e-06
197 1.51698 7.46726e-06
198 1.51698 7.43606e-06
199 1.51698 7.41206e-06
200 1.51698 7.38491e-06
201 1.51698 7.35125e-06
202 1.51698 7.31663e-06
203 1.51698 7.28357e-06
204 1.51698 7.25076e-06
205 1.51698 7.21742e-06
206 1.51698 7.18453e-06
207 1.51699 7.15373e-06
208 1.51699 7.12383e-06
209 1.51699 7.09166e-06
210 1.51699 7.0596e-06
211 1.51699 7.02755e-06
212 1.51699 6.9947e-06
213 1.51699 6.96202e-06
214 1.51699 6.92974e-06
215 1.51699 6.89774e-06
216 1.51699 6.86618e-06
217 1.51699 6.8368e-06
218 1.51699 6.80751e-06
219 1.51699 6.77785e-06
220 1.51699 6.74861e-06
221 1.51699 6.72003e-06
222 1.51699 6.68983e-06
223 1.51699 6.66001e-06
224 1.51698 6.63074e-06
225 1.51698 6.60136e-06
226 1.51698 6.5725e-06
227 1.51699 6.54415e-06
228 1.51699 6.51568e-06
229 1.51699 6.48749e-06
230 1.51699 6.45943e-06
231 1.51699 6.4316e-06
232 1.51699 6.40401e-06
233 1.51699 6.37659e-06
234 1.51698 6.34953e-06
235 1.51698 6.32258e-06
236 1.51698 6.29661e-06
237 1.51698 6.2706e-06
238 1.51698 6.24435e-06
239 1.51698 6.21828e-06
240 1.51698 6.19255e-06
241 1.51698 6.16712e-06
242 1.51698 6.14176e-06
243 1.51698 6.11656e-06
244 1.51698 6.09184e-06
245 1.51698 6.06711e-06
246 1.51699 6.04286e-06
247 1.51699 6.01919e-06
248 1.51699 5.99686e-06
249 1.51699 5.97365e-06
250 1.51699 5.94981e-06
251 1.51699 5.92619e-06
252 1.51699 5.90278e-06
253 1.51699 5.88007e-06
254 1.51699 5.85759e-06
255 1.51699 5.83482e-06
256 1.51699 5.81209e-06
257 1.51699 5.78952e-06
258 1.51699 5.76728e-06
259 1.51699 5.74516e-06
260 1.51699 5.72361e-06
261 1.51699 5.70287e-06
262 1.51699 5.68217e-06
263 1.51699 5.66121e-06
264 1.51699 5.64002e-06
265 1.51699 5.61946e-06
266 1.51699 5.60435e-06
267 1.51699 5.58602e-06
268 1.51699 5.5682e-06
269 1.51699 5.55055e-06
270 1.51699 5.5335e-06
271 1.51699 5.51713e-06
272 1.51699 5.50362e-06
273 1.51699 5.49236e-06
274 1.51699 5.4813e-06
275 1.51699 5.4712e-06
276 1.51699 5.45682e-06
277 1.51699 5.44469e-06
278 1.51699 5.42791e-06
279 1.51699 5.4104e-06
280 1.51699 5.39338e-06
281 1.51699 5.37486e-06
282 1.51699 5.3561e-06
283 1.51699 5.33743e-06
284 1.51699 5.3191e-06
285 1.51699 5.30072e-06
286 1.51699 5.2828e-06
287 1.51699 5.26479e-06
288 1.51699 5.24802e-06
289 1.51699 5.23208e-06
290 1.51699 5.21888e-06
291 1.51699 5.20789e-06
292 1.51699 5.19659e-06
293 1.51699 5.18222e-06
294 1.51699 5.16683e-06
295 1.51699 5.15058e-06
296 1.51699 5.13577e-06
297 1.51699 5.11923e-06
298 1.51699 5.10286e-06
299 1.51699 5.08624e-06
300 1.51699 5.06935e-06
301 1.51699 5.05253e-06
302 1.51699 5.03589e-06
303 1.51699 5.02017e-06
304 1.51699 5.0055e-06
305 1.51699 4.9919e-06
306 1.51699 4.97961e-06
307 1.51699 4.96537e-06
308 1.51699 4.95316e-06
309 1.51699 4.9438e-06
310 1.51699 4.93542e-06
311 1.51699 4.924e-06
312 1.51699 4.9132e-06
313 1.51699 4.90398e-06
314 1.51699 4.89277e-06
315 1.51699 4.87886e-06
316 1.51699 4.8651e-06
317 1.51699 4.85199e-06
318 1.51699 4.83925e-06
319 1.517 4.82678e-06
320 1.517 4.81289e-06
321 1.517 4.80331e-06
322 1.517 4.79687e-06
323 1.517 4.78847e-06
324 1.517 4.77913e-06
325 1.517 4.76761e-06
326 1.517 4.75761e-06
327 1.517 4.74772e-06
328 1.517 4.73442e-06
329 1.517 4.72193e-06
330 1.517 4.70932e-06
331 1.517 4.69626e-06
332 1.517 4.68318e-06
333 1.517 4.66925e-06
334 1.517 4.65529e-06
335 1.517 4.64142e-06
336 1.517 4.62771e-06
337 1.517 4.614e-06
338 1.517 4.60043e-06
339 1.517 4.5883e-06
340 1.517 4.57549e-06
341 1.517 4.56282e-06
342 1.517 4.55025e-06
343 1.517 4.53772e-06
344 1.517 4.53076e-06
345 1.517 4.52831e-06
346 1.517 4.53031e-06
347 1.517 4.53304e-06
348 1.517 4.53433e-06
349 1.51699 4.53387e-06
350 1.51699 4.53792e-06
351 1.51699 4.54919e-06
352 1.51699 4.56373e-06
353 1.51699 4.57358e-06
354 1.51699 4.58412e-06
355 1.51699 4.58746e-06
356 1.51699 4.58945e-06
357 1.51699 4.59656e-06
358 1.51699 4.60305e-06
359 1.51699 4.61459e-06
360 1.51699 4.62778e-06
361 1.51699 4.63947e-06
362 1.51699 4.65049e-06
363 1.51699 4.65964e-06
364 1.51699 4.66772e-06
365 1.51699 4.68267e-06
366 1.51699 4.70321e-06
367 1.51699 4.72704e-06
368 1.51699 4.74979e-06
369 1.51699 4.77126e-06
370 1.51698 4.79442e-06
371 1.51698 4.81996e-06
372 1.51698 4.85103e-06
373 1.51698 4.88505e-06
374 1.51698 4.91761e-06
375 1.51698 4.95235e-06
376 1.51698 4.98668e-06
377 1.51698 5.02265e-06
378 1.51698 5.05475e-06
379 1.51698 5.08014e-06
380 1.51698 5.10542e-06
381 1.51698 5.13068e-06
382 1.51698 5.15718e-06
383 1.51698 5.18296e-06
384 1.51698 5.20603e-06
385 1.51698 5.2283e-06
386 1.51697 5.24611e-06
387 1.51697 5.263e-06
388 1.51697 5.2794e-06
389 1.51697 5.29416e-06
390 1.51697 5.30313e-06
391 1.51697 5.31272e-06
392 1.51697 5.32297e-06
393 1.51697 5.33279e-06
394 1.51697 5.34376e-06
395 1.51697 5.35027e-06
396 1.51697 5.35629e-06
397 1.51697 5.36203e-06
398 1.51697 5.36766e-06
399 1.51697 5.373e-06
400 1.51697 5.37967e-06
401 1.51697 5.39207e-06
402 1.51697 5.40234e-06
403 1.51697 5.40983e-06
404 1.51697 5.41521e-06
405 1.51697 5.42244e-06
406 1.51696 5.43304e-06
407 1.51696 5.4435e-06
408 1.51696 5.45293e-06
409 1.51696 5.46036e-06
410 1.51696 5.47035e-06
411 1.51696 5.47862e-06
412 1.51696 5.48911e-06
413 1.51696 5.49718e-06
414 1.51696 5.5016e-06
415 1.51696 5.51151e-06
416 1.51696 5.52423e-06
417 1.51696 5.53612e-06
418 1.51696 5.54662e-06
419 1.51696 5.55598e-06
420 1.51696 5.56613e-06
421 1.51696 5.57961e-06
422 1.51696 5.60048e-06
423 1.51696 5.62366e-06
424 1.51696 5.6416e-06
425 1.51695 5.65645e-06
426 1.51695 5.66967e-06
427 1.51695 5.67455e-06
428 1.51695 5.67638e-06
429 1.51695 5.67458e-06
430 1.51695 5.67093e-06
431 1.51695 5.66728e-06
432 1.51695 5.66561e-06
433 1.51695 5.66412e-06
434 1.51695 5.66054e-06
435 1.51695 5.65688e-06
436 1.51695 5.65589e-06
437 1.51695 5.65547e-06
438 1.51695 5.656e-06
439 1.51695 5.65642e-06
440 1.51695 5.65661e-06
441 1.51695 5.65244e-06
442 1.51695 5.64623e-06
443 1.51695 5.64347e-06
444 1.51695 5.63983e-06
445 1.51695 5.63476e-06
446 1.51695 5.62782e-06
447 1.51695 5.62051e-06
448 1.51695 5.61397e-06
449 1.51695 5.60806e-06
450 1.51695 5.6007e-06
451 1.51695 5.59319e-06
452 1.51695 5.58745e-06
453 1.51695 5.58312e-06
454 1.51695 5.5787e-06
455 1.51694 5.57305e-06
456 1.51694 5.56619e-06
457 1.51694 5.56009e-06
458 1.51694 5.55338e-06
459 1.51694 5.54674e-06
460 1.51694 5.54014e-06
461 1.51694 5.5332e-06
462 1.51694 5.52543e-06
463 1.51694 5.51835e-06
464 1.51694 5.50972e-06
465 1.51694 5.50021e-06
466 1.51694 5.48945e-06
467 1.51694 5.47811e-06
468 1.51694 5.46692e-06
469 1.51694 5.45533e-06
470 1.51694 5.44379e-06
471 1.51694 5.43225e-06
472 1.51694 5.42097e-06
473 1.51694 5.40954e-06
474 1.51694 5.39822e-06
475 1.51694 5.38688e-06
476 1.51694 5.37574e-06
477 1.51694 5.3645e-06
478 1.51694 5.35339e-06
479 1.51694 5.34235e-06
480 1.51694 5.33134e-06
481 1.51694 5.32073e-06
482 1.51694 5.31007e-06
483 1.51694 5.30014e-06
484 1.51694 5.29009e-06
485 1.51694 5.28015e-06
486 1.51694 5.27037e-06
487 1.51694 5.26033e-06
488 1.51694 5.25017e-06
489 1.51694 5.23968e-06
490 1.51694 5.22903e-06
491 1.51694 5.21885e-06
492 1.51694 5.20869e-06
493 1.51694 5.19885e-06
494 1.51694 5.18875e-06
495 1.51694 5.1791e-06
496 1.51694 5.16914e-06
497 1.51694 5.159e-06
498 1.51694 5.14898e-06
499 1.51694 5.13884e-06
