0 0 0
1 1 0
2 1.32259 0.00493687
3 1.62368 0.00638121
4 1.85732 0.00762782
5 2.07174 0.0081293
6 2.26177 0.00936979
7 2.42921 0.00996297
8 2.60241 0.0113911
9 2.76279 0.0112903
10 2.91117 0.0120812
11 3.05431 0.0123894
12 3.18338 0.0130964
13 3.30827 0.0132557
14 3.43013 0.0143205
15 3.55858 0.0157007
16 3.67402 0.0161514
17 3.77835 0.0153908
18 3.88218 0.0155727
19 3.99208 0.0168135
20 4.10401 0.0184141
21 4.20653 0.0185923
22 4.29712 0.0186011
23 4.39203 0.0202336
24 4.47723 0.0205795
25 4.57578 0.0208007
26 4.67081 0.0205656
27 4.75826 0.0198376
28 4.83433 0.020203
29 4.91385 0.0206937
30 4.99246 0.0211908
31 5.07563 0.0216984
32 5.15427 0.0217816
33 5.23816 0.022049
34 5.31409 0.022561
35 5.39003 0.0228732
36 5.46268 0.0237333
37 5.5502 0.0243504
38 5.62252 0.0255297
39 5.69504 0.0249816
40 5.77111 0.0255614
41 5.84512 0.0263532
42 5.91678 0.0273989
43 5.9872 0.0281226
44 6.05385 0.0282988
45 6.11493 0.0300574
46 6.18585 0.0294114
47 6.24673 0.0296451
48 6.31139 0.0307779
49 6.38048 0.0299502
50 6.44903 0.0299817
51 6.51962 0.0299284
52 6.58357 0.0300551
53 6.64159 0.0296327
54 6.71001 0.0296203
55 6.7744 0.0290097
56 6.84334 0.0284368
57 6.89645 0.0280698
58 6.94589 0.0278289
59 7.00809 0.0291311
60 7.06502 0.0285543
61 7.12761 0.0287919
62 7.18052 0.0290769
63 7.24049 0.0286586
64 7.30097 0.0293717
65 7.36405 0.0292255
66 7.41329 0.0293343
67 7.47231 0.0293418
68 7.52396 0.0290789
69 7.5873 0.0290114
70 7.64341 0.0290524
71 7.69668 0.0294607
72 7.75119 0.0300871
73 7.80048 0.0307497
74 7.86192 0.0306949
75 7.91073 0.0312315
76 7.96123 0.0311445
77 8.01714 0.0311766
78 8.06866 0.0318419
79 8.11627 0.0323956
80 8.1622 0.0332229
81 8.21187 0.0334801
82 8.26337 0.0339033
83 8.31794 0.0333662
84 8.36898 0.0338101
85 8.41173 0.0338316
86 8.4533 0.0342354
87 8.51632 0.0340614
88 8.55937 0.0346331
89 8.60356 0.0353596
90 8.65128 0.0355962
91 8.70365 0.0359299
92 8.75078 0.0355753
93 8.79731 0.0349364
94 8.84237 0.0354359
95 8.88509 0.0357522
96 8.93006 0.0362584
97 8.97275 0.0361608
98 9.01217 0.0378257
99 9.06238 0.0382318
