0 0 0
1 1 0
2 1.27125 0.00633213
3 1.62776 0.00635996
4 1.83618 0.00704443
5 2.08581 0.00825712
6 2.263 0.00947391
7 2.4563 0.0100958
8 2.61338 0.0105839
9 2.77276 0.0109702
10 2.91786 0.012602
11 3.06914 0.0128514
12 3.18928 0.0137961
13 3.32591 0.0141835
14 3.45092 0.0146653
15 3.57562 0.015515
16 3.6952 0.0160537
17 3.81523 0.0160107
18 3.92411 0.015635
19 4.03017 0.0168962
20 4.13885 0.0182126
21 4.24315 0.0188482
22 4.33631 0.0183882
23 4.43748 0.0189381
24 4.52558 0.0189949
25 4.61552 0.019341
26 4.70741 0.0197295
27 4.79429 0.0200957
28 4.86889 0.0208182
29 4.95376 0.021331
30 5.02624 0.0222611
31 5.11579 0.0235319
32 5.19408 0.0240574
33 5.28122 0.0237771
34 5.35404 0.0240565
35 5.43459 0.0237056
36 5.51933 0.0241389
37 5.60236 0.0245863
38 5.67733 0.0245873
39 5.75122 0.0243874
40 5.81964 0.0260778
41 5.88448 0.0259459
42 5.95358 0.026506
43 6.03485 0.027925
44 6.10945 0.0281188
45 6.18394 0.0284732
46 6.24075 0.0282525
47 6.31366 0.0284079
48 6.37447 0.0284315
49 6.44077 0.0277526
50 6.48665 0.0276062
51 6.55244 0.0278461
52 6.62031 0.027999
53 6.68352 0.0283666
54 6.74081 0.0285638
55 6.81069 0.0286022
56 6.87107 0.0284998
57 6.92982 0.0289906
58 6.98668 0.0293674
59 7.03761 0.0299816
60 7.1077 0.0298731
61 7.17193 0.0318182
62 7.23104 0.0319123
63 7.29204 0.032165
64 7.3504 0.0337559
65 7.40314 0.0333234
66 7.47161 0.032622
67 7.52506 0.0332212
68 7.57951 0.0344841
69 7.62745 0.0341296
70 7.68061 0.034453
71 7.74369 0.0342168
72 7.79429 0.0337685
73 7.84242 0.0336881
74 7.89693 0.0353982
75 7.95309 0.0348002
76 8.01025 0.0352262
77 8.05791 0.0344901
78 8.10533 0.0352899
79 8.15297 0.0350689
80 8.20466 0.0358648
81 8.25145 0.0352508
82 8.30898 0.0354044
83 8.35354 0.034918
84 8.40955 0.0348113
85 8.458 0.0342448
86 8.51232 0.0350864
87 8.564 0.0351883
88 8.60019 0.0353998
89 8.65047 0.0357939
90 8.70163 0.0363705
91 8.75429 0.0359797
92 8.80029 0.036719
93 8.85555 0.037606
94 8.90296 0.037982
95 8.94946 0.0377502
96 8.99455 0.0384268
97 9.03968 0.0397987
98 9.09608 0.0407426
99 9.13582 0.0411209
