0   0.0479937   0
1   -0.0446053   0.0925989
2   -0.0222758   0.0579378
3   0.00107294   0.0471546
4   0.0109216   0.0378303
5   -0.00314413   0.0339401
6   0.00853688   0.0309718
7   0.00341515   0.027307
8   0.0153564   0.0268805
9   0.020465   0.0245794
10   0.02194   0.0222818
11   0.0145703   0.0216343
12   0.0200293   0.0206358
13   0.0168466   0.0193684
14   0.0273652   0.0208748
15   0.0205402   0.020685
16   0.0172739   0.0197028
17   0.0167461   0.0185835
18   0.0108738   0.0185331
19   0.0187026   0.0192462
20   0.0310948   0.0221068
21   0.027709   0.0213482
22   0.023736   0.0207822
23   0.0211981   0.0200586
24   0.0271944   0.0201523
25   0.0252099   0.0194632
26   0.0290945   0.0191271
27   0.0253641   0.018805
28   0.0285714   0.0184263
29   0.0224937   0.0188104
30   0.0194986   0.0184384
31   0.0202652   0.0178693
32   0.0206009   0.0173226
33   0.0202562   0.016809
34   0.0220045   0.016415
35   0.0209171   0.0159895
36   0.0205914   0.0155548
37   0.0171652   0.0155228
38   0.0161023   0.0151568
39   0.010018   0.0159769
40   0.0101418   0.0155829
41   0.00869142   0.0152763
42   0.0105307   0.0150298
43   0.0123556   0.0147972
44   0.00953686   0.0147367
45   0.00742499   0.0145667
46   0.0110339   0.0147032
47   0.0109462   0.0143939
48   0.00662205   0.0147453
49   0.00710662   0.0144555
50   0.00775886   0.0141843
51   0.00746053   0.013912
52   0.00704673   0.0136533
53   0.0061319   0.0134293
54   0.00628242   0.0131837
55   0.00826109   0.0130965
56   0.0120275   0.0134047
57   0.00989038   0.0133438
58   0.00978813   0.0131161
59   0.00655166   0.0132955
60   0.0068426   0.013079
61   0.00730161   0.0128745
62   0.00569561   0.0127699
63   0.00304217   0.0128458
64   0.00326073   0.0126485
65   0.00107311   0.0126461
66   0.0030297   0.0126086
67   0.00212286   0.0124549
68   0.00271405   0.0122873
69   0.00422656   0.0122045
70   0.00562011   0.0121119
71   0.00558244   0.0119425
72   0.00628533   0.0117987
73   0.0059825   0.0116421
74   0.00527968   0.0115074
75   0.00532334   0.011355
76   0.00797438   0.0115159
77   0.00614976   0.0115128
78   0.00607409   0.0113664
79   0.006015   0.0112235
80   0.00582281   0.0110858
81   0.00472798   0.0110044
82   0.00245728   0.0111056
83   0.00274405   0.0109763
84   0.000122386   0.0111588
85   -0.000444118   0.0110428
86   -0.00190998   0.0110131
87   -0.000599847   0.0109658
88   -0.00149221   0.0108785
89   -0.000239244   0.0108297
90   -0.000387619   0.0107111
91   -0.00159125   0.0106622
92   -0.00272673   0.0106078
93   -0.000811372   0.0106677
94   -0.00248065   0.010686
95   -0.00214013   0.0105796
96   -0.000779899   0.010558
97   -0.00136112   0.0104658
98   -9.48019e-05   0.0104367
99   -0.000370873   0.0103355
