0   -0.00841377   0
1   0.0194318   0.0278456
2   -0.0203101   0.0428705
3   -0.00317567   0.0348214
4   -0.00180273   0.0270074
5   0.00735832   0.0238787
6   0.0122022   0.0207544
7   0.0122616   0.0179739
8   0.0151865   0.0161191
9   0.0113758   0.0149124
10   0.0194568   0.0157242
11   0.0192101   0.0143563
12   0.0205311   0.0132718
13   0.0144644   0.0137034
14   0.0149723   0.0127672
15   0.0140414   0.0119789
16   0.0137795   0.0112552
17   0.010702   0.0110488
18   0.0117017   0.0104988
19   0.00917058   0.0102766
20   0.00780435   0.00987006
21   0.00637519   0.00951863
22   0.00509811   0.00918459
23   0.00261786   0.00913666
24   0.00197137   0.00878739
25   0.000844847   0.00851748
26   0.0011936   0.00820336
27   -0.000875185   0.00817118
28   -0.000531379   0.00789188
29   0.000128727   0.0076528
30   0.00325888   0.00803647
31   0.00510173   0.00799652
32   0.00392645   0.00783902
33   0.00472652   0.00764693
34   0.00201083   0.00790627
35   0.00106518   0.00774149
36   0.00155121   0.00754502
37   0.00101307   0.00736348
38   0.000778483   0.00717602
39   -0.000488678   0.00710818
40   0.000151647   0.00696215
41   -3.9112e-05   0.00679704
42   3.95651e-05   0.00663755
43   -6.78795e-05   0.00648584
44   0.00158693   0.00655247
45   0.00250044   0.00647322
46   0.00152266   0.00640902
47   0.000884306   0.00630647
48   0.000499411   0.00618841
49   0.00185846   0.00621382
50   0.00125251   0.00612083
51   0.00231384   0.00609508
52   0.00277918   0.00599706
53   0.00236332   0.00589963
54   0.00192789   0.00580771
55   0.00192376   0.00570306
56   0.0020609   0.0056038
57   0.00219379   0.00550793
58   0.00366324   0.00560966
59   0.00414017   0.00553595
60   0.00372647   0.00546014
61   0.00267538   0.00547322
62   0.00226378   0.00540135
63   0.00247848   0.00532062
64   0.00305314   0.00526955
65   0.0032211   0.00519181
66   0.00263016   0.00514777
67   0.0027337   0.00507256
68   0.00213478   0.00503425
69   0.00229474   0.00496439
70   0.00209964   0.00489786
71   0.00201008   0.00483018
72   0.00223422   0.00476883
73   0.00236858   0.00470586
74   0.00194893   0.00466162
75   0.00296908   0.00471164
76   0.0030326   0.00465048
77   0.00288217   0.00459294
78   0.00216619   0.0045906
79   0.00188785   0.0045414
80   0.00170691   0.00448863
81   0.00146049   0.00444039
82   0.000497057   0.00449112
83   0.000942277   0.00445961
84   0.000894964   0.00440709
85   0.000395703   0.00438406
86   0.000234228   0.00433639
87   0.000683696   0.00431033
88   0.00159929   0.00435887
89   0.000657342   0.00441189
90   0.000708246   0.00436344
91   0.000863522   0.00431854
92   0.000569182   0.00428198
93   -2.67668e-05   0.00427789
94   0.000319733   0.00424678
95   0.000660982   0.00421615
96   0.000723065   0.00417292
97   0.000826215   0.0041314
98   0.00062323   0.00409449
99   0.000652281   0.00405345
