0   0.00142724   0
1   0.0221941   0.0207669
2   0.00400911   0.0217818
3   0.00631969   0.0155744
4   0.0246388   0.0219347
5   0.0179726   0.01911
6   0.0136146   0.0167285
7   0.00869442   0.0153
8   1.96914e-05   0.0160412
9   0.00260461   0.0145787
10   0.000445804   0.0133625
11   -0.00196664   0.0124345
12   -0.00503103   0.0118414
13   -0.000103565   0.0120195
14   -0.00396131   0.0118359
15   -0.00573504   0.0112126
16   -0.00407872   0.0106619
17   -0.00271938   0.0101436
18   -0.005097   0.00988509
19   -0.00415809   0.00942471
20   -0.00506031   0.00900997
21   -0.00580434   0.00862283
22   -0.00541801   0.00824845
23   -0.00574459   0.00790404
24   -0.00728693   0.00773659
25   -0.00845264   0.00752392
26   -0.00794958   0.00725736
27   -0.00803613   0.0069939
28   -0.00839877   0.00675816
29   -0.00819774   0.00653209
30   -0.00832715   0.00631919
31   -0.00715759   0.00622931
32   -0.00938162   0.00643419
33   -0.00996549   0.00626933
34   -0.0068583   0.0068347
35   -0.00875729   0.00690827
36   -0.0084839   0.00672452
37   -0.00810444   0.00655616
38   -0.00813072   0.0063859
39   -0.00695817   0.00633368
40   -0.00631753   0.0062104
41   -0.00675057   0.00607618
42   -0.00547843   0.00606804
43   -0.00608201   0.00595917
44   -0.00565932   0.00584056
45   -0.00411893   0.00591623
46   -0.00394887   0.00579148
47   -0.00469616   0.00571858
48   -0.00451014   0.00560375
49   -0.00500687   0.00551295
50   -0.0048747   0.00540539
51   -0.00473844   0.00530217
52   -0.00521724   0.00522316
53   -0.00432229   0.00520307
54   -0.00354975   0.00516569
55   -0.00292313   0.00511116
56   -0.00382   0.00510017
57   -0.00412704   0.00502086
58   -0.00396308   0.00493775
59   -0.00416896   0.00485912
60   -0.0045152   0.00479132
61   -0.00474452   0.00471899
62   -0.0046603   0.00464424
63   -0.00450077   0.00457388
64   -0.00322359   0.00468059
65   -0.00457377   0.00480281
66   -0.00461708   0.00473078
67   -0.00368961   0.00475208
68   -0.00419613   0.00471002
69   -0.00373961   0.00466464
70   -0.00368861   0.00459875
71   -0.00344294   0.00454108
72   -0.00328745   0.00448114
73   -0.00320585   0.00442092
74   -0.00348566   0.00437054
75   -0.00231918   0.00446762
76   -0.00205675   0.00441702
77   -0.00186291   0.00436433
78   -0.00153805   0.00432096
79   -0.00148189   0.00426698
80   -0.00203576   0.00425021
81   -0.00119818   0.0042808
82   -0.00120038   0.00422891
83   -0.00110571   0.00417934
84   -0.000917467   0.00413416
85   -0.00147415   0.00412356
86   -0.00180188   0.00408904
87   -0.00199632   0.00404698
88   -0.00249056   0.00403166
89   -0.00189434   0.00403095
90   -0.00144407   0.00401175
91   -0.00200623   0.00400753
92   -0.00204952   0.00396444
93   -0.00173378   0.00393473
94   -0.00118298   0.00393186
95   -0.000705625   0.00391986
96   -0.000479947   0.0038858
97   -0.000117917   0.00386295
98   0.000340444   0.0038511
99   -0.000326493   0.00387029
