0   0.0324188   0
1   -0.0114592   0.0438781
2   -0.0374379   0.0362857
3   -0.0421787   0.0260922
4   -0.0411144   0.0202389
5   -0.0440739   0.0167879
6   -0.0491059   0.0150543
7   -0.0641522   0.0199089
8   -0.0470076   0.0245402
9   -0.0506523   0.02225
10   -0.0422069   0.021826
11   -0.0328319   0.0220197
12   -0.0410845   0.0218719
13   -0.032663   0.0219308
14   -0.0252147   0.0217327
15   -0.0276843   0.0204785
16   -0.0306439   0.0194626
17   -0.0243638   0.0193944
18   -0.0269307   0.018524
19   -0.029192   0.0177183
20   -0.0272218   0.0169682
21   -0.0222169   0.016935
22   -0.0230204   0.0162019
23   -0.0162234   0.0169359
24   -0.0140352   0.016391
25   -0.0138518   0.0157491
26   -0.0110543   0.0154106
27   -0.00944789   0.0149367
28   -0.010719   0.0144683
29   -0.0109749   0.0139801
30   -0.00781991   0.0138848
31   -0.00422087   0.0139173
32   -0.00317247   0.0135297
33   -0.0078938   0.013949
34   -0.00531764   0.0137874
35   -0.00725299   0.013538
36   -0.00765095   0.0131731
37   -0.00806381   0.0128284
38   -0.00939656   0.012566
39   -0.0144731   0.0132582
40   -0.0119538   0.0131739
41   -0.0128816   0.0128899
42   -0.0103551   0.0128376
43   -0.0124112   0.0127099
44   -0.0124552   0.0124243
45   -0.0120524   0.0121579
46   -0.0115189   0.0119083
47   -0.0119231   0.0116646
48   -0.0124425   0.0114359
49   -0.0149885   0.0114904
50   -0.014077   0.0112997
51   -0.0124892   0.0111935
52   -0.0126253   0.0109811
53   -0.0123101   0.0107804
54   -0.0118577   0.0105922
55   -0.0131592   0.0104825
56   -0.0126556   0.0103092
57   -0.0145838   0.0103118
58   -0.01321   0.0102282
59   -0.0133274   0.010057
60   -0.0133856   0.0098909
61   -0.0128205   0.00974645
62   -0.011993   0.00962613
63   -0.011859   0.00947548
64   -0.0121724   0.00933383
65   -0.0112057   0.00924202
66   -0.0114211   0.00910558
67   -0.0113959   0.00897071
68   -0.0115147   0.00884054
69   -0.0110623   0.00872507
70   -0.00891089   0.00886629
71   -0.00939292   0.00875556
72   -0.0100644   0.00866085
73   -0.0109738   0.00859128
74   -0.00989038   0.00854491
75   -0.0124498   0.00881162
76   -0.010683   0.00887408
77   -0.0114276   0.00879116
78   -0.00939812   0.0089133
79   -0.0103091   0.0088482
80   -0.00929094   0.0087974
81   -0.00910245   0.00869149
82   -0.00899879   0.00858676
83   -0.00992318   0.00853413
84   -0.00968624   0.00843646
85   -0.00960873   0.00833815
86   -0.00842644   0.00832612
87   -0.00826643   0.00823252
88   -0.00881519   0.00815797
89   -0.00776686   0.00813465
90   -0.00562389   0.00832529
91   -0.006376   0.00826858
92   -0.00592242   0.00819175
93   -0.00564613   0.00810885
94   -0.00488433   0.00805912
95   -0.00510978   0.00797792
96   -0.00585988   0.00793079
97   -0.00497688   0.00789896
98   -0.0054988   0.00783616
99   -0.00521798   0.00776249
