-0.496226   -0.491641   0.498456
-0.33967   -0.320261   0.493131
-0.49322   -0.342183   -0.332449
-0.33528   0.493279   -0.321249
-0.193997   -0.497884   -0.483695
-0.00251238   -0.345619   -0.482766
-0.172042   -0.331728   -0.337789
-0.0226948   -0.49053   -0.319159
0.168017   0.472964   -0.485296
0.347556   -0.326893   -0.490294
0.16237   -0.326606   -0.324768
0.337088   0.497824   -0.347727
-0.494766   -0.157567   0.479281
-0.343551   0.00240557   0.497235
0.485837   -0.0161626   -0.3314
-0.354179   -0.163045   -0.349573
-0.156854   -0.167661   0.480131
-0.0105579   0.00762144   0.477495
-0.188743   0.00583118   -0.344753
0.00150394   -0.160901   -0.336811
0.188784   -0.171766   -0.486098
0.343158   0.00433816   0.493311
0.175786   0.00127282   -0.350188
0.34586   -0.191092   -0.312904
-0.491186   0.156083   0.48291
-0.338516   0.328084   -0.493534
0.484559   0.335225   -0.325653
-0.342434   0.177212   -0.33479
-0.180597   0.165477   0.479756
-0.0110868   0.32433   -0.49469
-0.168443   0.339416   -0.323312
0.000719912   0.159372   -0.328506
0.173287   0.165035   -0.495083
0.353893   0.319874   -0.496172
0.165182   0.315824   -0.325848
0.3366   0.152137   -0.348676
0.499657   -0.493084   -0.146631
-0.322667   -0.322874   -0.160896
-0.49846   -0.328521   0.0279934
-0.331206   0.485307   0.00482081
-0.159677   -0.491864   -0.155042
-0.0110715   -0.316456   -0.168143
-0.157157   -0.315208   -0.00978613
-0.00288588   0.486687   0.00446786
0.146163   -0.485065   -0.168534
0.330928   -0.351086   -0.166412
0.158757   -0.333715   -0.00206859
0.315399   -0.499186   0.00619811
-0.482614   -0.175268   -0.146987
-0.348633   0.00225854   -0.174603
-0.487588   0.00227365   -3.95112e-05
-0.328195   -0.160815   0.0125146
-0.169638   -0.140729   -0.171937
-0.00436772   0.00560603   -0.161467
-0.163009   0.0148569   0.00222055
0.017503   -0.157936   -0.0115357
0.17536   -0.161414   -0.178713
0.319733   0.0094013   -0.16853
0.173334   -0.0122871   -0.00494104
0.330636   -0.178295   0.0120053
0.477208   0.163127   -0.171193
-0.358234   0.335868   -0.169096
-0.497888   0.336967   0.00161627
-0.335879   0.163558   -0.00832967
-0.154829   0.174859   -0.164498
0.0158138   0.337326   -0.164931
-0.161427   0.318595   -5.29438e-05
0.022232   0.18015   0.0218359
0.159573   0.168475   -0.154202
0.315672   0.341798   -0.173517
0.170482   0.335778   -0.00801261
0.31952   0.155591   -2.98172e-05
-0.494452   0.48379   0.162299
-0.337594   -0.326965   0.159207
-0.492426   -0.334855   0.311612
-0.330947   0.49337   0.337837
-0.169623   -0.493966   0.173001
0.0184024   -0.330804   0.155037
-0.163987   -0.333717   0.320705
-0.00444476   -0.49458   0.346796
0.167872   0.495133   0.159472
0.33089   -0.329229   0.173155
0.170113   -0.33504   0.329768
0.33086   0.478846   0.347371
-0.485992   -0.15543   0.182602
-0.317082   -0.000210188   0.15543
0.493972   0.0136599   0.316504
-0.333599   -0.164078   0.321484
-0.150901   -0.160426   0.146937
0.0101034   0.0273387   0.183408
-0.172889   0.00594198   0.320629
0.0143375   -0.175557   0.314638
0.169922   -0.172298   0.159755
0.341079   0.00823747   0.16625
0.178218   -0.00990403   0.347458
0.334967   -0.165007   0.329282
0.493294   0.180313   0.155495
-0.330256   0.327086   0.156827
-0.490719   0.326058   0.338026
-0.33362   0.160762   0.301674
-0.147959   0.165179   0.171037
0.00767049   0.338231   0.179149
-0.16286   0.343481   0.340154
7.05362e-05   0.170173   0.342551
0.176199   0.177095   0.172569
0.322875   0.334883   0.169273
0.155174   0.327857   0.358148
0.320705   0.153071   0.325755
