                   1            0.272878            0.272878                   0
                   2            0.272032            0.272455         0.000422887
                   3            0.272991            0.272633          0.00030263
                   4            0.276064            0.273491         0.000883993
                   5            0.272168            0.273226         0.000734124
                   6            0.273894            0.273338         0.000609651
                   7            0.275332            0.273623         0.000588781
                   8            0.274666            0.273753         0.000526301
                   9            0.272391            0.273602         0.000488205
                  10            0.273237            0.273565         0.000438188
                  11            0.271581            0.273385         0.000435466
                  12            0.272758            0.273333         0.000400943
                  13            0.271458            0.273188         0.000396012
                  14             0.27368            0.273223         0.000368315
                  15            0.272831            0.273197          0.00034388
                  16            0.274148            0.273257         0.000327117
                  17            0.272781            0.273229         0.000308545
                  18            0.270697            0.273088         0.000323106
                  19            0.274232            0.273148         0.000311497
                  20            0.274026            0.273192         0.000298756
                  21            0.275506            0.273302          0.00030479
                  22            0.272039            0.273245         0.000296225
                  23            0.272662             0.27322         0.000284186
                  24            0.273158            0.273217           0.0002721
                  25            0.272772            0.273199         0.000261596
                  26            0.273553            0.273213         0.000251701
                  27            0.273901            0.273238         0.000243539
                  28            0.270388            0.273137         0.000255806
                  29             0.27216            0.273103         0.000249116
                  30            0.268851            0.272961         0.000279293
                  31            0.273293            0.272972         0.000270346
                  32            0.272466            0.272956         0.000262239
                  33            0.271257            0.272905         0.000259332
                  34            0.273095             0.27291         0.000251651
                  35             0.27168            0.272875         0.000246871
                  36            0.271166            0.272827         0.000244568
                  37            0.273751            0.272852         0.000239174
                  38            0.271611             0.27282         0.000235076
                  39             0.27345            0.272836         0.000229539
                  40            0.274413            0.272875         0.000227175
                  41            0.270869            0.272826         0.000226906
                  42            0.272492            0.272818         0.000221581
                  43            0.272857            0.272819         0.000216368
                  44            0.272264            0.272807         0.000211769
                  45            0.274137            0.272836          0.00020911
                  46            0.273505            0.272851         0.000205031
                  47             0.27191            0.272831         0.000201617
                  48            0.272707            0.272828         0.000197388
                  49            0.273118            0.272834         0.000193409
                  50            0.270541            0.272788          0.00019497
