                   1              2.2493              2.2493                   0
                   2             2.20865             2.22898           0.0203277
                   3             2.24582             2.23459           0.0130099
                   4             2.22101              2.2312          0.00980557
                   5             2.28323              2.2416           0.0128841
                   6              2.2626              2.2451           0.0110865
                   7             2.25128             2.24598          0.00941123
                   8             2.22109             2.24287           0.0087243
                   9             2.24086             2.24265          0.00769736
                  10             2.22798             2.24118           0.0070392
                  11             2.20134             2.23756          0.00732508
                  12             2.27042              2.2403          0.00722583
                  13              2.2035             2.23747          0.00722453
                  14             2.19489             2.23443          0.00734754
                  15             2.20992             2.23279          0.00703266
                  16             2.26082             2.23454          0.00680761
                  17             2.24745              2.2353          0.00643956
                  18             2.18891             2.23273          0.00659572
                  19             2.26926             2.23465          0.00652859
                  20              2.2163             2.23373          0.00626117
                  21             2.21794             2.23298          0.00600283
                  22             2.23088             2.23288          0.00572427
                  23             2.27771             2.23483          0.00580657
                  24             2.24226             2.23514          0.00556798
                  25              2.2627             2.23624          0.00545321
                  26             2.25381             2.23692          0.00528264
                  27             2.25989             2.23777          0.00515394
                  28             2.23668             2.23773          0.00496662
                  29             2.22533              2.2373          0.00481133
                  30             2.21903              2.2367          0.00468795
                  31             2.28171             2.23815          0.00476102
                  32             2.22146             2.23763          0.00463924
                  33             2.20538             2.23665           0.0046014
                  34              2.2424             2.23682          0.00446721
                  35             2.26145             2.23752          0.00439443
                  36             2.23564             2.23747          0.00427094
                  37             2.24418             2.23765          0.00415786
                  38             2.17701             2.23606          0.00435019
                  39             2.26797             2.23687          0.00431549
                  40             2.22855             2.23667          0.00421136
                  41             2.22531             2.23639          0.00411669
                  42             2.23954             2.23646          0.00401818
                  43             2.24407             2.23664           0.0039276
                  44             2.26042             2.23718          0.00387517
                  45             2.24701              2.2374          0.00379436
                  46             2.22581             2.23715          0.00371951
                  47             2.26138             2.23766          0.00367584
                  48             2.23485              2.2376          0.00359893
                  49             2.20528             2.23694           0.0035859
                  50             2.22822             2.23677          0.00351779
