                   1             2.20735             2.20735                   0
                   2             2.16497             2.18616           0.0211885
                   3              2.2058             2.19271           0.0138748
                   4             2.17584             2.18849           0.0106789
                   5             2.22138             2.19507           0.0105679
                   6             2.20704             2.19706          0.00885631
                   7             2.20137             2.19768          0.00751012
                   8             2.16686             2.19383          0.00755941
                   9             2.19268              2.1937            0.006668
                  10                2.19             2.19333          0.00597552
                  11             2.15015              2.1894          0.00668008
                  12             2.20562             2.19075          0.00624593
                  13             2.16228             2.18856          0.00614863
                  14              2.1299             2.18437          0.00706825
                  15             2.16595             2.18315          0.00669387
                  16              2.2034             2.18441          0.00638823
                  17             2.19574             2.18508          0.00603761
                  18             2.14235              2.1827          0.00616745
                  19             2.22195             2.18477          0.00618866
                  20             2.16282             2.18367          0.00597273
                  21             2.15007             2.18207          0.00590221
                  22              2.1817             2.18206          0.00562756
                  23             2.21125             2.18332          0.00552511
                  24             2.18637             2.18345          0.00529141
                  25             2.20504             2.18431          0.00514826
                  26             2.19355             2.18467          0.00495902
                  27             2.22232             2.18606          0.00497139
                  28             2.19406             2.18635          0.00479906
                  29             2.16101             2.18548          0.00471236
                  30             2.17713              2.1852          0.00456106
                  31             2.21423             2.18613           0.0045098
                  32              2.1775             2.18586          0.00437493
                  33             2.15163             2.18483          0.00436536
                  34             2.17018              2.1844          0.00425687
                  35             2.19875             2.18481          0.00415375
                  36             2.18244             2.18474          0.00403726
                  37             2.16824             2.18429          0.00395188
                  38             2.13273             2.18294          0.00407885
                  39               2.197              2.1833          0.00398921
                  40             2.19624             2.18362          0.00390165
                  41             2.16151             2.18308          0.00384334
                  42             2.16881             2.18274          0.00376608
                  43             2.17413             2.18254           0.0036829
                  44             2.19568             2.18284          0.00361059
                  45             2.18571              2.1829          0.00353002
                  46             2.18315             2.18291          0.00345243
                  47             2.21004             2.18349          0.00342715
                  48             2.17671             2.18335          0.00335796
                  49             2.16544             2.18298          0.00330896
                  50             2.18048             2.18293          0.00324249
