                   1           0.0023208           0.0023208                   0
                   2          -0.0045568           -0.001118           0.0034388
                   3          -0.0033924         -0.00187613          0.00212522
                   4          -0.0020896          -0.0019295           0.0015037
                   5            0.008854           0.0002272          0.00245113
                   6           0.0020956           0.0005386          0.00202542
                   7          -0.0022312         0.000142914          0.00175693
                   8           -0.000148          0.00010655          0.00152198
                   9           -0.003414        -0.000284622           0.0013981
                  10            -0.00654         -0.00091016          0.00139823
                  11           -0.000682        -0.000889418          0.00126491
                  12           0.0025188          -0.0006054          0.00118912
                  13          -0.0068268         -0.00108397          0.00119394
                  14           0.0029408        -0.000796486          0.00114215
                  15           0.0008752         -0.00068504          0.00106911
                  16          -0.0005884           -0.000679          0.00100007
                  17          -0.0013616        -0.000719153         0.000940264
                  18          -0.0053184        -0.000974667         0.000922579
                  19           0.0019736        -0.000819495          0.00088636
                  20           0.0016984          -0.0006936         0.000850247
                  21           0.0009824         -0.00061379         0.000812675
                  22          -0.0011448        -0.000637927         0.000775231
                  23           0.0048836        -0.000397861         0.000778688
                  24          -0.0010072         -0.00042325          0.00074597
                  25          -0.0012192        -0.000455088         0.000716217
                  26           0.0039848        -0.000284323         0.000708991
                  27          -0.0054424        -0.000475363          0.00070847
                  28          -0.0022364        -0.000538257          0.00068559
                  29          -0.0029492        -0.000621393          0.00066673
                  30            -0.00042         -0.00061468         0.000644157
                  31          -0.0013056        -0.000636968          0.00062343
                  32          -0.0036052        -0.000729725         0.000610719
                  33           0.0001596        -0.000702776         0.000592536
                  34           0.0070472        -0.000474835         0.000618388
                  35          -0.0027332         -0.00053936         0.000603916
                  36           -0.003008        -0.000607933         0.000590894
                  37           0.0051528        -0.000452238         0.000595418
                  38          -0.0039572        -0.000544474         0.000586832
                  39           0.0020516        -0.000477908          0.00057545
                  40          -0.0004052         -0.00047609         0.000560882
                  41          -0.0024356        -0.000523883         0.000549115
                  42           0.0054924        -0.000380638         0.000554696
                  43           0.0026112         -0.00031106         0.000546093
                  44           0.0051288        -0.000187427         0.000547675
                  45            -0.00253        -0.000239484         0.000537891
                  46          -0.0002784         -0.00024033         0.000526068
                  47           0.0007928        -0.000218349         0.000515223
                  48           -0.003756         -0.00029205         0.000509731
                  49           0.0003972        -0.000277984         0.000499418
                  50           0.0004556        -0.000263312         0.000489548
