                   1            0.270746            0.270746                   0
                   2            0.269274             0.27001            0.000736
                   3            0.270198            0.270073         0.000429508
                   4             0.27169            0.270477         0.000505755
                   5            0.269175            0.270217         0.000470388
                   6            0.271368            0.270409         0.000429353
                   7            0.272583            0.270719         0.000477685
                   8            0.272198            0.270904         0.000453095
                   9            0.270464            0.270855         0.000402573
                  10            0.270829            0.270852         0.000360081
                  11            0.268806            0.270666         0.000375086
                  12            0.269306            0.270553         0.000360675
                  13            0.270954            0.270584         0.000333204
                  14            0.271305            0.270635         0.000312756
                  15            0.270779            0.270645         0.000291317
                  16            0.272462            0.270759         0.000295207
                  17            0.270942            0.270769          0.00027751
                  18            0.268724            0.270656         0.000285245
                  19             0.27146            0.270698         0.000273116
                  20            0.271051            0.270716         0.000259701
                  21            0.272966            0.270823         0.000269259
                  22            0.270868            0.270825         0.000256737
                  23            0.269932            0.270786         0.000248373
                  24            0.269538            0.270734         0.000243415
                  25            0.270731            0.270734         0.000233476
                  26             0.27115             0.27075         0.000224887
                  27            0.271546            0.270779         0.000218394
                  28            0.269468            0.270733         0.000215601
                  29            0.269234            0.270681         0.000214356
                  30            0.266628            0.270546         0.000247259
                  31            0.271423            0.270574         0.000240818
                  32            0.270729            0.270579         0.000233221
                  33            0.268904            0.270528         0.000231674
                  34            0.271331            0.270552         0.000225995
                  35            0.268453            0.270492         0.000227492
                  36            0.268722            0.270443         0.000226484
                  37            0.271222            0.270464         0.000221282
                  38            0.268986            0.270425          0.00021886
                  39               0.271             0.27044         0.000213685
                  40             0.27188            0.270476         0.000211363
                  41            0.268704            0.270432         0.000210621
                  42            0.270002            0.270422         0.000205801
                  43            0.270627            0.270427         0.000201014
                  44            0.270143             0.27042         0.000196499
                  45            0.271686            0.270449          0.00019413
                  46            0.271007            0.270461         0.000190251
                  47            0.268388            0.270417         0.000191312
                  48            0.270401            0.270416         0.000187284
                  49            0.270471            0.270417         0.000183426
                  50             0.26826            0.270374         0.000184827
