                   1           -0.556117           -0.556117                   0
                   2           -0.555579           -0.555848         0.000269276
                   3           -0.555409           -0.555702         0.000213397
                   4            -0.55556           -0.555666         0.000154995
                   5           -0.557127           -0.555958          0.00031578
                   6           -0.557016           -0.556135         0.000312344
                   7           -0.556166           -0.556139         0.000264017
                   8           -0.556186           -0.556145         0.000228722
                   9           -0.556614           -0.556197         0.000208328
                  10           -0.555236           -0.556101         0.000209648
                  11           -0.554602           -0.555965         0.000233543
                  12           -0.556214           -0.555985           0.0002142
                  13            -0.55527            -0.55593         0.000204582
                  14           -0.555882           -0.555927         0.000189438
                  15            -0.55702              -0.556          0.00019082
                  16           -0.556619           -0.556039         0.000182639
                  17           -0.555835           -0.556027         0.000171977
                  18           -0.555389           -0.555991         0.000165964
                  19           -0.556493           -0.556018         0.000159189
                  20           -0.556037           -0.556019         0.000151023
                  21           -0.555019           -0.555971         0.000151336
                  22           -0.555515            -0.55595         0.000145774
                  23           -0.556995           -0.555996         0.000146518
                  24           -0.556079           -0.555999         0.000140323
                  25           -0.557029            -0.55604         0.000140753
                  26           -0.557443           -0.556094         0.000145598
                  27           -0.555217           -0.556062         0.000143816
                  28           -0.555437           -0.556039         0.000140367
                  29           -0.556336            -0.55605         0.000135827
                  30           -0.555558           -0.556033         0.000132239
                  31           -0.555533           -0.556017         0.000128915
                  32           -0.555048           -0.555987          0.00012844
                  33           -0.555573           -0.555974         0.000125116
                  34            -0.55718            -0.55601         0.000126458
                  35           -0.555945           -0.556008         0.000122806
                  36           -0.556338           -0.556017         0.000119697
                  37           -0.555909           -0.556014         0.000116454
                  38           -0.554961           -0.555987         0.000116686
                  39           -0.556807           -0.556008         0.000115585
                  40           -0.555404           -0.555992         0.000113666
                  41           -0.556452           -0.556004         0.000111424
                  42           -0.556701            -0.55602         0.000110001
                  43           -0.555452           -0.556007         0.000108222
                  44            -0.55649           -0.556018         0.000106302
                  45           -0.556625           -0.556032         0.000104785
                  46           -0.555994           -0.556031         0.000102485
                  47           -0.556843           -0.556048         0.000101759
                  48           -0.555963           -0.556046          9.9632e-05
                  49           -0.555349           -0.556032         9.86098e-05
                  50           -0.555817           -0.556028         9.67134e-05
