                   1           0.0454196           0.0454196                   0
                   2            0.039812           0.0426158           0.0028038
                   3           0.0404288           0.0418868          0.00177535
                   4            0.042964           0.0421561          0.00128392
                   5           0.0537328           0.0444714           0.0025199
                   6           0.0457688           0.0446877          0.00206882
                   7           0.0417436           0.0442671          0.00179834
                   8            0.043482           0.0441689           0.0015605
                   9           0.0398892           0.0436934          0.00145607
                  10           0.0373772           0.0430618          0.00144743
                  11           0.0423612           0.0429981           0.0013108
                  12           0.0461956           0.0432646           0.0012259
                  13           0.0361288           0.0427157          0.00125416
                  14             0.04568           0.0429274          0.00118028
                  15           0.0436852           0.0429779          0.00109994
                  16           0.0434604           0.0430081          0.00102934
                  17           0.0428712               0.043         0.000966929
                  18           0.0393772           0.0427988         0.000933583
                  19           0.0451124           0.0429205         0.000891437
                  20           0.0427616           0.0429126         0.000845729
                  21           0.0436944           0.0429498          0.00080531
                  22           0.0428292           0.0429443         0.000767852
                  23           0.0478508           0.0431577         0.000764091
                  24           0.0418456            0.043103         0.000733602
                  25           0.0434352           0.0431163         0.000703771
                  26           0.0484764           0.0433224         0.000706892
                  27           0.0368316            0.043082         0.000721439
                  28           0.0416692           0.0430316         0.000697025
                  29            0.040904           0.0429582          0.00067655
                  30           0.0421984           0.0429329           0.0006541
                  31           0.0420724           0.0429051         0.000633256
                  32           0.0384232           0.0427651         0.000628941
                  33           0.0449444           0.0428311         0.000613151
                  34            0.051704           0.0430921         0.000649572
                  35           0.0426964           0.0430808         0.000630841
                  36            0.041376           0.0430334         0.000614894
                  37           0.0478208           0.0431628         0.000611881
                  38           0.0397804           0.0430738         0.000602176
                  39             0.04675           0.0431681         0.000594058
                  40           0.0436996           0.0431813         0.000579169
                  41           0.0422032           0.0431575          0.00056537
                  42           0.0494748           0.0433079         0.000571879
                  43           0.0452768           0.0433537         0.000560295
                  44           0.0480912           0.0434614         0.000557902
                  45           0.0403792           0.0433929         0.000549647
                  46            0.042936           0.0433829         0.000537657
                  47           0.0439472           0.0433949          0.00052623
                  48            0.039806           0.0433202         0.000520548
                  49            0.042926           0.0433121         0.000509878
                  50           0.0448332           0.0433425         0.000500502
