                   1           -0.554771           -0.554771                   0
                   2           -0.554499           -0.554635            0.000136
                   3           -0.554078            -0.55445         0.000201526
                   4           -0.554177           -0.554381          0.00015798
                   5           -0.555241           -0.554553         0.000210991
                   6           -0.555651           -0.554736         0.000251321
                   7           -0.554449           -0.554695         0.000216339
                   8           -0.554646           -0.554689         0.000187454
                   9           -0.555656           -0.554797         0.000197161
                  10           -0.553839           -0.554701         0.000200656
                  11           -0.553585           -0.554599         0.000207931
                  12           -0.554761           -0.554613          0.00019029
                  13           -0.554183            -0.55458         0.000178134
                  14           -0.554209           -0.554553         0.000167035
                  15           -0.555398            -0.55461         0.000165375
                  16           -0.555038           -0.554636         0.000156991
                  17           -0.554705            -0.55464         0.000147522
                  18           -0.554238           -0.554618         0.000140866
                  19           -0.555056           -0.554641         0.000135226
                  20           -0.554674           -0.554643         0.000128297
                  21           -0.553494           -0.554588          0.00013374
                  22            -0.55418           -0.554569         0.000128858
                  23           -0.555572           -0.554613         0.000130616
                  24           -0.554578           -0.554612         0.000125064
                  25           -0.555669           -0.554654         0.000127193
                  26           -0.555767           -0.554697         0.000129488
                  27           -0.554146           -0.554676         0.000126261
                  28           -0.553522           -0.554635         0.000128467
                  29           -0.555289           -0.554658         0.000125991
                  30           -0.554278           -0.554645         0.000122376
                  31           -0.554058           -0.554626         0.000119869
                  32           -0.553841           -0.554601         0.000118628
                  33           -0.554029           -0.554584         0.000116279
                  34           -0.555316           -0.554606         0.000114843
                  35           -0.554366           -0.554599         0.000111723
                  36              -0.555            -0.55461         0.000109146
                  37           -0.553956           -0.554592         0.000107616
                  38           -0.553676           -0.554568         0.000107485
                  39            -0.55493           -0.554577         0.000105102
                  40           -0.554142           -0.554567         0.000103018
                  41           -0.554788           -0.554572          0.00010062
                  42           -0.554714           -0.554575         9.82532e-05
                  43           -0.553958           -0.554561         9.70105e-05
                  44           -0.554646           -0.554563            9.48e-05
                  45           -0.555206           -0.554577         9.37636e-05
                  46           -0.554164           -0.554568         9.21414e-05
                  47           -0.555393           -0.554586          9.1851e-05
                  48           -0.554473           -0.554583         8.99478e-05
                  49           -0.554281           -0.554577         8.83092e-05
                  50           -0.554538           -0.554576         8.65284e-05
