                   1           0.0102844           0.0102844                   0
                   2           0.0118668           0.0110756           0.0007912
                   3          -0.0091724          0.00432627          0.00676477
                   4           0.0366456           0.0124061          0.00938961
                   5           0.0056036           0.0110456          0.00739931
                   6           0.0039836           0.0098686           0.0061551
                   7          -0.0187204          0.00578446           0.0066137
                   8          -0.0246076          0.00198545          0.00687301
                   9          -0.0018892          0.00155493           0.0060767
                  10            -0.00934          0.00046544          0.00554328
                  11           0.0093124          0.00126971          0.00507818
                  12          -0.0417228           -0.002313          0.00585882
                  13          -0.0407908         -0.00527283          0.00614861
                  14           0.0481856         -0.00145437          0.00685458
                  15           0.0375776          0.00114776          0.00689142
                  16           -0.007514           0.0006064          0.00646903
                  17           0.0239756          0.00198106          0.00623014
                  18           -0.004614          0.00161467          0.00588525
                  19           0.0224096          0.00270914          0.00567346
                  20           0.0018424           0.0026658          0.00538249
                  21           0.0171904          0.00335745          0.00516627
                  22           0.0231768          0.00425833          0.00500755
                  23           0.0300556          0.00537995          0.00491458
                  24           0.0087268           0.0055194          0.00470742
                  25           0.0087892          0.00565019          0.00451709
                  26            0.013906          0.00596772          0.00435148
                  27          -0.0571812          0.00362887          0.00479614
                  28           -0.009878          0.00314649          0.00464679
                  29              0.0019           0.0031035           0.0044839
                  30           0.0091636          0.00330551          0.00433656
                  31           0.0029072          0.00329266          0.00419436
                  32             0.01237          0.00357633          0.00407107
                  33          -0.0010084          0.00343739          0.00394822
                  34           0.0192996          0.00390393          0.00385864
                  35           -0.029286          0.00295565          0.00386491
                  36          -0.0214152          0.00227868          0.00381654
                  37          -0.0163652          0.00177479            0.003746
                  38           -0.015024          0.00133272          0.00367279
                  39            -0.00204          0.00124624          0.00357842
                  40          -0.0038336          0.00111924          0.00349013
                  41           0.0118944          0.00138205          0.00341407
                  42          -0.0004788          0.00133774          0.00333208
                  43            0.009394           0.0015251          0.00325906
                  44           0.0115792           0.0017536          0.00319232
                  45          -0.0007068          0.00169892          0.00312105
                  46          -0.0088696          0.00146917          0.00306108
                  47           -0.008552          0.00125596          0.00300282
                  48           0.0166192          0.00157602          0.00295697
                  49          -0.0122004          0.00129487          0.00290961
                  50          -0.0015448          0.00123808          0.00285139
