                   1             15.2647             15.2647                   0
                   2             14.8777             15.0712            0.193498
                   3             14.5814              14.908            0.197826
                   4             14.4435             14.7918            0.181804
                   5             15.5742             14.9483            0.210518
                   6               15.46             15.0336            0.191881
                   7             14.5547             14.9652            0.176012
                   8             15.7293             15.0607            0.179884
                   9             15.4291             15.1016            0.163839
                  10             14.9716             15.0886            0.147118
                  11             15.4299             15.1197            0.136642
                  12             15.2571             15.1311            0.125261
                  13             15.1024             15.1289            0.115245
                  14             15.7242             15.1714            0.114857
                  15             15.4387             15.1892              0.1084
                  16              14.741             15.1612            0.105198
                  17             15.5503             15.1841            0.101432
                  18             14.9051             15.1686           0.0968799
                  19              15.795             15.2016           0.0973895
                  20             15.2934             15.2062           0.0925059
                  21              15.265              15.209           0.0880352
                  22              15.408              15.218           0.0844243
                  23             15.3696             15.2246            0.080939
                  24             16.0168             15.2576            0.084231
                  25             15.5668               15.27           0.0817325
                  26             15.3385             15.2726           0.0785703
                  27             15.6481             15.2865           0.0768726
                  28             15.4103             15.2909           0.0742081
                  29             15.0991             15.2843           0.0719085
                  30             14.7363             15.2661           0.0718315
                  31             15.5372             15.2748            0.070024
                  32             15.3164             15.2761           0.0678129
                  33             15.4854             15.2824           0.0660312
                  34             15.1447             15.2784           0.0641877
                  35             15.8572             15.2949           0.0644833
                  36             14.7293             15.2792            0.064606
                  37             15.1144             15.2748           0.0629933
                  38             15.4099             15.2783           0.0614162
                  39             15.3838              15.281           0.0598818
                  40             15.4781              15.286            0.058573
                  41             14.1473             15.2582           0.0635193
                  42              15.254             15.2581           0.0619886
                  43             15.7643             15.2699           0.0616639
                  44              15.564             15.2765           0.0606158
                  45             14.5446             15.2603           0.0614455
                  46             15.3923             15.2631           0.0601634
                  47             14.6367             15.2498           0.0603595
                  48             14.9496             15.2436           0.0594187
                  49             15.3085             15.2449           0.0582085
                  50             15.6125             15.2522           0.0575043
