                   1            0.437052            0.437052                   0
                   2            0.431241            0.434146          0.00290531
                   3            0.430264            0.432852          0.00211861
                   4            0.428329            0.431722          0.00187689
                   5            0.445392            0.434456          0.00309653
                   6            0.441211            0.435582          0.00276768
                   7            0.438956            0.436064          0.00238828
                   8            0.440945            0.436674          0.00215644
                   9            0.453514            0.438545          0.00266794
                  10            0.430967            0.437787           0.0025037
                  11            0.446681            0.438596          0.00240468
                  12            0.448774            0.439444          0.00235332
                  13            0.433598            0.438994          0.00221095
                  14            0.451742            0.439905          0.00224033
                  15            0.441919            0.440039          0.00208995
                  16            0.434713            0.439706           0.0019831
                  17            0.448562            0.440227          0.00193427
                  18            0.430341            0.439678          0.00190456
                  19            0.443176            0.439862          0.00181092
                  20            0.437139            0.439726          0.00172338
                  21            0.442634            0.439864           0.0016451
                  22             0.44814             0.44024          0.00161301
                  23            0.430947            0.439836          0.00159337
                  24            0.445095            0.440055          0.00154119
                  25            0.446163              0.4403          0.00149831
                  26            0.439254             0.44026          0.00144009
                  27            0.436709            0.440128          0.00139195
                  28            0.437165            0.440022          0.00134549
                  29            0.439966             0.44002          0.00129826
                  30            0.437956            0.439951          0.00125613
                  31            0.436284            0.439833          0.00122068
                  32            0.443229            0.439939          0.00118667
                  33            0.437081            0.439853          0.00115341
                  34            0.446614            0.440052           0.0011365
                  35            0.434659            0.439897          0.00111426
                  36            0.441086             0.43993          0.00108337
                  37            0.439959            0.439931          0.00105368
                  38            0.449749             0.44019          0.00105762
                  39            0.434396            0.440041           0.0010408
                  40             0.44822            0.440246          0.00103485
                  41            0.438861            0.440212          0.00100986
                  42            0.431266            0.439999          0.00100827
                  43            0.442011            0.440046         0.000985657
                  44            0.441821            0.440086          0.00096384
                  45            0.437252            0.440023          0.00094428
                  46            0.439743            0.440017         0.000923544
                  47            0.424785            0.439693         0.000960036
                  48            0.430981            0.439511         0.000957186
                  49            0.450268            0.439731         0.000962809
                  50            0.442081            0.439778         0.000944526
