                   1           -0.862841           -0.862841                   0
                   2           -0.862859            -0.86285           9.056e-06
                   3           -0.860901             -0.8622           0.0006498
                   4           -0.860426           -0.861757           0.0006387
                   5           -0.861109           -0.861627         0.000511423
                   6           -0.861963           -0.861683         0.000421316
                   7           -0.860312           -0.861487         0.000406394
                   8           -0.861502           -0.861489         0.000351952
                   9           -0.860681           -0.861399         0.000323111
                  10           -0.861253           -0.861385         0.000289372
                  11           -0.859635           -0.861226         0.000306274
                  12           -0.860732           -0.861185         0.000282596
                  13           -0.859473           -0.861053         0.000291397
                  14           -0.865076            -0.86134         0.000394156
                  15           -0.863565           -0.861489         0.000395773
                  16           -0.863295           -0.861602         0.000387051
                  17           -0.861664           -0.861605         0.000363589
                  18           -0.860672           -0.861553         0.000346695
                  19           -0.861737           -0.861563         0.000328084
                  20           -0.861894            -0.86158         0.000311687
                  21           -0.863038           -0.861649         0.000304497
                  22           -0.863164           -0.861718         0.000298381
                  23           -0.863995           -0.861817         0.000301814
                  24           -0.863607           -0.861891         0.000298437
                  25           -0.862103             -0.8619         0.000286376
                  26           -0.862307           -0.861916         0.000275585
                  27           -0.859534           -0.861827         0.000279472
                  28           -0.861412           -0.861813         0.000269713
                  29           -0.861186           -0.861791         0.000261141
                  30           -0.863283           -0.861841         0.000257144
                  31           -0.862132            -0.86185         0.000248888
                  32           -0.861026           -0.861824         0.000242356
                  33            -0.86074           -0.861791         0.000237185
                  34           -0.862355           -0.861808         0.000230698
                  35           -0.861768           -0.861807         0.000224013
                  36           -0.859845           -0.861752         0.000224422
                  37           -0.858643           -0.861668         0.000233889
                  38           -0.858153           -0.861576         0.000245731
                  39           -0.862243           -0.861593         0.000239957
                  40           -0.862196           -0.861608         0.000234366
                  41           -0.859262           -0.861551         0.000235629
                  42           -0.863664           -0.861601          0.00023539
                  43           -0.861736           -0.861604         0.000229873
                  44           -0.861505           -0.861602         0.000224599
                  45           -0.861882           -0.861608         0.000219639
                  46           -0.859717           -0.861567         0.000218712
                  47           -0.861195           -0.861559         0.000214154
                  48           -0.861028           -0.861548         0.000209937
                  49           -0.861115           -0.861539         0.000205798
                  50            -0.86486           -0.861606         0.000212296
