                   1           -0.848054           -0.848054                   0
                   2           -0.848541           -0.848298           0.0002432
                   3           -0.847053           -0.847883         0.000438047
                   4            -0.84632           -0.847492         0.000498561
                   5           -0.848235           -0.847641         0.000413801
                   6           -0.849579           -0.847964         0.000467487
                   7           -0.847344           -0.847875         0.000404896
                   8           -0.850132           -0.848157          0.00045004
                   9           -0.847835           -0.848122         0.000398508
                  10            -0.84919           -0.848228         0.000372096
                  11           -0.847878           -0.848197         0.000338073
                  12           -0.848602            -0.84823         0.000310465
                  13           -0.849802           -0.848351         0.000310134
                  14           -0.850297            -0.84849          0.00031899
                  15           -0.848822           -0.848512         0.000297788
                  16            -0.84891           -0.848537         0.000279659
                  17           -0.848316           -0.848524         0.000263016
                  18           -0.847878           -0.848488         0.000250556
                  19           -0.848642           -0.848496          0.00023714
                  20           -0.849161            -0.84853          0.00022741
                  21            -0.84777           -0.848493         0.000219317
                  22           -0.848287           -0.848484          0.00020932
                  23            -0.84941           -0.848524         0.000204027
                  24           -0.849778           -0.848577         0.000202209
                  25           -0.848592           -0.848577         0.000193953
                  26           -0.848531           -0.848575         0.000186353
                  27           -0.849254           -0.848601         0.000181073
                  28           -0.849425            -0.84863         0.000176952
                  29           -0.848224           -0.848616         0.000171314
                  30           -0.847014           -0.848563         0.000173903
                  31           -0.848171            -0.84855         0.000168673
                  32           -0.847662           -0.848522         0.000165659
                  33           -0.847331           -0.848486         0.000164567
                  34           -0.847847           -0.848467         0.000160756
                  35           -0.850419           -0.848523         0.000165758
                  36           -0.847651           -0.848499         0.000162898
                  37           -0.847354           -0.848468         0.000161426
                  38           -0.846608           -0.848419         0.000164568
                  39           -0.850319           -0.848468         0.000167534
                  40           -0.849132           -0.848484         0.000164134
                  41           -0.846097           -0.848426         0.000170344
                  42           -0.848232           -0.848421         0.000166303
                  43           -0.848567           -0.848425         0.000162424
                  44           -0.848969           -0.848437         0.000159171
                  45           -0.847783           -0.848423         0.000156271
                  46           -0.848203           -0.848418          0.00015291
                  47            -0.84731           -0.848394         0.000151466
                  48           -0.848247           -0.848391         0.000148308
                  49           -0.849109           -0.848406         0.000145986
                  50           -0.848518           -0.848408         0.000143054
