                   1            0.502834            0.502834                   0
                   2            0.500946             0.50189         0.000944213
                   3            0.492239            0.498673          0.00326293
                   4            0.496194            0.498053          0.00238898
                   5            0.508727            0.500188          0.00282525
                   6            0.501815            0.500459          0.00232269
                   7            0.500037            0.500399          0.00196396
                   8            0.489598            0.499049          0.00217154
                   9            0.515623             0.50089          0.00265693
                  10            0.490299            0.499831          0.00260175
                  11            0.510811            0.500829          0.00255631
                  12            0.491957             0.50009          0.00244791
                  13            0.487853            0.499149           0.0024406
                  14            0.511302            0.500017          0.00242056
                  15            0.500095            0.500022          0.00225343
                  16            0.498871             0.49995          0.00210911
                  17            0.500538            0.499985          0.00198147
                  18            0.496069            0.499767          0.00188077
                  19            0.502948            0.499935          0.00178689
                  20            0.499265            0.499901          0.00169552
                  21            0.503446             0.50007          0.00162157
                  22            0.510559            0.500547          0.00161795
                  23            0.493012            0.500219          0.00158034
                  24            0.504481            0.500397          0.00152345
                  25            0.520445            0.501199          0.00166683
                  26            0.494944            0.500958          0.00161941
                  27            0.484112            0.500334          0.00167855
                  28            0.492842            0.500067          0.00163947
                  29            0.489003            0.499685          0.00162728
                  30            0.515936            0.500227          0.00166281
                  31             0.49938            0.500199          0.00160851
                  32            0.506523            0.500397          0.00156992
                  33            0.503449            0.500489          0.00152441
                  34            0.504765            0.500615          0.00148423
                  35            0.493837            0.500422          0.00145416
                  36            0.502138            0.500469          0.00141399
                  37            0.493056            0.500269          0.00138976
                  38            0.504062            0.500369          0.00135637
                  39            0.490476            0.500115          0.00134526
                  40            0.497551            0.500051          0.00131277
                  41            0.490912            0.499828          0.00129961
                  42            0.498455            0.499795          0.00126871
                  43            0.506008             0.49994          0.00124725
                  44            0.490652            0.499729          0.00123672
                  45            0.511463            0.499989          0.00123673
                  46            0.492427            0.499825          0.00122067
                  47            0.499248            0.499813          0.00119448
                  48             0.49886            0.499793           0.0011695
                  49             0.50303            0.499859          0.00114728
                  50            0.507552            0.500013          0.00113458
