                   1            0.317978            0.317978                   0
                   2            0.316044            0.317011           0.0009672
                   3            0.280804            0.304942           0.0120818
                   4            0.319014             0.30846          0.00923912
                   5            0.290724            0.304913           0.0079874
                   6            0.302245            0.304468          0.00653682
                   7            0.280967            0.301111          0.00646476
                   8            0.279626            0.298425          0.00620943
                   9            0.290268            0.297519           0.0055507
                  10            0.281473            0.295914          0.00521756
                  11            0.285929            0.295007          0.00480597
                  12            0.275293            0.293364          0.00468472
                  13            0.255843            0.290478          0.00518655
                  14             0.32152            0.292695          0.00528905
                  15            0.315118             0.29419          0.00514575
                  16            0.305368            0.294888          0.00486384
                  17            0.306554            0.295575          0.00462003
                  18            0.270949            0.294206          0.00456559
                  19            0.309034            0.294987          0.00438856
                  20            0.283091            0.294392          0.00420563
                  21             0.30749            0.295016          0.00404868
                  22            0.304119             0.29543          0.00388238
                  23             0.31431             0.29625          0.00379948
                  24            0.303993            0.296573            0.003652
                  25            0.298394            0.296646          0.00350363
                  26            0.290207            0.296398          0.00337528
                  27            0.263078            0.295164          0.00347442
                  28            0.277182            0.294522          0.00340907
                  29            0.290594            0.294386          0.00329221
                  30            0.312845            0.295002          0.00323954
                  31            0.303756            0.295284            0.003146
                  32            0.292242            0.295189          0.00304758
                  33            0.299869            0.295331          0.00295719
                  34            0.313688            0.295871          0.00291926
                  35            0.272401              0.2952          0.00291286
                  36            0.274346            0.294621          0.00288945
                  37            0.255442            0.293562          0.00300315
                  38            0.256642             0.29259          0.00308029
                  39            0.304607            0.292899          0.00301605
                  40             0.30579            0.293221           0.0029573
                  41            0.294759            0.293258          0.00288451
                  42              0.3174            0.293833          0.00287308
                  43            0.291143            0.293771          0.00280616
                  44            0.303631            0.293995          0.00275079
                  45            0.301779            0.294168          0.00269452
                  46             0.27811            0.293819          0.00265832
                  47            0.297091            0.293888          0.00260207
                  48            0.288486            0.293776          0.00254977
                  49            0.276912            0.293432           0.0025208
                  50            0.325765            0.294078          0.00255312
