                   1             19.2151             19.2151                   0
                   2             18.5648             18.8899            0.325159
                   3             18.6904             18.8234             0.19916
                   4             18.5629             18.7583            0.155157
                   5             18.5972             18.7261            0.124426
                   6             18.7682             18.7331            0.101836
                   7             18.5178             18.7023           0.0913982
                   8             18.4743             18.6738           0.0841299
                   9             18.7474              18.682           0.0746449
                  10             18.0831             18.6221           0.0896898
                  11              18.483             18.6095           0.0821071
                  12             18.1258             18.5692            0.085104
                  13             17.8413             18.5132           0.0962481
                  14             19.5091             18.5843            0.114023
                  15             19.2107             18.6261            0.114068
                  16             18.6513             18.6277            0.106713
                  17               18.92             18.6448            0.101704
                  18             18.4059             18.6316           0.0968021
                  19             19.0828             18.6553           0.0945948
                  20             18.6135             18.6532           0.0897648
                  21             19.1812             18.6784           0.0890076
                  22              19.101             18.6976           0.0870121
                  23             19.2637             18.7222             0.08671
                  24             19.5106              18.755           0.0892812
                  25              19.275             18.7758           0.0881253
                  26             19.0634             18.7869           0.0853872
                  27             17.6689             18.7455           0.0920079
                  28             18.5613             18.7389           0.0889046
                  29             18.2684             18.7227           0.0873052
                  30             19.5321             18.7497           0.0885548
                  31             18.8014             18.7513           0.0856668
                  32             18.9682             18.7581           0.0832229
                  33             18.7037             18.7565           0.0806785
                  34             19.2362             18.7706           0.0795313
                  35             18.8249             18.7721           0.0772412
                  36             18.0739             18.7527           0.0775303
                  37             18.0813             18.7346           0.0775583
                  38             18.2092             18.7208           0.0767453
                  39                18.5             18.7151           0.0749656
                  40             18.9207             18.7202            0.073248
                  41             17.6429              18.694           0.0761187
                  42             19.1401             18.7046           0.0750398
                  43             19.2354             18.7169           0.0743065
                  44             18.6783             18.7161           0.0726034
                  45             19.0766             18.7241           0.0714224
                  46             18.6184             18.7218           0.0698903
                  47             18.8308             18.7241           0.0684264
                  48             18.4873             18.7192           0.0671671
                  49             18.6755             18.7183           0.0657881
                  50             19.7862             18.7396           0.0679051
