0 -3.33579 0
1 -3.33592 0.00012405
2 -3.3364 0.000489814
3 -3.33599 0.000535547
4 -3.33584 0.000444034
5 -3.33618 0.000499922
6 -3.33612 0.000426436
7 -3.33603 0.000380287
8 -3.33572 0.000460108
9 -3.33556 0.000441265
10 -3.33558 0.00039961
11 -3.33558 0.000364806
12 -3.33551 0.000343363
13 -3.33536 0.000348707
14 -3.33522 0.000355341
15 -3.33498 0.000410272
16 -3.33477 0.000438494
17 -3.33474 0.00041438
18 -3.33488 0.0004141
19 -3.33507 0.000437977
20 -3.33514 0.000422707
21 -3.33517 0.000404198
22 -3.33516 0.000386573
23 -3.33503 0.000391287
24 -3.3349 0.000397544
25 -3.3349 0.000381952
26 -3.3349 0.000367549
27 -3.33493 0.000355746
28 -3.33499 0.000348713
29 -3.3351 0.000353355
30 -3.33524 0.000370637
31 -3.3353 0.000363173
32 -3.33529 0.000352249
33 -3.33522 0.000347269
34 -3.33516 0.00034326
35 -3.33516 0.000333589
36 -3.33521 0.000327961
37 -3.33525 0.000321988
38 -3.3353 0.000317568
39 -3.33528 0.000310156
40 -3.3352 0.000312728
41 -3.33519 0.000305346
42 -3.33519 0.000298164
43 -3.33519 0.000291309
44 -3.33519 0.000284792
45 -3.3352 0.000278642
46 -3.33521 0.000273243
47 -3.33525 0.000270305
48 -3.33529 0.00026732
49 -3.33534 0.000265803
50 -3.3354 0.000267957
51 -3.33547 0.00027239
52 -3.33551 0.00027015
53 -3.33546 0.000269244
54 -3.33545 0.000264457
55 -3.3354 0.00026468
56 -3.33537 0.000262425
57 -3.33535 0.000258793
58 -3.33539 0.000258766
59 -3.33546 0.000263848
60 -3.33552 0.000266517
61 -3.33557 0.000266736
62 -3.33557 0.000262576
63 -3.33556 0.000258588
64 -3.33556 0.000254628
65 -3.33556 0.000250741
66 -3.33555 0.000247458
67 -3.33556 0.000244002
68 -3.33554 0.000241362
69 -3.33555 0.000238371
70 -3.33557 0.000235904
71 -3.33557 0.000232659
72 -3.33561 0.000232915
73 -3.33566 0.000236627
74 -3.3357 0.000236336
75 -3.33574 0.000237337
76 -3.33577 0.000235861
77 -3.33579 0.000233786
78 -3.33582 0.000232522
79 -3.33582 0.000229633
80 -3.33583 0.000226852
81 -3.33582 0.000224307
82 -3.33582 0.000221592
83 -3.33582 0.00021894
84 -3.3358 0.000216927
85 -3.3358 0.000214395
86 -3.3358 0.000211956
87 -3.33579 0.000209889
88 -3.33579 0.000207574
89 -3.33582 0.000206738
90 -3.33586 0.000209623
91 -3.33589 0.000208922
92 -3.3359 0.000206853
93 -3.33593 0.00020753
94 -3.33598 0.000211395
95 -3.33602 0.000212199
96 -3.33605 0.000213292
97 -3.33609 0.00021484
98 -3.33612 0.000214555
99 -3.33616 0.000215739
100 -3.33619 0.000215725
101 -3.33622 0.000215404
102 -3.33623 0.000213841
103 -3.33625 0.000212424
104 -3.33626 0.000210807
105 -3.33629 0.000209964
106 -3.33631 0.000209323
107 -3.33629 0.000208057
108 -3.33627 0.000206992
109 -3.33625 0.000206702
110 -3.33624 0.000204886
111 -3.33623 0.000203276
112 -3.33623 0.000201477
113 -3.33625 0.000200364
114 -3.33627 0.000199512
115 -3.33629 0.000198964
116 -3.3363 0.000197617
117 -3.33631 0.000196013
118 -3.33629 0.000194966
119 -3.33627 0.000194049
120 -3.33627 0.000192439
121 -3.33628 0.000190932
122 -3.3363 0.000190598
123 -3.33631 0.000189507
124 -3.33634 0.000189169
125 -3.33634 0.000187685
126 -3.33634 0.000186209
127 -3.33634 0.000184753
128 -3.33633 0.00018342
129 -3.33632 0.00018221
130 -3.33632 0.000180819
131 -3.33632 0.000179491
132 -3.33632 0.000178315
133 -3.33631 0.000177269
134 -3.33631 0.000176028
135 -3.33629 0.000175691
136 -3.33629 0.000174404
137 -3.33631 0.000173639
138 -3.33632 0.000173038
139 -3.33634 0.000172871
140 -3.33637 0.000173762
141 -3.33638 0.000173474
142 -3.33641 0.000173452
143 -3.33643 0.000173915
144 -3.33645 0.0001744
145 -3.33647 0.000174279
146 -3.3365 0.000175525
147 -3.33653 0.000176233
148 -3.33656 0.000178579
149 -3.33658 0.000178278
150 -3.33659 0.000177512
151 -3.33661 0.000176801
152 -3.33661 0.000175786
153 -3.33662 0.000174748
154 -3.33662 0.000173653
155 -3.33663 0.000172739
156 -3.33664 0.000171738
157 -3.33664 0.000170648
158 -3.33663 0.000169695
159 -3.33664 0.00016921
160 -3.33666 0.00016879
161 -3.33668 0.000168785
162 -3.3367 0.000169241
163 -3.33672 0.000169073
164 -3.33671 0.000168175
165 -3.33671 0.00016716
166 -3.33671 0.000166158
167 -3.3367 0.000165279
168 -3.3367 0.000164298
169 -3.3367 0.000163389
170 -3.3367 0.000162437
171 -3.3367 0.00016153
172 -3.33671 0.000160605
173 -3.33671 0.000159714
174 -3.33672 0.000159242
175 -3.33673 0.000158926
176 -3.33674 0.000158046
177 -3.33674 0.00015737
178 -3.33675 0.000156579
179 -3.33675 0.000155788
180 -3.33673 0.000155827
181 -3.33671 0.000155709
182 -3.33669 0.000156884
183 -3.33667 0.000157003
184 -3.33666 0.000156395
185 -3.33666 0.000155649
186 -3.33667 0.000155266
187 -3.33669 0.000155706
188 -3.3367 0.000155329
189 -3.3367 0.000154571
190 -3.33669 0.000154056
191 -3.3367 0.000153266
192 -3.3367 0.000152471
193 -3.33669 0.000151705
194 -3.33669 0.000150943
195 -3.33669 0.000150297
196 -3.33667 0.000150078
197 -3.33666 0.00014971
198 -3.33666 0.000149016
199 -3.33666 0.000148269
200 -3.33666 0.000147548
201 -3.33665 0.000146872
202 -3.33665 0.000146288
203 -3.33664 0.000145909
204 -3.33664 0.000145469
205 -3.33666 0.0001453
206 -3.33666 0.000144661
207 -3.33666 0.000143964
208 -3.33666 0.000143301
209 -3.33666 0.00014262
210 -3.33666 0.000142084
211 -3.33667 0.000141565
212 -3.33667 0.000140908
213 -3.33668 0.000141087
214 -3.3367 0.000141926
215 -3.33671 0.00014164
216 -3.33672 0.000141142
217 -3.33672 0.000140521
218 -3.33672 0.000139881
219 -3.33672 0.000139372
220 -3.33672 0.000138743
221 -3.33672 0.000138238
222 -3.33673 0.000137637
223 -3.33673 0.000137025
224 -3.33673 0.000136498
225 -3.33673 0.000135916
226 -3.33674 0.000135494
227 -3.33674 0.0001349
228 -3.33674 0.000134317
229 -3.33674 0.000133819
230 -3.33674 0.000133246
231 -3.33675 0.000132878
232 -3.33677 0.000133623
233 -3.33679 0.000135177
234 -3.33681 0.000135452
235 -3.33682 0.000136042
236 -3.33683 0.000135964
237 -3.33685 0.000136065
238 -3.33686 0.00013652
239 -3.33688 0.000136385
240 -3.33688 0.00013604
241 -3.33689 0.000135595
242 -3.33689 0.000135051
243 -3.33689 0.000134529
244 -3.33689 0.000133997
245 -3.33689 0.000133515
246 -3.33689 0.000132974
247 -3.33688 0.000132706
248 -3.33687 0.000132654
249 -3.33687 0.000132145
250 -3.33686 0.000131672
251 -3.33685 0.000131771
252 -3.33683 0.000132102
253 -3.33681 0.000133139
254 -3.33679 0.000134354
255 -3.33679 0.000133975
256 -3.33678 0.000133595
257 -3.33678 0.000133139
258 -3.33678 0.000132624
259 -3.33677 0.000132125
260 -3.33677 0.000131624
261 -3.33677 0.000131131
262 -3.33678 0.000130639
263 -3.33678 0.000130188
264 -3.33677 0.000130016
265 -3.33675 0.000130701
266 -3.33674 0.000130664
267 -3.33673 0.000131138
268 -3.33671 0.000131503
269 -3.33669 0.000132212
270 -3.33668 0.000132118
271 -3.33668 0.000131697
272 -3.33668 0.000131309
273 -3.33669 0.000130986
274 -3.33671 0.000131345
275 -3.33671 0.000131071
276 -3.33672 0.00013065
277 -3.33671 0.000130221
278 -3.33671 0.000129753
279 -3.33672 0.000129473
280 -3.33672 0.00012903
281 -3.33673 0.000128733
282 -3.33674 0.000129214
283 -3.33676 0.000129511
284 -3.33676 0.000129067
285 -3.33676 0.000128701
286 -3.33675 0.000128624
287 -3.33674 0.00012839
288 -3.33674 0.000127983
289 -3.33674 0.000127565
290 -3.33673 0.000127229
291 -3.33673 0.000126816
292 -3.33673 0.000126405
293 -3.33673 0.000125974
294 -3.33673 0.000125563
295 -3.33672 0.000125218
296 -3.33672 0.000124838
297 -3.33672 0.000124431
298 -3.33671 0.000124097
299 -3.33671 0.000123895
300 -3.3367 0.000123895
301 -3.33669 0.00012363
302 -3.33669 0.000123223
303 -3.3367 0.000123223
304 -3.33671 0.000123164
305 -3.33671 0.000122845
306 -3.33671 0.000122468
307 -3.33672 0.000122231
308 -3.33673 0.00012204
309 -3.33674 0.000121854
310 -3.33674 0.000121502
311 -3.33674 0.000121143
312 -3.33673 0.000120786
313 -3.33674 0.000120719
314 -3.33674 0.000120361
315 -3.33674 0.000119983
316 -3.33674 0.000119729
317 -3.33673 0.00011962
318 -3.33673 0.00011926
319 -3.33674 0.000119097
320 -3.33674 0.00011875
321 -3.33674 0.000118381
322 -3.33674 0.000118057
323 -3.33674 0.000117692
324 -3.33674 0.000117342
325 -3.33674 0.000116991
326 -3.33674 0.000116684
327 -3.33675 0.000116523
328 -3.33675 0.000116204
329 -3.33674 0.000115875
330 -3.33673 0.0001163
331 -3.33671 0.000117514
332 -3.3367 0.000117472
333 -3.3367 0.000117119
334 -3.3367 0.000116769
335 -3.3367 0.000116433
336 -3.33671 0.000116226
337 -3.3367 0.00011615
338 -3.33668 0.00011722
339 -3.33667 0.000117523
340 -3.33667 0.000117201
341 -3.33667 0.000116926
342 -3.33668 0.000116834
343 -3.33669 0.000116747
344 -3.33669 0.000116433
345 -3.3367 0.0001163
346 -3.33671 0.000116346
347 -3.33671 0.000116212
348 -3.33672 0.000116116
349 -3.33673 0.00011613
350 -3.33674 0.00011594
351 -3.33674 0.000115792
352 -3.33675 0.000115812
353 -3.33675 0.000115549
354 -3.33675 0.000115225
355 -3.33676 0.00011493
356 -3.33676 0.000114611
357 -3.33676 0.000114293
358 -3.33676 0.000113974
359 -3.33675 0.000113677
360 -3.33675 0.000113419
361 -3.33675 0.000113257
362 -3.33674 0.000112996
363 -3.33674 0.000112711
364 -3.33674 0.000112425
365 -3.33673 0.000112253
366 -3.33672 0.000112491
367 -3.33671 0.000112643
368 -3.3367 0.000112511
369 -3.3367 0.000112312
370 -3.33669 0.000112108
371 -3.33669 0.000111852
372 -3.33669 0.000111552
373 -3.33669 0.000111282
374 -3.33669 0.000110991
375 -3.33669 0.000110697
376 -3.3367 0.000110771
377 -3.33671 0.00011088
378 -3.33671 0.000110682
379 -3.33671 0.000110678
380 -3.33669 0.000110975
381 -3.33669 0.000111066
382 -3.33668 0.000110861
383 -3.33668 0.000110667
384 -3.33667 0.000110518
385 -3.33666 0.000110559
386 -3.33666 0.000110468
387 -3.33666 0.000110185
388 -3.33666 0.000109917
389 -3.33666 0.000109673
390 -3.33666 0.000109394
391 -3.33666 0.000109142
392 -3.33667 0.000108923
393 -3.33667 0.000108646
394 -3.33667 0.000108406
395 -3.33667 0.000108132
396 -3.33667 0.000107987
397 -3.33666 0.00010806
398 -3.33665 0.000107953
399 -3.33665 0.000107751
400 -3.33664 0.000107503
401 -3.33664 0.000107321
402 -3.33664 0.000107146
403 -3.33666 0.000107368
404 -3.33667 0.000107888
405 -3.33668 0.000107993
406 -3.33668 0.000107735
407 -3.33667 0.000107566
408 -3.33667 0.000107325
409 -3.33667 0.000107089
410 -3.33666 0.000106862
411 -3.33667 0.000106834
412 -3.33668 0.000107046
413 -3.33669 0.000107154
414 -3.3367 0.000107055
415 -3.3367 0.000106938
416 -3.3367 0.000106715
417 -3.3367 0.000106462
418 -3.3367 0.000106261
419 -3.3367 0.00010601
420 -3.3367 0.000105761
421 -3.3367 0.00010552
422 -3.3367 0.000105297
423 -3.3367 0.000105177
424 -3.3367 0.000104944
425 -3.33671 0.000104724
426 -3.33671 0.000104658
427 -3.33671 0.000104437
428 -3.33672 0.00010428
429 -3.33672 0.000104042
430 -3.33672 0.000103808
431 -3.33672 0.000103569
432 -3.33672 0.00010333
433 -3.33673 0.000103222
434 -3.33673 0.00010342
435 -3.33674 0.000103586
436 -3.33675 0.00010356
437 -3.33676 0.000103638
438 -3.33677 0.000103765
439 -3.33677 0.000103544
440 -3.33677 0.000103361
441 -3.33677 0.000103163
442 -3.33678 0.000103104
443 -3.33678 0.000102934
444 -3.33678 0.000102732
445 -3.33678 0.000102557
446 -3.33678 0.00010233
447 -3.33678 0.000102116
448 -3.33678 0.000101953
449 -3.33678 0.000101732
450 -3.33678 0.000101508
451 -3.33679 0.000101461
452 -3.3368 0.000101791
453 -3.33681 0.000102386
454 -3.33681 0.000102226
455 -3.33681 0.000102038
456 -3.33681 0.00010182
457 -3.33681 0.000101678
458 -3.3368 0.000101489
459 -3.3368 0.000101348
460 -3.3368 0.000101161
461 -3.3368 0.000100944
462 -3.3368 0.000100749
463 -3.33679 0.000100606
464 -3.33679 0.00010041
465 -3.33679 0.000100196
466 -3.33679 9.99834e-05
467 -3.33679 9.98369e-05
468 -3.33679 9.96267e-05
469 -3.33679 9.94169e-05
470 -3.33679 9.92595e-05
471 -3.33679 9.9124e-05
472 -3.3368 9.90963e-05
473 -3.33681 9.90855e-05
474 -3.33681 9.90977e-05
475 -3.33682 9.89529e-05
476 -3.33682 9.87503e-05
477 -3.33681 9.85672e-05
478 -3.33681 9.83615e-05
479 -3.33682 9.8167e-05
480 -3.33681 9.80734e-05
481 -3.33681 9.79385e-05
482 -3.3368 9.777e-05
483 -3.3368 9.75725e-05
484 -3.3368 9.73796e-05
485 -3.3368 9.7183e-05
486 -3.3368 9.70004e-05
487 -3.3368 9.68131e-05
488 -3.3368 9.66394e-05
489 -3.3368 9.64438e-05
490 -3.33681 9.64241e-05
491 -3.33681 9.67069e-05
492 -3.33682 9.67388e-05
493 -3.33682 9.65742e-05
494 -3.33682 9.63789e-05
495 -3.33682 9.61878e-05
496 -3.33683 9.60189e-05
497 -3.33683 9.58427e-05
498 -3.33683 9.56548e-05
499 -3.33682 9.56446e-05
