-4.71475
-4.71475
-4.71475
-4.71475
-4.71475
-4.71475
-4.71475
-4.71475
-4.71475
-4.71475
-4.71475
-4.71475
-4.71475
-4.71475
-4.71475
-4.71475
-4.71475
-4.71475
-4.71475
-4.71475
-4.71475
-4.71475
-4.71475
-4.71475
-4.71475
-4.71475
-4.71475
-4.71475
-4.71475
-4.71475
-4.71475
-4.71475
-4.71475
-4.71475
-4.71475
-4.71475
-4.71475
-4.71475
-4.71475
-4.71475
-4.71475
-4.7146
-4.7146
-4.7146
-4.7146
-4.7146
-4.71445
-4.71429
-4.71399
-4.71384
-4.71369
-4.71369
-4.71369
-4.71339
-4.71324
-4.71294
-4.71278
-4.71218
-4.71203
-4.71173
-4.71158
-4.71112
-4.71097
-4.71037
-4.71037
-4.71006
-4.71006
-4.70961
-4.70961
-4.70931
-4.7084
-4.7078
-4.70735
-4.70659
-4.70659
-4.70629
-4.70599
-4.70568
-4.70523
-4.70493
-4.70463
-4.70417
-4.70387
-4.70372
-4.70312
-4.70312
-4.70312
-4.70297
-4.70281
-4.70236
-4.70191
-4.70176
-4.70146
-4.70146
-4.701
-4.70085
-4.70055
-4.70025
-4.7001
-4.69994
-4.69994
-4.69934
-4.69889
-4.69874
-4.69874
-4.69859
-4.69828
-4.69828
-4.69843
-4.69843
-4.69798
-4.69768
-4.69768
-4.69768
-4.69753
-4.69692
-4.69692
-4.69662
-4.69632
-4.69587
-4.69571
-4.69571
-4.69571
-4.69587
-4.69571
-4.69571
-4.69571
-4.69617
-4.69617
-4.69602
-4.69602
-4.69586
-4.69571
-4.69586
-4.69586
-4.69586
-4.69571
-4.69556
-4.69556
-4.69541
-4.69541
-4.69526
-4.69526
-4.69526
-4.69511
-4.69511
-4.69526
-4.69511
-4.69526
-4.69541
-4.69496
-4.69496
-4.69435
-4.6945
-4.69435
-4.69435
-4.69435
-4.69435
-4.69435
-4.69435
-4.6942
-4.69405
-4.6939
-4.6942
-4.6942
-4.6942
-4.6945
-4.69435
-4.69465
-4.6948
-4.6948
-4.69495
-4.69465
-4.69495
-4.6951
-4.6951
-4.69495
-4.69525
-4.69555
-4.6954
-4.6954
-4.6954
-4.69555
-4.69555
-4.6957
-4.6957
-4.69585
-4.6957
-4.6957
-4.6957
-4.69585
-4.6957
-4.6957
-4.69585
-4.69585
-4.69585
-4.69616
-4.69631
-4.69631
-4.69631
-4.69646
-4.69631
-4.69646
-4.69661
-4.69661
-4.69616
-4.69646
-4.69631
-4.69616
-4.69616
-4.69631
-4.69631
-4.69661
-4.69661
-4.69661
-4.69691
-4.69706
-4.69706
-4.69691
-4.69706
-4.69737
-4.69767
-4.69782
-4.69797
-4.69812
-4.69858
-4.69827
-4.69812
-4.69827
-4.69843
-4.69827
-4.69812
-4.69767
-4.69722
-4.69722
-4.69722
-4.69737
-4.69722
-4.69722
-4.69737
-4.69722
-4.69737
-4.69737
-4.69782
-4.69782
-4.69797
-4.69828
-4.69843
-4.69828
-4.69828
-4.69843
-4.69843
-4.69843
-4.69843
-4.69873
-4.69873
-4.69873
-4.69888
-4.69873
-4.69888
-4.69873
-4.69873
-4.69858
-4.69858
-4.69873
-4.69858
-4.69828
-4.69813
-4.69828
-4.69858
-4.69858
-4.69858
-4.69843
-4.69843
-4.69873
-4.69873
-4.69873
-4.69873
-4.69873
-4.69919
-4.69903
-4.69919
-4.69903
-4.69888
-4.69888
-4.69903
-4.69888
-4.69903
-4.69888
-4.69888
-4.69903
-4.69903
-4.69903
-4.69919
-4.69934
-4.69934
-4.69934
-4.69919
-4.69919
-4.69934
-4.69934
-4.69979
-4.69979
-4.69994
-4.70009
-4.70024
-4.70009
-4.69994
-4.69964
-4.69964
-4.69964
-4.69949
-4.69979
-4.69994
-4.69994
-4.70024
-4.70009
-4.70024
-4.70024
-4.70039
-4.70024
-4.70024
-4.70009
-4.70024
-4.70009
-4.70039
-4.70055
-4.70085
-4.7007
-4.70145
-4.7013
-4.7013
-4.7013
-4.7013
-4.70115
-4.7013
-4.70175
-4.7019
-4.70175
-4.70206
-4.7019
-4.70206
-4.70206
-4.7019
-4.7019
-4.70206
-4.70206
-4.70206
-4.7019
-4.7019
-4.70221
-4.70221
-4.70221
-4.70206
-4.70206
-4.70221
-4.70221
-4.70221
-4.70221
-4.70206
-4.70206
-4.7019
-4.7019
-4.70221
-4.70206
-4.70221
-4.70221
-4.70175
-4.70175
-4.70175
-4.70145
-4.70145
-4.70115
-4.70085
-4.7007
-4.7007
-4.70039
-4.70039
-4.70054
-4.70039
-4.70039
-4.70024
-4.70024
-4.70024
-4.70024
-4.70009
-4.70009
-4.69994
-4.69994
-4.69994
-4.69994
-4.69994
-4.69994
-4.69994
-4.70039
-4.70039
-4.70039
-4.70039
-4.70054
-4.7007
-4.7007
-4.7007
-4.70024
-4.70024
-4.70009
-4.70009
-4.70009
-4.70009
-4.70009
-4.70009
-4.70009
-4.70009
-4.70039
-4.70055
-4.70055
-4.70055
-4.70055
-4.70039
-4.70039
-4.70085
-4.70085
-4.70085
-4.70085
-4.7007
-4.7007
-4.7007
-4.70039
-4.69994
-4.69994
-4.69994
-4.70009
-4.70009
-4.70009
-4.70009
-4.70009
-4.69994
-4.69994
-4.70009
-4.69994
-4.69994
-4.69994
-4.69994
-4.70009
-4.69994
-4.69979
-4.69994
-4.69979
-4.69979
-4.70009
-4.70009
-4.70009
-4.70024
-4.70024
-4.70009
-4.69979
-4.69979
-4.69994
-4.70009
-4.70009
-4.70009
-4.69979
-4.69979
-4.69979
-4.69964
-4.69979
-4.69964
-4.69964
-4.69979
-4.70009
-4.70024
-4.70024
-4.70024
-4.70024
-4.70039
-4.70024
-4.69979
-4.69979
-4.69994
-4.69994
-4.69994
-4.69934
-4.69949
-4.69934
-4.69964
-4.69949
-4.69949
-4.69964
-4.69934
-4.69918
-4.69888
-4.69888
-4.69858
-4.69903
-4.69888
-4.69888
-4.69873
-4.69873
-4.69858
-4.69888
-4.69888
-4.69888
-4.69873
-4.69873
-4.69888
-4.69918
-4.69903
-4.69918
-4.69918
-4.69949
-4.69979
-4.69964
-4.69979
-4.69979
-4.69979
-4.69964
-4.69979
-4.69979
-4.69979
-4.69979
-4.69979
-4.69964
-4.69949
-4.69964
-4.69964
-4.69964
-4.69979
-4.69994
-4.69979
-4.69979
-4.69979
-4.69979
-4.69964
-4.69979
-4.69994
-4.70009
-4.70009
-4.70054
-4.70054
-4.70054
-4.70024
-4.70009
-4.70039
-4.70039
-4.70054
-4.7007
-4.7007
-4.70085
-4.7007
-4.7007
-4.7007
-4.70085
-4.701
-4.70085
-4.70085
-4.701
-4.70115
-4.70115
-4.7013
-4.70145
-4.7013
-4.7013
-4.70145
-4.70145
-4.70145
-4.70145
-4.70145
-4.70145
-4.7016
-4.70175
-4.70175
-4.7016
-4.70206
-4.70175
-4.70191
-4.70191
-4.70191
-4.7016
-4.70175
-4.70175
-4.70191
-4.70191
-4.70206
-4.70191
-4.70221
-4.70236
-4.70221
-4.70221
-4.70221
-4.70221
-4.70206
-4.70236
-4.70236
-4.70236
-4.70236
-4.70236
-4.70236
-4.70236
-4.70221
-4.70206
-4.70221
-4.70236
-4.70206
-4.70206
-4.70191
-4.70191
-4.7016
-4.70145
-4.7016
-4.70145
-4.70145
-4.7013
-4.7013
-4.7013
-4.7013
-4.7013
-4.7013
-4.70145
-4.70176
-4.70145
-4.7013
-4.7013
-4.7013
-4.70176
-4.70191
-4.7016
-4.7016
-4.70145
-4.7016
-4.7016
-4.70191
-4.70176
-4.70176
-4.70176
-4.70176
-4.7013
-4.70145
-4.70145
-4.7016
-4.70191
-4.70221
-4.70221
-4.70221
-4.70221
-4.70206
-4.70206
-4.70221
-4.70191
-4.70191
-4.70206
-4.70191
-4.70191
-4.70221
-4.70206
-4.70191
-4.70175
-4.7016
-4.7016
-4.70175
-4.70175
-4.70191
-4.70191
-4.70191
-4.70175
-4.70191
-4.70191
-4.70191
-4.70191
-4.70206
-4.70175
-4.70145
-4.70115
-4.7013
-4.70145
-4.70145
-4.70115
-4.70115
-4.70115
-4.70115
-4.701
-4.701
-4.7007
-4.70039
-4.7007
-4.70085
-4.7007
-4.7007
-4.70055
-4.70055
-4.70055
-4.70055
-4.70039
-4.70024
-4.70024
-4.70039
-4.70024
-4.70009
-4.69979
-4.69979
-4.69994
-4.69994
-4.69994
-4.69994
-4.69934
-4.69919
-4.69919
-4.69919
-4.69919
-4.69919
-4.69949
-4.69964
-4.69979
-4.69979
-4.69964
-4.69979
-4.69994
-4.69979
-4.69979
-4.69934
-4.69934
-4.69919
-4.69919
-4.69873
-4.69888
-4.69903
-4.69919
-4.69919
-4.69949
-4.69934
-4.69964
-4.69964
-4.69994
-4.69994
-4.69994
-4.69979
-4.69979
-4.69994
-4.70024
-4.70009
-4.70009
-4.70009
-4.70009
-4.70009
-4.70009
-4.70009
-4.69979
-4.70009
-4.69979
-4.69979
-4.69994
-4.70024
-4.70024
-4.70039
-4.7007
-4.7007
-4.70085
-4.7007
-4.7007
-4.7007
-4.7007
-4.7007
-4.7007
-4.70115
-4.701
-4.701
-4.70115
-4.701
-4.70085
-4.701
-4.70115
-4.7013
-4.701
-4.70085
-4.70085
-4.7013
-4.7013
-4.70085
-4.70085
-4.7004
-4.7007
-4.7007
-4.70055
-4.7007
-4.70115
-4.701
-4.70115
-4.70115
-4.7013
-4.7013
-4.70145
-4.70145
-4.70145
-4.70176
-4.7016
-4.7016
-4.7016
-4.7013
-4.70115
-4.70115
-4.701
-4.70085
-4.70115
-4.701
-4.70085
-4.70115
-4.70115
-4.701
-4.70085
-4.701
-4.701
-4.70115
-4.701
-4.701
-4.70115
-4.701
-4.701
-4.701
-4.701
-4.70115
-4.7013
-4.701
-4.701
-4.701
-4.7013
-4.70115
-4.7013
-4.70145
-4.7013
-4.70115
-4.70115
-4.70115
-4.70115
-4.70115
-4.70085
-4.70085
-4.70085
-4.7007
-4.7007
-4.7007
-4.70055
-4.7004
-4.7004
-4.70055
-4.70055
-4.7004
-4.70024
-4.70024
-4.70024
-4.70024
-4.70024
-4.70055
-4.7007
-4.70055
-4.7004
-4.70024
-4.70009
-4.70024
-4.70024
-4.69994
-4.69964
-4.69949
-4.69949
-4.69949
-4.69949
-4.69949
-4.69904
-4.69904
-4.69904
-4.69888
-4.69873
-4.69888
-4.69949
-4.69949
-4.69934
-4.69919
-4.69919
-4.69934
-4.69934
-4.69919
-4.69919
-4.69919
-4.69919
-4.69919
-4.69949
-4.69949
-4.69979
-4.69979
-4.69964
-4.69934
-4.69904
-4.69904
-4.69904
-4.69904
-4.69919
-4.69919
-4.69919
-4.69889
-4.69889
-4.69889
-4.69889
-4.69889
-4.69873
-4.69843
-4.69828
-4.69813
-4.69813
-4.69813
-4.69828
-4.69813
-4.69798
-4.69798
-4.69813
-4.69813
-4.69798
-4.69798
-4.69798
-4.69813
-4.69813
-4.69813
-4.69813
-4.69798
-4.69783
-4.69798
-4.69768
-4.69783
-4.69768
-4.69768
-4.69753
-4.69768
-4.69768
-4.69753
-4.69738
-4.69738
-4.69738
-4.69722
-4.69707
-4.69692
-4.69692
-4.69677
-4.69677
-4.69677
-4.69677
-4.69692
-4.69692
-4.69692
-4.69707
-4.69722
-4.69722
-4.69707
-4.69692
-4.69707
-4.69738
-4.69753
-4.69768
-4.69768
-4.69798
-4.69813
-4.69843
-4.69858
-4.69874
-4.69919
-4.69934
-4.69949
-4.69949
-4.69949
-4.69949
-4.69949
-4.69934
-4.69934
-4.69934
-4.69934
-4.69934
-4.69964
-4.69919
-4.69889
-4.69934
-4.69934
-4.69934
-4.69919
-4.69919
-4.69934
-4.69934
-4.69919
-4.69919
-4.69934
-4.69934
-4.69934
-4.69949
-4.69949
-4.69949
-4.69949
-4.69919
-4.69919
-4.69889
-4.69889
-4.69889
-4.69904
-4.69889
-4.69904
-4.69889
-4.69919
-3.93548
-3.93563
-3.93548
-3.93502
-3.93517
-3.93517
-3.93517
-3.93517
-3.93533
-3.93533
-3.93533
-3.93533
-3.93533
-3.93533
-3.93548
-3.93578
-3.93593
-3.93608
-3.93608
-3.93623
-3.93623
-3.93563
-3.93578
-3.93623
-3.93623
-3.93593
-3.93578
-3.93578
-3.93563
-3.93578
-3.93593
-3.93578
-3.93623
-3.93593
-3.93593
-3.93578
-3.93578
-3.93548
-3.93518
-3.93502
-3.93533
-3.93533
-3.93563
-3.93563
-3.93593
-3.93608
-3.93593
-3.93593
-3.93593
-3.93593
-3.93623
-3.93638
-3.93623
-3.93608
-3.93593
-3.93578
-3.93548
-3.93532
-3.93502
-3.93502
-3.93502
-3.93502
-3.93487
-3.93442
-3.93457
-3.93442
-3.93442
-3.93472
-3.93457
-3.93457
-3.93487
-3.93472
-3.93472
-3.93487
-3.93472
-3.93472
-3.93457
-3.93457
-3.93457
-3.93442
-3.93426
-3.93426
-3.93441
-3.93441
-3.93411
-3.93396
-3.93396
-3.93396
-3.93396
-3.93381
-3.93381
-3.93366
-3.93366
-3.93351
-3.93351
-3.93351
-3.93381
-3.93381
-3.93381
-3.93366
-3.93351
-3.93366
-3.93351
-3.93336
-3.93351
-3.93336
-3.93306
-3.9326
-3.9326
-3.93245
-3.93215
-3.93215
-3.932
-3.932
-3.932
-3.93215
-3.93185
-3.93185
-3.93185
-3.93215
-3.93215
-3.93215
-3.9323
-3.9323
-3.93245
-3.93275
-3.9326
-3.9323
-3.93215
-3.93245
-3.9323
-3.93245
-3.93245
-3.93245
-3.93245
-3.9326
-3.9326
-3.9323
-3.93291
-3.93291
-3.93291
-3.93291
-3.93291
-3.93275
-3.9326
-3.9326
-3.93245
-3.93245
-3.93245
-3.93245
-3.93245
-3.9323
-3.9323
-3.932
-3.9323
-3.93215
-3.93215
-3.93215
-3.932
-3.932
-3.9323
-3.932
-3.9323
-3.9326
-3.93245
-3.93245
-3.93215
-3.93215
-3.93215
-3.9323
-3.93215
-3.9323
-3.93245
-3.93245
-3.9329
-3.93275
-3.93275
-3.93275
-3.9326
-3.93275
-3.93336
-3.93336
-3.93351
-3.93336
-3.93321
-3.93366
-3.93366
-3.93336
-3.93336
-3.93336
-3.93366
-3.93381
-3.93396
-3.93381
-3.93366
-3.93366
-3.93366
-3.93366
-3.93366
-3.93381
-3.93381
-3.93366
-3.93366
-3.93366
-3.93366
-3.93351
-3.93351
-3.93336
-3.93306
-3.93306
-3.93291
-3.93306
-3.93306
-3.93306
-3.93336
-3.93336
-3.93336
-3.93336
-3.93321
-3.93306
-3.93291
-3.93261
-3.93261
-3.93291
-3.93291
-3.93291
-3.93306
-3.93321
-3.93306
-3.93306
-3.93306
-3.93276
-3.93261
-3.93261
-3.93276
-3.93261
-3.93261
-3.93246
-3.93261
-3.93245
-3.93245
-3.93245
-3.93245
-3.93276
-3.93276
-3.93291
-3.93291
-3.93306
-3.93291
-3.93291
-3.93276
-3.93291
-3.93291
-3.93291
-3.93275
-3.93275
-3.93291
-3.93291
-3.93291
-3.93306
-3.93321
-3.93321
-3.93351
-3.93366
-3.93351
-3.93351
-3.93336
-3.93381
-3.93411
-3.93411
-3.93366
-3.93366
-3.93366
-3.93366
-3.93396
-3.93411
-3.93457
-3.93457
-3.93426
-3.93411
-3.93411
-3.93411
-3.93411
-3.93426
-3.93426
-3.93426
-3.93426
-3.93411
-3.93426
-3.93426
-3.93426
-3.93441
-3.93441
-3.93457
-3.93441
-3.93441
-3.93426
-3.93411
-3.93381
-3.93381
-3.93396
-3.93381
-3.93396
-3.93396
-3.93426
-3.93411
-3.93411
-3.93411
-3.93426
-3.93457
-3.93441
-3.93426
-3.93426
-3.93487
-3.93472
-3.93472
-3.93457
-3.93442
-3.93502
-3.93502
-3.93502
-3.93487
-3.93487
-3.93457
-3.93442
-3.93442
-3.93457
-3.93457
-3.93472
-3.93472
-3.93472
-3.93487
-3.93487
-3.93487
-3.93502
-3.93502
-3.93472
-3.93472
-3.93487
-3.93487
-3.93487
-3.93487
-3.93487
-3.93502
-3.93533
-3.93533
-3.93518
-3.93518
-3.93533
-3.93548
-3.93548
-3.93533
-3.93563
-3.93563
-3.93563
-3.93563
-3.93563
-3.93548
-3.93563
-3.93548
-3.93518
-3.93502
-3.93487
-3.93518
-3.93502
-3.93518
-3.93518
-3.93518
-3.93533
-3.93533
-3.93518
-3.93518
-3.93517
-3.93517
-3.93517
-3.93517
-3.93533
-3.93563
-3.93578
-3.93563
-3.93563
-3.93563
-3.93517
-3.93517
-3.93532
-3.93563
-3.93563
-3.93608
-3.93608
-3.93623
-3.93608
-3.93608
-3.93608
-3.93608
-3.93638
-3.93638
-3.93638
-3.93623
-3.93623
-3.93608
-3.93562
-3.93577
-3.93593
-3.93593
-3.93608
-3.93623
-3.93608
-3.93638
-3.93668
-3.93668
-3.93668
-3.93698
-3.93698
-3.93698
-3.93713
-3.93713
-3.93713
-3.93668
-3.93698
-3.93698
-3.93698
-3.93698
-3.93683
-3.93698
-3.93729
-3.93713
-3.93729
-3.93744
-3.93698
-3.93698
-3.93698
-3.93698
-3.93653
-3.93653
-3.93653
-3.93638
-3.93668
-3.93698
-3.93713
-3.93713
-3.93713
-3.93728
-3.93713
-3.93713
-3.93698
-3.93728
-3.93683
-3.93668
-3.93683
-3.93668
-3.93668
-3.93683
-3.93668
-3.93698
-3.93683
-3.93698
-3.93713
-3.93713
-3.93728
-3.93728
-3.93713
-3.93698
-3.93698
-3.93653
-3.93653
-3.93683
-3.93698
-3.93683
-3.93668
-3.93683
-3.93698
-3.93683
-3.93668
-3.93638
-3.93638
-3.93683
-3.93668
-3.93668
-3.93683
-3.93668
-3.93683
-3.93683
-3.93683
-3.93683
-3.93653
-3.93653
-3.93653
-3.93668
-3.93698
-3.93698
-3.93728
-3.93713
-3.93698
-3.93713
-3.93713
-3.93698
-3.93698
-3.93698
-3.93743
-3.93743
-3.93759
-3.93744
-3.93728
-3.93759
-3.93759
-3.93744
-3.93759
-3.93728
-3.93668
-3.93653
-3.93653
-3.93653
-3.93683
-3.93698
-3.93698
-3.93729
-3.93729
-3.93698
-3.93668
-3.93668
-3.93668
-3.93668
-3.93653
-3.93653
-3.93653
-3.93653
-3.93683
-3.93683
-3.93698
-3.93729
-3.93714
-3.93698
-3.93668
-3.93668
-3.93668
-3.93668
-3.93699
-3.93699
-3.93668
-3.93653
-3.93638
-3.93653
-3.93668
-3.93668
-3.93668
-3.93653
-3.93653
-3.93653
-3.93653
-3.93668
-3.93668
-3.93699
-3.93729
-3.93759
-3.93759
-3.93744
-3.93729
-3.93774
-3.93744
-3.93729
-3.93729
-3.93729
-3.93729
-3.93683
-3.93699
-3.93653
-3.93668
-3.93683
-3.93698
-3.93698
-3.93714
-3.93744
-3.93729
-3.93744
-3.93714
-3.93714
-3.93774
-3.93774
-3.93759
-3.93774
-3.93774
-3.93789
-3.93774
-3.93774
-3.93789
-3.93774
-3.93774
-3.93789
-3.93804
-3.93819
-3.93804
-3.93819
-3.93789
-3.93804
-3.93819
-3.93819
-3.93819
-3.93789
-3.93804
-3.93849
-3.93834
-3.93819
-3.93819
-3.93864
-3.9388
-3.9388
-3.93895
-3.93925
-3.93895
-3.9388
-3.93864
-3.93849
-3.93849
-3.93849
-3.93819
-3.93804
-3.93819
-3.93789
-3.93789
-3.93789
-3.93819
-3.93864
-3.93834
-3.93819
-3.93804
-3.93849
-3.93849
-3.93834
-3.93804
-3.93804
-3.93804
-3.93819
-3.93789
-3.93759
-3.93743
-3.93728
-3.93713
-3.93713
-3.93774
-3.93789
-3.93774
-3.93789
-3.93789
-3.93804
-3.93819
-3.93819
-3.93789
-3.93789
-3.93728
-3.93728
-3.93728
-3.93713
-3.93668
-3.93668
-3.93668
-3.93623
-3.93638
-3.93607
-3.93607
-3.93623
-3.93623
-3.93607
-3.93623
-3.93607
-3.93607
-3.93577
-3.93547
-3.93547
-3.93487
-3.93502
-3.93502
-3.93532
-3.93547
-3.93517
-3.93502
-3.93517
-3.93532
-3.93547
-3.93547
-3.93532
-3.93547
-3.93532
-3.93547
-3.93592
-3.93622
-3.93622
-3.93622
-3.93638
-3.93607
-3.93638
-3.93622
-3.93638
-3.93607
-3.93592
-3.93592
-3.93592
-3.93607
-3.93607
-3.93623
-3.93623
-3.93638
-3.93638
-3.93638
-3.93623
-3.93638
-3.93607
-3.93607
-3.93623
-3.93608
-3.93623
-3.93623
-3.93623
-3.93653
-3.93653
-3.93653
-3.93638
-3.93623
-3.93653
-3.93638
-3.93638
-3.93668
-3.93653
-3.93653
-3.93623
-3.93623
-3.93623
-3.93623
-3.93638
-3.93608
-3.93623
-3.93638
-3.93653
-3.93668
-3.93653
-3.93698
-3.93744
-3.93759
-3.93774
-3.93774
-3.93774
-3.93774
-3.93774
-3.93789
-3.93819
-3.93804
-3.93744
-3.93714
-3.93714
-3.93714
-3.93744
-3.93744
-3.93729
-3.93759
-3.93744
-3.93744
-3.93759
-3.93804
-3.93804
-3.93759
-3.93744
-3.93759
-3.93744
-3.93759
-3.93729
-3.93729
-3.93714
-3.93683
-3.93638
-3.93668
-3.93638
-3.93653
-3.93668
-3.93714
-3.93714
-3.93698
-3.93668
-3.93653
-3.93638
-3.93638
-3.93638
-3.93653
-3.93668
-3.93638
-3.93638
-3.93638
-3.93638
-3.93653
-3.93668
-3.93698
-3.93698
-3.93698
-3.93698
-3.93698
-3.93698
-3.93729
-3.93668
-3.93653
-3.93668
-3.93653
-3.93638
-3.93623
-3.93638
-3.93638
-3.93608
-3.93653
-3.93653
-3.93623
-3.93608
-3.93623
-3.93623
-3.93623
-3.93623
-3.93592
-3.93592
-3.93562
-3.93577
-3.93592
-3.93592
-3.93577
-3.93562
-3.93577
-3.93532
-3.93517
-3.93532
-3.93547
-3.93547
-3.93577
-3.93608
-3.93623
-3.93608
-3.93608
-3.93608
-3.93608
-3.93623
-3.93653
-3.93683
-3.93698
-3.93698
-3.93698
-3.93668
-3.93653
-3.93683
-3.93698
-3.93713
-3.93713
-3.93713
-3.93713
-3.93729
-3.93729
-3.93729
-3.93714
-3.93683
-3.93683
-3.93683
-3.93698
-3.93683
-3.93683
-3.93683
-3.93683
-3.93668
-3.93668
-3.93683
-3.93653
-3.93638
-3.93653
-3.93668
-3.93683
-3.93699
-3.93668
-3.93653
-3.93653
-3.93608
-3.93608
-3.93623
-3.93638
-3.93638
-3.93668
-3.93638
-3.93683
-3.93653
-3.93668
-3.93653
-3.93668
-3.93653
-3.93653
-3.93638
-3.93638
-3.93668
-3.93653
-3.93668
-3.93623
-3.93608
-3.93608
-3.93623
-3.93623
-3.93623
-3.93608
-3.93653
-3.93638
-3.93638
-3.93638
-3.93623
-3.93623
-3.93638
-3.93638
-3.93638
-3.93623
-3.93608
-3.93608
-3.93608
-3.93638
-3.93638
-3.93653
-3.93684
-3.93668
-3.93653
-3.93653
-3.93668
-3.93668
-3.93683
-3.93699
-3.93714
-3.93714
-3.93668
-3.93699
-3.93714
-3.93714
-3.93668
-3.93668
-3.93668
-3.93668
-3.93684
-3.93684
-3.93714
-3.93714
-3.93684
-3.93668
-3.93668
-3.93638
-3.93638
-3.93623
-3.93623
-3.93623
-3.93593
-3.93593
-3.93578
-3.93608
-3.93608
-3.93623
-3.93638
-3.93593
-3.93578
-3.93578
-3.93563
-3.93548
-3.93532
-3.93517
-3.93517
-3.93548
-3.93563
-3.93593
-3.93578
-3.93578
-3.93593
-3.93563
-3.93563
-3.93593
-3.93623
-3.93638
-3.93638
-3.93638
-3.93638
-3.93638
-3.93608
-3.93593
-3.93578
-3.93578
-3.93593
-3.93608
-3.93608
-3.93593
-3.93548
-3.93548
-3.93548
-3.93593
-3.93578
-3.93563
-3.93578
-3.93623
-3.93638
-3.93669
-3.93638
-3.93653
-3.93638
-3.93638
-3.93653
-3.93653
-3.93669
-3.93684
-3.93669
-3.59908
-3.59893
-3.59923
-3.59923
-3.59923
-3.59923
-3.59938
-3.59908
-3.59938
-3.59908
-3.59908
-3.59923
-3.59938
-3.59923
-3.59893
-3.59893
-3.59908
-3.59923
-3.59923
-3.59923
-3.59923
-3.59923
-3.59923
-3.59953
-3.59938
-3.59938
-3.59923
-3.59938
-3.59953
-3.59953
-3.59923
-3.59938
-3.59938
-3.59953
-3.59953
-3.59953
-3.59923
-3.59953
-3.59968
-3.59953
-3.59953
-3.59953
-3.59983
-3.59983
-3.59998
-3.59998
-3.59983
-3.59968
-3.59983
-3.59968
-3.59923
-3.59892
-3.59877
-3.59877
-3.59923
-3.59953
-3.59998
-3.60013
-3.59998
-3.60028
-3.60028
-3.60013
-3.60013
-3.60013
-3.59983
-3.59953
-3.59983
-3.59968
-3.59968
-3.59968
-3.59953
-3.59953
-3.59937
-3.59968
-3.59953
-3.59922
-3.59907
-3.59877
-3.59892
-3.59892
-3.59907
-3.59907
-3.59907
-3.59907
-3.59892
-3.59877
-3.59862
-3.59832
-3.59817
-3.59817
-3.59832
-3.59847
-3.59847
-3.59847
-3.59802
-3.59787
-3.59787
-3.59756
-3.59756
-3.59756
-3.59771
-3.59772
-3.59787
-3.59756
-3.59741
-3.59741
-3.59741
-3.59741
-3.59757
-3.59757
-3.59757
-3.59741
-3.59757
-3.59817
-3.59832
-3.59832
-3.59817
-3.59832
-3.59847
-3.59802
-3.59802
-3.59787
-3.59802
-3.59817
-3.59817
-3.59817
-3.59772
-3.59757
-3.59787
-3.59802
-3.59802
-3.59802
-3.59787
-3.59787
-3.59817
-3.59832
-3.59832
-3.59832
-3.59802
-3.59787
-3.59772
-3.59757
-3.59757
-3.59787
-3.59772
-3.59787
-3.59787
-3.59772
-3.59772
-3.59787
-3.59787
-3.59787
-3.59802
-3.59802
-3.59787
-3.59802
-3.59817
-3.59772
-3.59787
-3.59817
-3.59787
-3.59772
-3.59726
-3.59726
-3.59711
-3.59696
-3.59696
-3.59696
-3.59681
-3.59696
-3.59696
-3.59696
-3.59711
-3.59681
-3.59651
-3.59636
-3.59591
-3.59591
-3.59575
-3.59575
-3.59575
-3.5956
-3.5953
-3.59515
-3.5953
-3.59545
-3.5956
-3.59575
-3.59545
-3.5956
-3.5956
-3.5956
-3.59545
-3.5956
-3.59575
-3.59591
-3.59606
-3.59621
-3.59591
-3.59575
-3.59606
-3.59621
-3.59621
-3.59636
-3.59636
-3.59621
-3.59621
-3.59621
-3.59621
-3.59621
-3.59621
-3.59621
-3.59636
-3.59606
-3.59636
-3.59666
-3.59666
-3.59681
-3.59651
-3.59651
-3.59651
-3.59651
-3.59636
-3.59636
-3.59651
-3.59651
-3.59666
-3.59651
-3.59666
-3.59712
-3.59742
-3.59772
-3.59772
-3.59772
-3.59757
-3.59757
-3.59772
-3.59787
-3.59787
-3.59787
-3.59787
-3.59787
-3.59787
-3.59848
-3.59848
-3.59848
-3.59863
-3.59878
-3.59893
-3.59893
-3.59908
-3.59878
-3.59863
-3.59863
-3.59863
-3.59863
-3.59863
-3.59863
-3.59878
-3.59893
-3.59938
-3.59923
-3.59938
-3.59969
-3.59953
-3.59923
-3.59878
-3.59893
-3.59893
-3.59893
-3.59863
-3.59893
-3.59878
-3.59893
-3.59878
-3.59862
-3.59832
-3.59832
-3.59832
-3.59832
-3.59862
-3.59862
-3.59892
-3.59877
-3.59892
-3.59847
-3.59862
-3.59847
-3.59802
-3.59817
-3.59832
-3.59862
-3.59862
-3.59877
-3.59877
-3.59832
-3.59832
-3.59801
-3.59832
-3.59816
-3.59816
-3.59801
-3.59771
-3.59771
-3.59741
-3.59741
-3.59741
-3.59741
-3.59756
-3.59726
-3.59756
-3.59741
-3.59756
-3.59786
-3.59816
-3.59786
-3.59801
-3.59847
-3.59877
-3.59862
-3.59862
-3.59877
-3.59877
-3.59907
-3.59907
-3.59907
-3.59877
-3.59862
-3.59862
-3.59892
-3.59892
-3.59877
-3.59877
-3.59877
-3.59862
-3.59877
-3.59907
-3.59922
-3.59937
-3.59937
-3.59922
-3.59922
-3.59892
-3.59877
-3.59877
-3.59892
-3.59877
-3.59877
-3.59877
-3.59892
-3.59907
-3.59923
-3.59953
-3.59938
-3.59938
-3.59923
-3.59923
-3.59938
-3.59923
-3.59892
-3.59892
-3.59892
-3.59923
-3.59908
-3.59908
-3.59862
-3.59908
-3.59877
-3.59892
-3.59923
-3.59908
-3.59877
-3.59893
-3.59908
-3.59893
-3.59847
-3.59832
-3.59862
-3.59847
-3.59847
-3.59893
-3.59908
-3.59908
-3.59893
-3.59893
-3.59908
-3.59908
-3.59877
-3.59877
-3.59878
-3.59908
-3.59893
-3.59908
-3.59908
-3.59923
-3.59908
-3.59908
-3.59923
-3.59893
-3.59923
-3.59938
-3.59938
-3.59923
-3.59923
-3.59953
-3.59968
-3.59968
-3.59953
-3.59923
-3.59923
-3.59908
-3.59893
-3.59893
-3.59908
-3.59923
-3.59953
-3.59938
-3.59953
-3.59938
-3.59923
-3.59938
-3.59938
-3.59908
-3.59893
-3.59923
-3.59878
-3.59893
-3.59893
-3.59878
-3.59893
-3.59893
-3.59893
-3.59908
-3.59878
-3.59893
-3.59893
-3.59847
-3.59877
-3.59862
-3.59847
-3.59817
-3.59817
-3.59817
-3.59817
-3.59832
-3.59847
-3.59893
-3.59908
-3.59892
-3.59893
-3.59862
-3.59847
-3.59862
-3.59862
-3.59877
-3.59877
-3.59862
-3.59832
-3.59832
-3.59832
-3.59847
-3.59862
-3.59877
-3.59907
-3.59938
-3.59953
-3.59983
-3.59953
-3.59983
-3.59998
-3.59998
-3.60013
-3.60013
-3.60043
-3.60013
-3.60013
-3.59998
-3.59968
-3.59953
-3.59968
-3.59968
-3.59983
-3.59953
-3.59983
-3.59983
-3.59983
-3.59953
-3.59953
-3.59953
-3.59953
-3.59922
-3.59922
-3.59907
-3.59907
-3.59907
-3.59922
-3.59938
-3.59938
-3.59968
-3.59938
-3.59998
-3.59983
-3.59998
-3.60043
-3.60074
-3.60059
-3.60043
-3.60059
-3.60059
-3.60059
-3.60059
-3.60028
-3.60059
-3.60028
-3.60044
-3.60059
-3.60028
-3.60013
-3.60043
-3.60043
-3.60028
-3.60074
-3.60074
-3.60074
-3.60089
-3.60074
-3.60059
-3.60044
-3.60059
-3.60059
-3.60059
-3.60059
-3.60089
-3.60074
-3.60044
-3.60044
-3.60013
-3.60013
-3.59998
-3.60013
-3.60028
-3.60028
-3.60013
-3.60013
-3.60013
-3.59998
-3.59983
-3.60013
-3.60044
-3.60089
-3.60089
-3.60104
-3.60104
-3.60149
-3.60149
-3.60149
-3.60104
-3.60119
-3.60119
-3.60134
-3.60149
-3.60134
-3.6018
-3.60165
-3.60165
-3.60165
-3.60149
-3.60165
-3.6018
-3.6021
-3.6018
-3.6015
-3.60134
-3.60134
-3.60134
-3.6015
-3.6015
-3.6015
-3.6018
-3.60165
-3.60119
-3.60119
-3.60134
-3.6018
-3.6021
-3.60195
-3.60165
-3.60195
-3.6021
-3.60225
-3.60195
-3.60195
-3.60195
-3.60165
-3.60165
-3.60165
-3.60195
-3.60195
-3.6018
-3.60165
-3.6018
-3.60165
-3.60165
-3.60195
-3.60195
-3.6018
-3.60165
-3.60195
-3.6021
-3.6021
-3.6021
-3.60195
-3.6018
-3.6021
-3.60195
-3.60225
-3.60256
-3.60271
-3.6024
-3.6021
-3.60195
-3.6021
-3.60225
-3.60271
-3.60286
-3.60301
-3.60301
-3.60331
-3.60331
-3.60331
-3.60301
-3.60316
-3.60316
-3.60301
-3.60316
-3.60286
-3.60271
-3.60271
-3.6024
-3.6024
-3.6024
-3.6024
-3.60225
-3.6021
-3.6018
-3.6018
-3.60165
-3.6015
-3.6018
-3.6018
-3.60165
-3.60149
-3.60149
-3.60164
-3.60164
-3.60164
-3.60179
-3.60179
-3.60194
-3.6021
-3.6021
-3.60179
-3.60164
-3.60179
-3.60194
-3.60164
-3.60179
-3.60164
-3.60164
-3.60104
-3.60088
-3.60088
-3.60104
-3.60134
-3.60164
-3.60179
-3.60149
-3.60119
-3.60088
-3.60058
-3.60028
-3.60028
-3.59983
-3.59998
-3.59998
-3.60013
-3.60013
-3.60043
-3.60043
-3.60073
-3.60074
-3.60074
-3.60074
-3.60089
-3.60104
-3.60104
-3.60089
-3.60043
-3.60059
-3.60044
-3.60089
-3.60119
-3.60119
-3.60119
-3.60134
-3.60119
-3.60104
-3.60119
-3.60104
-3.60119
-3.6015
-3.60165
-3.6015
-3.60135
-3.60135
-3.60135
-3.6012
-3.60135
-3.60135
-3.60165
-3.60135
-3.60135
-3.6015
-3.6015
-3.6015
-3.6015
-3.6015
-3.6015
-3.60135
-3.6015
-3.6015
-3.6015
-3.6015
-3.6018
-3.60195
-3.6018
-3.6018
-3.60165
-3.60195
-3.6015
-3.60135
-3.60135
-3.6012
-3.60105
-3.60089
-3.60074
-3.60089
-3.60059
-3.60074
-3.60074
-3.60059
-3.60074
-3.60074
-3.60044
-3.60044
-3.60029
-3.60014
-3.60014
-3.60014
-3.59999
-3.59999
-3.59983
-3.59983
-3.59999
-3.59953
-3.59923
-3.59938
-3.59938
-3.59953
-3.59923
-3.59908
-3.59908
-3.59908
-3.59878
-3.59862
-3.59862
-3.59862
-3.59862
-3.59862
-3.59847
-3.59893
-3.59893
-3.59893
-3.59893
-3.59877
-3.59877
-3.59877
-3.59893
-3.59923
-3.59877
-3.59908
-3.59938
-3.59983
-3.59968
-3.59998
-3.59983
-3.59983
-3.59968
-3.59953
-3.59953
-3.59953
-3.59953
-3.59938
-3.59938
-3.59922
-3.59907
-3.59907
-3.59922
-3.59938
-3.59907
-3.59892
-3.59922
-3.59907
-3.59922
-3.59922
-3.59922
-3.59937
-3.59922
-3.59907
-3.59953
-3.59952
-3.59952
-3.59937
-3.59907
-3.59907
-3.59907
-3.59922
-3.59937
-3.59968
-3.59968
-3.59998
-3.59968
-3.59998
-3.60028
-3.59983
-3.59983
-3.59983
-3.59968
-3.59953
-3.59953
-3.59953
-3.59938
-3.59907
-3.59953
-3.59953
-3.59938
-3.59938
-3.59953
-3.59953
-3.59968
-3.59953
-3.59968
-3.59968
-3.59953
-3.59968
-3.59923
-3.59878
-3.59862
-3.59832
-3.59832
-3.59817
-3.59817
-3.59802
-3.59787
-3.59802
-3.59802
-3.59817
-3.59848
-3.59832
-3.59832
-3.59848
-3.59863
-3.59817
-3.59833
-3.59833
-3.59817
-3.59802
-3.59787
-3.59787
-3.59757
-3.59772
-3.59787
-3.59802
-3.59787
-3.59772
-3.59787
-3.59772
-3.59742
-3.59742
-3.59727
-3.59727
-3.59727
-3.59711
-3.59727
-3.59711
-3.59711
-3.59696
-3.59742
-3.59742
-3.59742
-3.59741
-3.59741
-3.59741
-3.59772
-3.59772
-3.59802
-3.59802
-3.59772
-3.59772
-3.59756
-3.59741
-3.59741
-3.59726
-3.59696
-3.59681
-3.59681
-3.59696
-3.59696
-3.59726
-3.59756
-3.59772
-3.59772
-3.59787
-3.59772
-3.59787
-3.59802
-3.59772
-3.59787
-3.59802
-3.59787
-3.59802
-3.59742
-3.59726
-3.59711
-3.59711
-3.59681
-3.59696
-3.59696
-3.59696
-3.59681
-3.59636
-3.59606
-3.59606
-3.59636
-3.59651
-3.59681
-3.59727
-3.59742
-3.59742
-3.59727
-3.59712
-3.59712
-3.59742
-3.59727
-3.59757
-3.59757
-3.59742
-3.59742
-3.59757
-3.59772
-3.59757
-3.59787
-3.59757
-3.59742
-3.59712
-3.59742
-3.59742
-3.59727
-3.59742
-3.59787
-3.59802
-3.59787
-3.59787
-3.59817
-3.59847
-3.59863
-3.59863
-3.59847
-3.59847
-3.59847
-3.59863
-3.59878
-3.59878
-3.59863
-3.59863
-3.59863
-3.59878
-3.59863
-3.59893
-3.59908
-3.59908
-3.59938
-3.59923
-3.59893
-3.59893
-3.59893
-3.59862
-3.59893
-3.59878
-3.59893
-3.46912
-3.46897
-3.46897
-3.46897
-3.46927
-3.46927
-3.46912
-3.46927
-3.46957
-3.46957
-3.46942
-3.46942
-3.46942
-3.46927
-3.46911
-3.46927
-3.46851
-3.46866
-3.46851
-3.46836
-3.46821
-3.46806
-3.46821
-3.4679
-3.4679
-3.46806
-3.46836
-3.46836
-3.46851
-3.46851
-3.46866
-3.46836
-3.46821
-3.46836
-3.46821
-3.46851
-3.46851
-3.46881
-3.46881
-3.46866
-3.46851
-3.46851
-3.46821
-3.46821
-3.46776
-3.46776
-3.46776
-3.46745
-3.46776
-3.46791
-3.46761
-3.46746
-3.4673
-3.46746
-3.46746
-3.46761
-3.46761
-3.46761
-3.46791
-3.46791
-3.46791
-3.46821
-3.46806
-3.46791
-3.46791
-3.46791
-3.46776
-3.46776
-3.46791
-3.46761
-3.46761
-3.46761
-3.46821
-3.46821
-3.46837
-3.46867
-3.46837
-3.46806
-3.46806
-3.46806
-3.46821
-3.46821
-3.46837
-3.46837
-3.46806
-3.46806
-3.46791
-3.46806
-3.46821
-3.46806
-3.46791
-3.46761
-3.46776
-3.46776
-3.46791
-3.46806
-3.46837
-3.46821
-3.46836
-3.46806
-3.46806
-3.46746
-3.46806
-3.46821
-3.46806
-3.46806
-3.46821
-3.46821
-3.46806
-3.46791
-3.46806
-3.46791
-3.46806
-3.46761
-3.46776
-3.46761
-3.46761
-3.46731
-3.46761
-3.46761
-3.46776
-3.46761
-3.46791
-3.46791
-3.46791
-3.46776
-3.46776
-3.46791
-3.46791
-3.46776
-3.46776
-3.46806
-3.46806
-3.46791
-3.46806
-3.46791
-3.46806
-3.46821
-3.46836
-3.46852
-3.46867
-3.46852
-3.46852
-3.46867
-3.46867
-3.46867
-3.46867
-3.46836
-3.46821
-3.46806
-3.46837
-3.46821
-3.46837
-3.46806
-3.46806
-3.46837
-3.46852
-3.46852
-3.46867
-3.46837
-3.46837
-3.46852
-3.46837
-3.46837
-3.46807
-3.46807
-3.46822
-3.46837
-3.46837
-3.46837
-3.46837
-3.46852
-3.46852
-3.46822
-3.46822
-3.46837
-3.46776
-3.46761
-3.46761
-3.46731
-3.46731
-3.46686
-3.4664
-3.4661
-3.4661
-3.4661
-3.46625
-3.46595
-3.46595
-3.46625
-3.4664
-3.4667
-3.46655
-3.4661
-3.4661
-3.46625
-3.46625
-3.4661
-3.4664
-3.4667
-3.46685
-3.46685
-3.46716
-3.46685
-3.4667
-3.4664
-3.4664
-3.4664
-3.4664
-3.4664
-3.46625
-3.4664
-3.4664
-3.4664
-3.46655
-3.4667
-3.46609
-3.46609
-3.46609
-3.46594
-3.46594
-3.46594
-3.46624
-3.46639
-3.46654
-3.46639
-3.46639
-3.46654
-3.46639
-3.46609
-3.46594
-3.46594
-3.46579
-3.46579
-3.46594
-3.46594
-3.46594
-3.46579
-3.46564
-3.46533
-3.46564
-3.46548
-3.46564
-3.46564
-3.46579
-3.46564
-3.46609
-3.46624
-3.46609
-3.46609
-3.46639
-3.46639
-3.46624
-3.46654
-3.46639
-3.46639
-3.46624
-3.46639
-3.46609
-3.46639
-3.46639
-3.46655
-3.4667
-3.46655
-3.46594
-3.46594
-3.46579
-3.46579
-3.46564
-3.46594
-3.46579
-3.46579
-3.46579
-3.46549
-3.46549
-3.46534
-3.46564
-3.46534
-3.46519
-3.46504
-3.46504
-3.46519
-3.46534
-3.46534
-3.4655
-3.4655
-3.4658
-3.46595
-3.4661
-3.4661
-3.4661
-3.46625
-3.4664
-3.46686
-3.46671
-3.46625
-3.46641
-3.46671
-3.46656
-3.46671
-3.46641
-3.4661
-3.46641
-3.46641
-3.46641
-3.46641
-3.4661
-3.46626
-3.46641
-3.46656
-3.46671
-3.46671
-3.46671
-3.46686
-3.46671
-3.46671
-3.46671
-3.46686
-3.46626
-3.46656
-3.46641
-3.46656
-3.46671
-3.46671
-3.46671
-3.46656
-3.46641
-3.46686
-3.46671
-3.46686
-3.46686
-3.46686
-3.46701
-3.46701
-3.46716
-3.46716
-3.46731
-3.46746
-3.46716
-3.46731
-3.46731
-3.46701
-3.46716
-3.46716
-3.46701
-3.46701
-3.46701
-3.46656
-3.46686
-3.46686
-3.46686
-3.46701
-3.46671
-3.46671
-3.46655
-3.4664
-3.46625
-3.4664
-3.46625
-3.4661
-3.46595
-3.46595
-3.4661
-3.46625
-3.46625
-3.4664
-3.46655
-3.4667
-3.46686
-3.46655
-3.46655
-3.46686
-3.46701
-3.46701
-3.46701
-3.46701
-3.46701
-3.46716
-3.46716
-3.46716
-3.46701
-3.46746
-3.46731
-3.46701
-3.46686
-3.46701
-3.46655
-3.4664
-3.46686
-3.4667
-3.46701
-3.46731
-3.46746
-3.46776
-3.46791
-3.46791
-3.46822
-3.46837
-3.46837
-3.46791
-3.46822
-3.46806
-3.46837
-3.46821
-3.46821
-3.46837
-3.46821
-3.46821
-3.46806
-3.46791
-3.46776
-3.46776
-3.46776
-3.46791
-3.46791
-3.46776
-3.46791
-3.46761
-3.46731
-3.46761
-3.46761
-3.46791
-3.46776
-3.46791
-3.46776
-3.46761
-3.46776
-3.46761
-3.46776
-3.46821
-3.46851
-3.46866
-3.46866
-3.46866
-3.46866
-3.46866
-3.46851
-3.46866
-3.46851
-3.46821
-3.46821
-3.46821
-3.46821
-3.46836
-3.46836
-3.46851
-3.46836
-3.46866
-3.46866
-3.46881
-3.46881
-3.46881
-3.46851
-3.46866
-3.46866
-3.46866
-3.46851
-3.46836
-3.46821
-3.46851
-3.46806
-3.46821
-3.46791
-3.46791
-3.46776
-3.46791
-3.46761
-3.46746
-3.4673
-3.46715
-3.46761
-3.46776
-3.46761
-3.46746
-3.46746
-3.46746
-3.46746
-3.46761
-3.46761
-3.46761
-3.46761
-3.46761
-3.46746
-3.46761
-3.46761
-3.46761
-3.46761
-3.46791
-3.46776
-3.46776
-3.46791
-3.46791
-3.46761
-3.46761
-3.46746
-3.46776
-3.46791
-3.46746
-3.46776
-3.46776
-3.46776
-3.46746
-3.46746
-3.46746
-3.46731
-3.46685
-3.46716
-3.46715
-3.46746
-3.46746
-3.46731
-3.46761
-3.46761
-3.46776
-3.46776
-3.46776
-3.46746
-3.46746
-3.46746
-3.46746
-3.46731
-3.46746
-3.46761
-3.46761
-3.4673
-3.46761
-3.46746
-3.46746
-3.46776
-3.46836
-3.46791
-3.46806
-3.46806
-3.46791
-3.46836
-3.46836
-3.46836
-3.46791
-3.46776
-3.46791
-3.46791
-3.46791
-3.46806
-3.46806
-3.46821
-3.46806
-3.46806
-3.46836
-3.46836
-3.46821
-3.46836
-3.46821
-3.46836
-3.46836
-3.46806
-3.46761
-3.46761
-3.46776
-3.46791
-3.46806
-3.46776
-3.46791
-3.46806
-3.46806
-3.46791
-3.46806
-3.46776
-3.46746
-3.46746
-3.46776
-3.46791
-3.46806
-3.46761
-3.46776
-3.46776
-3.46791
-3.46791
-3.46821
-3.46852
-3.46867
-3.46867
-3.46851
-3.46851
-3.46912
-3.46897
-3.46897
-3.46867
-3.46867
-3.46852
-3.46852
-3.46806
-3.46806
-3.46806
-3.46806
-3.46791
-3.46806
-3.46806
-3.46776
-3.46791
-3.46806
-3.46776
-3.46776
-3.46791
-3.46791
-3.46791
-3.46791
-3.46746
-3.46746
-3.4673
-3.46746
-3.46746
-3.4673
-3.46715
-3.4673
-3.46746
-3.46776
-3.46791
-3.46745
-3.46745
-3.46715
-3.46715
-3.467
-3.4667
-3.46655
-3.46655
-3.4664
-3.46625
-3.46624
-3.46609
-3.46609
-3.46624
-3.4664
-3.46639
-3.46655
-3.46655
-3.46655
-3.4667
-3.46655
-3.4667
-3.46685
-3.4667
-3.467
-3.4673
-3.4673
-3.46715
-3.467
-3.467
-3.46685
-3.4673
-3.46745
-3.4676
-3.46745
-3.4673
-3.46715
-3.46685
-3.46715
-3.46685
-3.4667
-3.4667
-3.467
-3.46685
-3.46685
-3.46685
-3.467
-3.467
-3.46685
-3.4667
-3.46624
-3.46609
-3.46594
-3.46594
-3.46594
-3.46594
-3.46594
-3.46579
-3.46579
-3.46594
-3.46579
-3.46564
-3.46534
-3.46549
-3.46564
-3.46595
-3.46579
-3.46579
-3.46579
-3.46564
-3.46564
-3.46579
-3.46579
-3.46549
-3.46534
-3.46564
-3.46564
-3.46595
-3.46579
-3.46579
-3.46564
-3.46579
-3.46549
-3.4661
-3.46579
-3.46564
-3.46534
-3.46534
-3.46534
-3.46519
-3.46534
-3.46564
-3.46549
-3.46564
-3.46579
-3.46594
-3.46594
-3.46594
-3.46625
-3.46594
-3.46594
-3.46625
-3.46625
-3.46625
-3.4667
-3.467
-3.46685
-3.46685
-3.467
-3.46745
-3.46776
-3.4676
-3.46776
-3.46791
-3.46745
-3.46745
-3.4673
-3.4673
-3.46715
-3.46715
-3.46745
-3.46775
-3.46791
-3.46791
-3.46791
-3.46806
-3.46806
-3.46775
-3.46745
-3.4676
-3.46745
-3.4676
-3.46745
-3.4676
-3.4676
-3.4679
-3.46821
-3.46821
-3.46836
-3.46836
-3.46851
-3.46851
-3.46896
-3.46896
-3.46881
-3.46881
-3.46851
-3.46896
-3.46866
-3.46866
-3.46851
-3.46836
-3.46851
-3.46821
-3.46836
-3.46851
-3.46836
-3.46821
-3.46821
-3.46851
-3.46851
-3.46806
-3.46806
-3.46775
-3.46806
-3.46806
-3.46806
-3.46806
-3.46806
-3.46806
-3.46791
-3.46806
-3.46821
-3.46821
-3.46836
-3.46836
-3.46836
-3.46851
-3.46881
-3.46866
-3.46851
-3.46851
-3.46866
-3.46836
-3.46806
-3.46791
-3.46806
-3.46791
-3.46791
-3.46791
-3.46806
-3.46806
-3.46776
-3.46791
-3.46821
-3.46821
-3.46836
-3.46851
-3.46836
-3.46851
-3.46851
-3.46897
-3.46882
-3.46866
-3.46836
-3.46821
-3.46821
-3.46821
-3.46821
-3.46821
-3.46821
-3.46821
-3.46806
-3.46806
-3.46806
-3.46791
-3.46776
-3.46791
-3.46806
-3.46791
-3.46821
-3.46806
-3.46821
-3.46791
-3.46806
-3.46806
-3.46867
-3.46882
-3.46897
-3.46852
-3.46852
-3.46867
-3.46852
-3.46852
-3.46867
-3.46867
-3.46867
-3.46836
-3.46806
-3.46836
-3.46821
-3.46821
-3.46837
-3.46837
-3.46867
-3.46882
-3.46912
-3.46927
-3.46897
-3.46957
-3.46942
-3.46942
-3.46957
-3.46942
-3.46912
-3.46912
-3.46867
-3.46882
-3.46882
-3.46882
-3.46867
-3.46852
-3.46867
-3.46912
-3.46882
-3.46897
-3.46912
-3.46957
-3.46942
-3.46927
-3.46927
-3.46897
-3.46867
-3.46867
-3.46867
-3.46882
-3.46867
-3.46912
-3.46882
-3.46897
-3.46866
-3.46866
-3.46821
-3.46791
-3.46791
-3.46776
-3.46791
-3.46806
-3.46761
-3.46761
-3.46746
-3.46761
-3.46761
-3.46761
-3.46746
-3.46761
-3.46776
-3.46776
-3.46776
-3.46791
-3.46791
-3.46821
-3.46821
-3.46806
-3.46761
-3.46776
-3.46806
-3.46806
-3.46821
-3.46806
-3.46776
-3.46791
-3.46791
-3.46791
-3.46806
-3.46791
-3.46806
-3.46837
-3.46837
-3.46837
-3.46837
-3.46852
-3.46852
-3.46852
-3.46837
-3.46806
-3.46791
-3.46791
-3.46791
-3.46822
-3.46806
-3.46791
-3.46776
-3.46791
-3.46806
-3.46776
-3.46776
-3.46761
-3.46761
-3.46776
-3.46761
-3.46791
-3.46806
-3.46791
-3.46791
-3.46791
-3.46821
-3.46821
-3.46791
-3.46746
-3.46746
-3.46746
-3.46761
-3.46761
-3.46761
-3.46746
-3.46715
-3.46745
-3.46745
-3.46745
-3.4673
-3.46745
-3.4673
-3.46715
-3.4673
-3.4673
-3.46715
-3.46715
-3.4673
-3.46715
-3.4676
-3.4676
-3.46745
-3.46776
-3.46776
-3.46791
-3.46791
-3.46776
-3.4676
-3.46776
-3.4676
-3.46791
-3.46821
-3.35542
-3.35527
-3.35482
-3.35497
-3.35482
-3.35467
-3.35482
-3.35467
-3.35482
-3.35467
-3.35482
-3.35482
-3.35452
-3.35497
-3.35497
-3.35497
-3.35482
-3.35482
-3.35467
-3.35452
-3.35482
-3.35467
-3.35482
-3.35482
-3.35482
-3.35497
-3.35512
-3.35512
-3.35543
-3.35558
-3.35543
-3.35543
-3.35543
-3.35527
-3.35497
-3.35467
-3.35482
-3.35467
-3.35467
-3.35482
-3.35497
-3.35512
-3.35543
-3.35543
-3.35543
-3.35528
-3.35528
-3.35513
-3.35513
-3.35497
-3.35467
-3.35482
-3.35497
-3.35482
-3.35497
-3.35543
-3.35513
-3.35497
-3.35467
-3.35482
-3.35482
-3.35467
-3.35482
-3.35497
-3.35512
-3.35482
-3.35452
-3.35407
-3.35361
-3.35361
-3.35346
-3.35331
-3.35346
-3.35376
-3.35361
-3.35316
-3.35316
-3.35316
-3.35316
-3.35316
-3.35346
-3.35346
-3.35346
-3.35316
-3.35316
-3.35301
-3.35301
-3.35285
-3.35285
-3.35316
-3.35316
-3.35316
-3.35316
-3.35316
-3.353
-3.3527
-3.3527
-3.35255
-3.35195
-3.35195
-3.35195
-3.35195
-3.3521
-3.3521
-3.35225
-3.3524
-3.3524
-3.3524
-3.35225
-3.3524
-3.35225
-3.35225
-3.3524
-3.35225
-3.35255
-3.35255
-3.3524
-3.35285
-3.3533
-3.35346
-3.3533
-3.35361
-3.35391
-3.35406
-3.35391
-3.35391
-3.35391
-3.35391
-3.35391
-3.35391
-3.35406
-3.35406
-3.35391
-3.35391
-3.35376
-3.3536
-3.35345
-3.35406
-3.35391
-3.35391
-3.35421
-3.35406
-3.35421
-3.35466
-3.35451
-3.35466
-3.35451
-3.35451
-3.35451
-3.35481
-3.35481
-3.35466
-3.35497
-3.35497
-3.35481
-3.35466
-3.35451
-3.35421
-3.35391
-3.35406
-3.35421
-3.35391
-3.35391
-3.35406
-3.35391
-3.35391
-3.35376
-3.35361
-3.35406
-3.35391
-3.35391
-3.35391
-3.35406
-3.35467
-3.35512
-3.35512
-3.35512
-3.35543
-3.35543
-3.35558
-3.35588
-3.35588
-3.35618
-3.35603
-3.35603
-3.35588
-3.35603
-3.35618
-3.35633
-3.35618
-3.35618
-3.35588
-3.35573
-3.35573
-3.35558
-3.35558
-3.35573
-3.35543
-3.35513
-3.35528
-3.35573
-3.35603
-3.35618
-3.35618
-3.35588
-3.35603
-3.35603
-3.35618
-3.35603
-3.35588
-3.35603
-3.35573
-3.35588
-3.35588
-3.35588
-3.35648
-3.35633
-3.35648
-3.35648
-3.35633
-3.35648
-3.35648
-3.35663
-3.35603
-3.35588
-3.35558
-3.35542
-3.35573
-3.35573
-3.35558
-3.35558
-3.35588
-3.35633
-3.35633
-3.35633
-3.35633
-3.35648
-3.35693
-3.35693
-3.35648
-3.35678
-3.35648
-3.35618
-3.35633
-3.35633
-3.35618
-3.35588
-3.35573
-3.35618
-3.35618
-3.35573
-3.35588
-3.35588
-3.35588
-3.35557
-3.35557
-3.35557
-3.35542
-3.35482
-3.35497
-3.35512
-3.35467
-3.35437
-3.35467
-3.35467
-3.35482
-3.35467
-3.35452
-3.35467
-3.35482
-3.35497
-3.35497
-3.35512
-3.35512
-3.35512
-3.35467
-3.35467
-3.35452
-3.35422
-3.35406
-3.35376
-3.35331
-3.35301
-3.3527
-3.35255
-3.35255
-3.35225
-3.3524
-3.3524
-3.35255
-3.35255
-3.3527
-3.35285
-3.35346
-3.35361
-3.35391
-3.35391
-3.35391
-3.35391
-3.35406
-3.35436
-3.35436
-3.35451
-3.35482
-3.35482
-3.35482
-3.35482
-3.35482
-3.35482
-3.35482
-3.35451
-3.35421
-3.35421
-3.35421
-3.35451
-3.35451
-3.35406
-3.35406
-3.35376
-3.35376
-3.35376
-3.35376
-3.35391
-3.35376
-3.35376
-3.35406
-3.35391
-3.35376
-3.35361
-3.35391
-3.35406
-3.35406
-3.35421
-3.35391
-3.35376
-3.35361
-3.35376
-3.35391
-3.35391
-3.35376
-3.35376
-3.35346
-3.35361
-3.35376
-3.35407
-3.35407
-3.35407
-3.35407
-3.35422
-3.35422
-3.35422
-3.35376
-3.35392
-3.35392
-3.35392
-3.35376
-3.35376
-3.35361
-3.35346
-3.35376
-3.35391
-3.35391
-3.35407
-3.35376
-3.35346
-3.35346
-3.35286
-3.35271
-3.35255
-3.35255
-3.35225
-3.3521
-3.3527
-3.3524
-3.35225
-3.35225
-3.35255
-3.35255
-3.35255
-3.3524
-3.3524
-3.35225
-3.3524
-3.35255
-3.35255
-3.3527
-3.3527
-3.3527
-3.35255
-3.3524
-3.3524
-3.35255
-3.3524
-3.3521
-3.3521
-3.35225
-3.35255
-3.35255
-3.35255
-3.35301
-3.35361
-3.35316
-3.35301
-3.35301
-3.3527
-3.35255
-3.35286
-3.35286
-3.3527
-3.35286
-3.35286
-3.35301
-3.35301
-3.35286
-3.35286
-3.35316
-3.35286
-3.3527
-3.35286
-3.35286
-3.35271
-3.35316
-3.35331
-3.35361
-3.35346
-3.35346
-3.35331
-3.35331
-3.35361
-3.35376
-3.35407
-3.35437
-3.35422
-3.35422
-3.35467
-3.35422
-3.35422
-3.35452
-3.35467
-3.35497
-3.35512
-3.35527
-3.35542
-3.35527
-3.35542
-3.35512
-3.35542
-3.35527
-3.35527
-3.35542
-3.35573
-3.35527
-3.35527
-3.35542
-3.35542
-3.35542
-3.35512
-3.35557
-3.35573
-3.35573
-3.35557
-3.35527
-3.35512
-3.35512
-3.35512
-3.35482
-3.35497
-3.35482
-3.35497
-3.35482
-3.35497
-3.35467
-3.35452
-3.35422
-3.35422
-3.35437
-3.35437
-3.35452
-3.35467
-3.35482
-3.35482
-3.35467
-3.35497
-3.35497
-3.35512
-3.35528
-3.35513
-3.35482
-3.35482
-3.35452
-3.35482
-3.35513
-3.35543
-3.35558
-3.35558
-3.35558
-3.35558
-3.35558
-3.35543
-3.35497
-3.35497
-3.35543
-3.35527
-3.35527
-3.35527
-3.35497
-3.35497
-3.35497
-3.35512
-3.35512
-3.35527
-3.35558
-3.35573
-3.35542
-3.35527
-3.35512
-3.35497
-3.35527
-3.35542
-3.35527
-3.35512
-3.35542
-3.35527
-3.35527
-3.35542
-3.35527
-3.35543
-3.35588
-3.35558
-3.35573
-3.35558
-3.35573
-3.35573
-3.35588
-3.35588
-3.35618
-3.35603
-3.35634
-3.35634
-3.35619
-3.35619
-3.35619
-3.35634
-3.35634
-3.35634
-3.35604
-3.35604
-3.35589
-3.35574
-3.35574
-3.35543
-3.35528
-3.35558
-3.35574
-3.35574
-3.35589
-3.35634
-3.35619
-3.35619
-3.35589
-3.35574
-3.35574
-3.35558
-3.35513
-3.35498
-3.35483
-3.35498
-3.35422
-3.35437
-3.35422
-3.35422
-3.35392
-3.35377
-3.35407
-3.35407
-3.35377
-3.35362
-3.35362
-3.35377
-3.35407
-3.35392
-3.35437
-3.35422
-3.35407
-3.35392
-3.35407
-3.35392
-3.35392
-3.35422
-3.35437
-3.35452
-3.35437
-3.35467
-3.35467
-3.35467
-3.35452
-3.35437
-3.35467
-3.35482
-3.35497
-3.35527
-3.35527
-3.35557
-3.35542
-3.35527
-3.35497
-3.35512
-3.35527
-3.35542
-3.35527
-3.35512
-3.35512
-3.35512
-3.35497
-3.35512
-3.35512
-3.35467
-3.35482
-3.35421
-3.35436
-3.35436
-3.35436
-3.35482
-3.35512
-3.35497
-3.35482
-3.35482
-3.35497
-3.35512
-3.35482
-3.35482
-3.35497
-3.35497
-3.35497
-3.35497
-3.35527
-3.35542
-3.35558
-3.35542
-3.35512
-3.35512
-3.35512
-3.35527
-3.35482
-3.35482
-3.35482
-3.35497
-3.35513
-3.35513
-3.35543
-3.35528
-3.35543
-3.35528
-3.35573
-3.35558
-3.35558
-3.35558
-3.35558
-3.35558
-3.35558
-3.35543
-3.35558
-3.35528
-3.35468
-3.35437
-3.35453
-3.35453
-3.35453
-3.35407
-3.35407
-3.35392
-3.35407
-3.35407
-3.35437
-3.35422
-3.35422
-3.35407
-3.35407
-3.35407
-3.35422
-3.35452
-3.35422
-3.35407
-3.35437
-3.35422
-3.35437
-3.35422
-3.35407
-3.35422
-3.35377
-3.35376
-3.35376
-3.35392
-3.35407
-3.35407
-3.35407
-3.35406
-3.35406
-3.35482
-3.35452
-3.35437
-3.35406
-3.35376
-3.35376
-3.35361
-3.35376
-3.35391
-3.35376
-3.35376
-3.35376
-3.35376
-3.35361
-3.35391
-3.35391
-3.35376
-3.35376
-3.35391
-3.35361
-3.35361
-3.35331
-3.35361
-3.35376
-3.35361
-3.35376
-3.35376
-3.35376
-3.35391
-3.35421
-3.35452
-3.35437
-3.35452
-3.35467
-3.35497
-3.35467
-3.35467
-3.35467
-3.35467
-3.35467
-3.35467
-3.35467
-3.35482
-3.35467
-3.35482
-3.35482
-3.35482
-3.35467
-3.35467
-3.35467
-3.35467
-3.35467
-3.35497
-3.35497
-3.35497
-3.35512
-3.35527
-3.35527
-3.35512
-3.35497
-3.35452
-3.35467
-3.35452
-3.35422
-3.35437
-3.35422
-3.35407
-3.35407
-3.35422
-3.35407
-3.35361
-3.35391
-3.35406
-3.35406
-3.35422
-3.35422
-3.35361
-3.35361
-3.35391
-3.35391
-3.35437
-3.35452
-3.35467
-3.35467
-3.35497
-3.35497
-3.35527
-3.35527
-3.35482
-3.35497
-3.35497
-3.35497
-3.35497
-3.35527
-3.35527
-3.35542
-3.35542
-3.35497
-3.35497
-3.35497
-3.35482
-3.35512
-3.35497
-3.35482
-3.35482
-3.35497
-3.35497
-3.35482
-3.35497
-3.35497
-3.35497
-3.35512
-3.35467
-3.35467
-3.35482
-3.35467
-3.35421
-3.35406
-3.35436
-3.35436
-3.35452
-3.35437
-3.35361
-3.35391
-3.35361
-3.35346
-3.35346
-3.35346
-3.35346
-3.35361
-3.35346
-3.35376
-3.35376
-3.35376
-3.35361
-3.35376
-3.35361
-3.35361
-3.35361
-3.35361
-3.35391
-3.35376
-3.35376
-3.35406
-3.35421
-3.35421
-3.35421
-3.35406
-3.35421
-3.35376
-3.35391
-3.35406
-3.35406
-3.35376
-3.35361
-3.35376
-3.35346
-3.35316
-3.35331
-3.35316
-3.35361
-3.35376
-3.35361
-3.35361
-3.35346
-3.35346
-3.35346
-3.35361
-3.35391
-3.353
-3.35285
-3.3527
-3.3527
-3.35285
-3.353
-3.35331
-3.35361
-3.35346
-3.35346
-3.35361
-3.35346
-3.35301
-3.35301
-3.35285
-3.3527
-3.35255
-3.35285
-3.35285
-3.35285
-3.35285
-3.3527
-3.35285
-3.35301
-3.35331
-3.35301
-3.35285
-3.3527
-3.3521
-3.35165
-3.35195
-3.35195
-3.35195
-3.3521
-3.3521
-3.3518
-3.3518
-3.35195
-3.35165
-3.3518
-3.35195
-3.35225
-3.35225
-3.35225
-3.35225
-3.35255
-3.3524
-3.35301
-3.35255
-3.35256
-3.35256
-3.35301
-3.35301
-3.35301
-3.35301
-3.35256
-3.35286
-3.35301
-3.35286
-3.35286
-3.35316
-3.35316
-3.35301
-3.35316
-3.35301
-3.35361
-3.35361
-3.35376
-3.35331
-3.35361
-3.35392
-3.35392
-3.35407
-3.35407
-3.35376
-3.35361
-3.35361
-3.35377
-3.35422
-3.35467
-3.35452
-3.35482
-3.35467
-3.35437
-3.35437
-3.35422
-3.35422
-3.35407
-3.35407
-3.35392
-3.35377
-3.35377
-3.35407
-3.35377
-3.35392
-3.35407
-3.35392
-3.35407
-3.35422
-3.35422
-3.35422
-3.35422
-3.35437
-3.35437
-3.35452
-3.35422
-3.35422
-3.35437
-3.35407
-3.35392
-3.35392
-3.35377
-3.35346
-3.35346
-3.35377
-3.35407
-3.35392
-3.35392
-3.35392
-3.35377
-3.35346
-3.35316
-3.35301
-3.35271
-3.35271
-3.35331
-3.35361
-3.35346
-3.35331
-3.35316
-3.35316
-3.35316
-3.35316
-3.46617
-3.46617
-3.46647
-3.46632
-3.46617
-3.46602
-3.46632
-3.46662
-3.46662
-3.46662
-3.46662
-3.46677
-3.46677
-3.46707
-3.46707
-3.46707
-3.46722
-3.46722
-3.46722
-3.46752
-3.46752
-3.46722
-3.46722
-3.46707
-3.46677
-3.46707
-3.46707
-3.46677
-3.46647
-3.46616
-3.46616
-3.46631
-3.46647
-3.46677
-3.46707
-3.46737
-3.46692
-3.46677
-3.46692
-3.46692
-3.46692
-3.46722
-3.46707
-3.46707
-3.46707
-3.46662
-3.46707
-3.46692
-3.46737
-3.46722
-3.46707
-3.46692
-3.46692
-3.46692
-3.46722
-3.46707
-3.46707
-3.46707
-3.46692
-3.46692
-3.46692
-3.46662
-3.46647
-3.46632
-3.46571
-3.46602
-3.46602
-3.46587
-3.46572
-3.46556
-3.46572
-3.46572
-3.46541
-3.46511
-3.46526
-3.46542
-3.46542
-3.46542
-3.46527
-3.46511
-3.46527
-3.46527
-3.46527
-3.46557
-3.46572
-3.46557
-3.46527
-3.46511
-3.46496
-3.46511
-3.46527
-3.46542
-3.46572
-3.46542
-3.46542
-3.46511
-3.46527
-3.46557
-3.46557
-3.46557
-3.46557
-3.46542
-3.46542
-3.46512
-3.46527
-3.46542
-3.46542
-3.46557
-3.46572
-3.46572
-3.46587
-3.46647
-3.46647
-3.46663
-3.46647
-3.46632
-3.46647
-3.46602
-3.46617
-3.46617
-3.46617
-3.46617
-3.46663
-3.46647
-3.46647
-3.46647
-3.46663
-3.46678
-3.46678
-3.46678
-3.46663
-3.46663
-3.46678
-3.46678
-3.46678
-3.46678
-3.46678
-3.46678
-3.46693
-3.46678
-3.46663
-3.46693
-3.46708
-3.46693
-3.46678
-3.46663
-3.46678
-3.46663
-3.46647
-3.46632
-3.46663
-3.46678
-3.46678
-3.46663
-3.46647
-3.46632
-3.46617
-3.46617
-3.46617
-3.46617
-3.46602
-3.46602
-3.46602
-3.46617
-3.46602
-3.46602
-3.46617
-3.46632
-3.46662
-3.46662
-3.46632
-3.46647
-3.46677
-3.46677
-3.46662
-3.46677
-3.46677
-3.46693
-3.46693
-3.46693
-3.46693
-3.46678
-3.46693
-3.46738
-3.46738
-3.46723
-3.46708
-3.46708
-3.46693
-3.46693
-3.46693
-3.46708
-3.46693
-3.46708
-3.46708
-3.46678
-3.46693
-3.46662
-3.46678
-3.46662
-3.46678
-3.46678
-3.46662
-3.46677
-3.46693
-3.46723
-3.46738
-3.46723
-3.46738
-3.46708
-3.46708
-3.46677
-3.46647
-3.46617
-3.46602
-3.46602
-3.46647
-3.46677
-3.46662
-3.46692
-3.46707
-3.46722
-3.46707
-3.46707
-3.46707
-3.46722
-3.46753
-3.46768
-3.46753
-3.46753
-3.46738
-3.46722
-3.46738
-3.46738
-3.46753
-3.46753
-3.46768
-3.46768
-3.46783
-3.46783
-3.46783
-3.46798
-3.46798
-3.46798
-3.46813
-3.46828
-3.46828
-3.46843
-3.46843
-3.46889
-3.46859
-3.46813
-3.46844
-3.46844
-3.46828
-3.46798
-3.46783
-3.46798
-3.46798
-3.46798
-3.46783
-3.46753
-3.46738
-3.46738
-3.46768
-3.46783
-3.46768
-3.46738
-3.46693
-3.46678
-3.46693
-3.46693
-3.46723
-3.46708
-3.46723
-3.46723
-3.46738
-3.46753
-3.46753
-3.46753
-3.46768
-3.46783
-3.46783
-3.46798
-3.46829
-3.46814
-3.46814
-3.46814
-3.46814
-3.46798
-3.46798
-3.46829
-3.46814
-3.46829
-3.46859
-3.46859
-3.46813
-3.46814
-3.46829
-3.46829
-3.46829
-3.46798
-3.46829
-3.46814
-3.46814
-3.46783
-3.46783
-3.46768
-3.46738
-3.46723
-3.46693
-3.46723
-3.46753
-3.46738
-3.46738
-3.46753
-3.46753
-3.46753
-3.46738
-3.46738
-3.46768
-3.46753
-3.46768
-3.46738
-3.46738
-3.46738
-3.46723
-3.46708
-3.46708
-3.46738
-3.46753
-3.46768
-3.46784
-3.46784
-3.46768
-3.46829
-3.46844
-3.46844
-3.46829
-3.46844
-3.46844
-3.46889
-3.4692
-3.46904
-3.46874
-3.46874
-3.46829
-3.46829
-3.46829
-3.46844
-3.46844
-3.46874
-3.46889
-3.46874
-3.46874
-3.46874
-3.46874
-3.46859
-3.46859
-3.46844
-3.46874
-3.46874
-3.46874
-3.46889
-3.46874
-3.46874
-3.46889
-3.46904
-3.46904
-3.46904
-3.46874
-3.46889
-3.46859
-3.46874
-3.46889
-3.46904
-3.46919
-3.46919
-3.46889
-3.46904
-3.46889
-3.46874
-3.46889
-3.46889
-3.46874
-3.46904
-3.46904
-3.46904
-3.46919
-3.46889
-3.46904
-3.46889
-3.46873
-3.46873
-3.46889
-3.46889
-3.46889
-3.46843
-3.46843
-3.46843
-3.46828
-3.46858
-3.46843
-3.46873
-3.46873
-3.46889
-3.46904
-3.46889
-3.46949
-3.46934
-3.46949
-3.46949
-3.46949
-3.46979
-3.46979
-3.46919
-3.46934
-3.46934
-3.46934
-3.4698
-3.46964
-3.4698
-3.46964
-3.46965
-3.46965
-3.4701
-3.47055
-3.47055
-3.4707
-3.47055
-3.47025
-3.4704
-3.47025
-3.47025
-3.4701
-3.46965
-3.4695
-3.46965
-3.4698
-3.46965
-3.4695
-3.46919
-3.46904
-3.46904
-3.46874
-3.46889
-3.46904
-3.46904
-3.46889
-3.46904
-3.46889
-3.46889
-3.46904
-3.46904
-3.46904
-3.46889
-3.46889
-3.46889
-3.46904
-3.46919
-3.46919
-3.46904
-3.46919
-3.46934
-3.46934
-3.46919
-3.46904
-3.46904
-3.46904
-3.46949
-3.46949
-3.46949
-3.46919
-3.46919
-3.46949
-3.4701
-3.4701
-3.46995
-3.46995
-3.46995
-3.46995
-3.46995
-3.4704
-3.4707
-3.4704
-3.4704
-3.4704
-3.47055
-3.4701
-3.4701
-3.46995
-3.46979
-3.46979
-3.46979
-3.46949
-3.46949
-3.46949
-3.46949
-3.46949
-3.46949
-3.46964
-3.46949
-3.46949
-3.46934
-3.46964
-3.46979
-3.46934
-3.46949
-3.46964
-3.46934
-3.46949
-3.46934
-3.46919
-3.46919
-3.46919
-3.46919
-3.46904
-3.46919
-3.46889
-3.46874
-3.46874
-3.46859
-3.46859
-3.46844
-3.46859
-3.46859
-3.46904
-3.46904
-3.46904
-3.46904
-3.46874
-3.46874
-3.46859
-3.46813
-3.46783
-3.46753
-3.46798
-3.46783
-3.46798
-3.46829
-3.46829
-3.46829
-3.46829
-3.46813
-3.46798
-3.46798
-3.46813
-3.46798
-3.46753
-3.46753
-3.46753
-3.46723
-3.46738
-3.46738
-3.46723
-3.46753
-3.46783
-3.46798
-3.46783
-3.46798
-3.46813
-3.46798
-3.46813
-3.46828
-3.46844
-3.46859
-3.46874
-3.46904
-3.46889
-3.46874
-3.46904
-3.46919
-3.46919
-3.46919
-3.46919
-3.46904
-3.46919
-3.46904
-3.46904
-3.46859
-3.46844
-3.46844
-3.46859
-3.46859
-3.46859
-3.46889
-3.46859
-3.46859
-3.46874
-3.46859
-3.46859
-3.46829
-3.46829
-3.46829
-3.46844
-3.46813
-3.46844
-3.46874
-3.46874
-3.46874
-3.46919
-3.46919
-3.46904
-3.46934
-3.46949
-3.46934
-3.46949
-3.46949
-3.46934
-3.46919
-3.46904
-3.46904
-3.46919
-3.46889
-3.46889
-3.46904
-3.46889
-3.46889
-3.46889
-3.46889
-3.46919
-3.46919
-3.46919
-3.46934
-3.46919
-3.46949
-3.46949
-3.46949
-3.46965
-3.4695
-3.46965
-3.46949
-3.46965
-3.4698
-3.46995
-3.4701
-3.46995
-3.4698
-3.46965
-3.46995
-3.4698
-3.4698
-3.46995
-3.46995
-3.46965
-3.46965
-3.46965
-3.4698
-3.4698
-3.46965
-3.4698
-3.46995
-3.4698
-3.46965
-3.4698
-3.46965
-3.4698
-3.4698
-3.46965
-3.4698
-3.46965
-3.4698
-3.4698
-3.4698
-3.4698
-3.4701
-3.4704
-3.4701
-3.46995
-3.4701
-3.4701
-3.46995
-3.4698
-3.4695
-3.46935
-3.46935
-3.46935
-3.46905
-3.4692
-3.46905
-3.4692
-3.4689
-3.46874
-3.46889
-3.4692
-3.4692
-3.4692
-3.4692
-3.4692
-3.46874
-3.46874
-3.46859
-3.46814
-3.46799
-3.46814
-3.46814
-3.46784
-3.46769
-3.46769
-3.46829
-3.46829
-3.46859
-3.46844
-3.46799
-3.46799
-3.46784
-3.46799
-3.46769
-3.46768
-3.46799
-3.46814
-3.46799
-3.46799
-3.46829
-3.46799
-3.46814
-3.46829
-3.46844
-3.46829
-3.46844
-3.46844
-3.46874
-3.46874
-3.4692
-3.4692
-3.46904
-3.46904
-3.4692
-3.4692
-3.46874
-3.46874
-3.46874
-3.46829
-3.46814
-3.46814
-3.46829
-3.46814
-3.46814
-3.46799
-3.46814
-3.46829
-3.46814
-3.46814
-3.46829
-3.46799
-3.46799
-3.46784
-3.46784
-3.46814
-3.46799
-3.46814
-3.46829
-3.46814
-3.46799
-3.46799
-3.46799
-3.46784
-3.46814
-3.46814
-3.46814
-3.46829
-3.46829
-3.46859
-3.46859
-3.46844
-3.46859
-3.46859
-3.4689
-3.4689
-3.46905
-3.46935
-3.4695
-3.46965
-3.46965
-3.4701
-3.4698
-3.4698
-3.46995
-3.4701
-3.4701
-3.47025
-3.47025
-3.4701
-3.47025
-3.4701
-3.46995
-3.46965
-3.4698
-3.46965
-3.4695
-3.4695
-3.4695
-3.46935
-3.4695
-3.4695
-3.46965
-3.46935
-3.46935
-3.4692
-3.46905
-3.46905
-3.46965
-3.46995
-3.4701
-3.4701
-3.4701
-3.4701
-3.46965
-3.46965
-3.46935
-3.4695
-3.4698
-3.46995
-3.46995
-3.4698
-3.46965
-3.46935
-3.4695
-3.4695
-3.46935
-3.4692
-3.4692
-3.4692
-3.46905
-3.46875
-3.46905
-3.4689
-3.46875
-3.46875
-3.46875
-3.46875
-3.4689
-3.4689
-3.4689
-3.46905
-3.4689
-3.46859
-3.46844
-3.46799
-3.46799
-3.46784
-3.46784
-3.46784
-3.46784
-3.46784
-3.46753
-3.46753
-3.46768
-3.46768
-3.46784
-3.46783
-3.46799
-3.46814
-3.46799
-3.46814
-3.46783
-3.46783
-3.46844
-3.46829
-3.46844
-3.46889
-3.46859
-3.46859
-3.46859
-3.46859
-3.46874
-3.46859
-3.46844
-3.46874
-3.46844
-3.46844
-3.46859
-3.46874
-3.46874
-3.46889
-3.46889
-3.46874
-3.46859
-3.46844
-3.46829
-3.46813
-3.46813
-3.46844
-3.46859
-3.46859
-3.46874
-3.46904
-3.46919
-3.46919
-3.46919
-3.46935
-3.46919
-3.46935
-3.46904
-3.46874
-3.46935
-3.46935
-3.4695
-3.4698
-3.4701
-3.4701
-3.4701
-3.46995
-3.46995
-3.4701
-3.4698
-3.4698
-3.46995
-3.46995
-3.47025
-3.47056
-3.47071
-3.47071
-3.47071
-3.47041
-3.47041
-3.4704
-3.47071
-3.47056
-3.47071
-3.4704
-3.47025
-3.4704
-3.4704
-3.47055
-3.4704
-3.4704
-3.47025
-3.46995
-3.46995
-3.4701
-3.46995
-3.47025
-3.46995
-3.4701
-3.46995
-3.4698
-3.46965
-3.46919
-3.46904
-3.46904
-3.46904
-3.46904
-3.46919
-3.46919
-3.46934
-3.46965
-3.4698
-3.46949
-3.46904
-3.46904
-3.46874
-3.46874
-3.46813
-3.46798
-3.46783
-3.46768
-3.46768
-3.46813
-3.46844
-3.46859
-3.46844
-3.46874
-3.46889
-3.46874
-3.46859
-3.46859
-3.46859
-3.46844
-3.46844
-3.46844
-3.46829
-3.46814
-3.46814
-3.46799
-3.46783
-3.46768
-3.46783
-3.46799
-3.46783
-3.46799
-3.46829
-3.46814
-3.46814
-3.46814
-3.46829
-3.46844
-3.46844
-3.46844
-3.46844
-3.46859
-3.46889
-3.4692
-3.46935
-3.4692
-3.46905
-3.4692
-3.4692
-3.46935
-3.46905
-3.47157
-3.47157
-3.47157
-3.47157
-3.47172
-3.47157
-3.47142
-3.47127
-3.47127
-3.47142
-3.47142
-3.47142
-3.47127
-3.47157
-3.47157
-3.47157
-3.47172
-3.47202
-3.47187
-3.47157
-3.47112
-3.47096
-3.47096
-3.47096
-3.47096
-3.47112
-3.47066
-3.47051
-3.47066
-3.47066
-3.47111
-3.47111
-3.47096
-3.47081
-3.47051
-3.47021
-3.47036
-3.47111
-3.47126
-3.47096
-3.47081
-3.47096
-3.47096
-3.47111
-3.47111
-3.47126
-3.47111
-3.47111
-3.47111
-3.47126
-3.47126
-3.47111
-3.47081
-3.47051
-3.47051
-3.47051
-3.47066
-3.47096
-3.47081
-3.47066
-3.47036
-3.47006
-3.4699
-3.47006
-3.47006
-3.47036
-3.47021
-3.47021
-3.46991
-3.46975
-3.46991
-3.46991
-3.47006
-3.46991
-3.46991
-3.47021
-3.47021
-3.47036
-3.47021
-3.47036
-3.47021
-3.47051
-3.47097
-3.47082
-3.47097
-3.47127
-3.47112
-3.47112
-3.47142
-3.47142
-3.47142
-3.47142
-3.47142
-3.47142
-3.47157
-3.47172
-3.47157
-3.47157
-3.47142
-3.47157
-3.47127
-3.47127
-3.47157
-3.47142
-3.47157
-3.47142
-3.47187
-3.47172
-3.47217
-3.47202
-3.47202
-3.47157
-3.47157
-3.47172
-3.47187
-3.47172
-3.47142
-3.47172
-3.47172
-3.47172
-3.47187
-3.47202
-3.47202
-3.47217
-3.47232
-3.47232
-3.47217
-3.47217
-3.47232
-3.47232
-3.47232
-3.47232
-3.47217
-3.47217
-3.47217
-3.47232
-3.47217
-3.47217
-3.47232
-3.47248
-3.47263
-3.47263
-3.47263
-3.47293
-3.47308
-3.47293
-3.47323
-3.47323
-3.47308
-3.47293
-3.47338
-3.47323
-3.47308
-3.47308
-3.47293
-3.47278
-3.47278
-3.47263
-3.47293
-3.47338
-3.47338
-3.47384
-3.47369
-3.47369
-3.47354
-3.47369
-3.47369
-3.47369
-3.47369
-3.47369
-3.47384
-3.47399
-3.47399
-3.47414
-3.47414
-3.47474
-3.47459
-3.47459
-3.47459
-3.47489
-3.47474
-3.47459
-3.47459
-3.47459
-3.47459
-3.47443
-3.47428
-3.47428
-3.47428
-3.47443
-3.47398
-3.47383
-3.47398
-3.47398
-3.47398
-3.47383
-3.47383
-3.47398
-3.47337
-3.47337
-3.47352
-3.47368
-3.47368
-3.47398
-3.47398
-3.47398
-3.47383
-3.47383
-3.47383
-3.47383
-3.47383
-3.47398
-3.47398
-3.47398
-3.47399
-3.47414
-3.47414
-3.47414
-3.47414
-3.47429
-3.47429
-3.47429
-3.47429
-3.47429
-3.47429
-3.47429
-3.47414
-3.47444
-3.47444
-3.47444
-3.47444
-3.47459
-3.47459
-3.47459
-3.4749
-3.47505
-3.4749
-3.47474
-3.47474
-3.47505
-3.4749
-3.4752
-3.4749
-3.47459
-3.47459
-3.47489
-3.47474
-3.47459
-3.47414
-3.47384
-3.47399
-3.47369
-3.47399
-3.47414
-3.47384
-3.47384
-3.47384
-3.47353
-3.47338
-3.47338
-3.47308
-3.47293
-3.47278
-3.47263
-3.47263
-3.47278
-3.47293
-3.47293
-3.47308
-3.47308
-3.47278
-3.47248
-3.47278
-3.47278
-3.47293
-3.47323
-3.47323
-3.47308
-3.47293
-3.47293
-3.47293
-3.47308
-3.47293
-3.47293
-3.47262
-3.47262
-3.47278
-3.47262
-3.47262
-3.47278
-3.47278
-3.47293
-3.47308
-3.47293
-3.47308
-3.47293
-3.47293
-3.47308
-3.47308
-3.47293
-3.47232
-3.47217
-3.47217
-3.47187
-3.47187
-3.47187
-3.47202
-3.47187
-3.47217
-3.47217
-3.47202
-3.47217
-3.47172
-3.47172
-3.47187
-3.47172
-3.47142
-3.47127
-3.47157
-3.47142
-3.47157
-3.47172
-3.47172
-3.47172
-3.47157
-3.47157
-3.47157
-3.47157
-3.47142
-3.47142
-3.47142
-3.47142
-3.47157
-3.47172
-3.47172
-3.47187
-3.47187
-3.47187
-3.47202
-3.47202
-3.47187
-3.47172
-3.47172
-3.47187
-3.47172
-3.47172
-3.47232
-3.47248
-3.47232
-3.47248
-3.47248
-3.47202
-3.47202
-3.47202
-3.47172
-3.47157
-3.47142
-3.47157
-3.47142
-3.47127
-3.47096
-3.47096
-3.47142
-3.47142
-3.47157
-3.47172
-3.47202
-3.47217
-3.47247
-3.47247
-3.47262
-3.47262
-3.47247
-3.47217
-3.47217
-3.47217
-3.47217
-3.47217
-3.47217
-3.47217
-3.47232
-3.47232
-3.47232
-3.47202
-3.47217
-3.47232
-3.47232
-3.47232
-3.47247
-3.47262
-3.47262
-3.47247
-3.47247
-3.47262
-3.47292
-3.47308
-3.47292
-3.47308
-3.47292
-3.47308
-3.47292
-3.47308
-3.47323
-3.47323
-3.47308
-3.47323
-3.47353
-3.47353
-3.47368
-3.47398
-3.47368
-3.47368
-3.47368
-3.47383
-3.47368
-3.47398
-3.47368
-3.47323
-3.47292
-3.47292
-3.47292
-3.47307
-3.47277
-3.47232
-3.47247
-3.47247
-3.47247
-3.47232
-3.47187
-3.47217
-3.47232
-3.47247
-3.47247
-3.47232
-3.47217
-3.47217
-3.47217
-3.47232
-3.47292
-3.47277
-3.47247
-3.47232
-3.47232
-3.47202
-3.47247
-3.47292
-3.47337
-3.47292
-3.47322
-3.47307
-3.47322
-3.47322
-3.47292
-3.47292
-3.47277
-3.47277
-3.47322
-3.47307
-3.47307
-3.47337
-3.47353
-3.47337
-3.47322
-3.47277
-3.47262
-3.47262
-3.47247
-3.47247
-3.47232
-3.47217
-3.47186
-3.47156
-3.47171
-3.47171
-3.47186
-3.47186
-3.47186
-3.47156
-3.47141
-3.47156
-3.47156
-3.47171
-3.47187
-3.47187
-3.47217
-3.47232
-3.47247
-3.47232
-3.47217
-3.47202
-3.47187
-3.47202
-3.47202
-3.47217
-3.47232
-3.47232
-3.47217
-3.47202
-3.47202
-3.47172
-3.47172
-3.47156
-3.47172
-3.47141
-3.47111
-3.47096
-3.47111
-3.47081
-3.47081
-3.47111
-3.47126
-3.47156
-3.47156
-3.47157
-3.47187
-3.47202
-3.47232
-3.47262
-3.47277
-3.47262
-3.47277
-3.47293
-3.47292
-3.47277
-3.47262
-3.47262
-3.47262
-3.47277
-3.47292
-3.47277
-3.47308
-3.47308
-3.47308
-3.47277
-3.47277
-3.47262
-3.47232
-3.47217
-3.47202
-3.47202
-3.47187
-3.47202
-3.47232
-3.47217
-3.47202
-3.47171
-3.47187
-3.47187
-3.47187
-3.47202
-3.47202
-3.47232
-3.47232
-3.47217
-3.47171
-3.47202
-3.47187
-3.47171
-3.47171
-3.47171
-3.47171
-3.47202
-3.47202
-3.47202
-3.47171
-3.47202
-3.47202
-3.47202
-3.47171
-3.47126
-3.47141
-3.47141
-3.47156
-3.47171
-3.47171
-3.47187
-3.47156
-3.47141
-3.47171
-3.47156
-3.47156
-3.47141
-3.47171
-3.47171
-3.47187
-3.47202
-3.47217
-3.47217
-3.47232
-3.47202
-3.47217
-3.47202
-3.47187
-3.47187
-3.47171
-3.47187
-3.47232
-3.47217
-3.47202
-3.47202
-3.47217
-3.47217
-3.47202
-3.47202
-3.47186
-3.47171
-3.47171
-3.47126
-3.47141
-3.47156
-3.47171
-3.47186
-3.47186
-3.47186
-3.47186
-3.47171
-3.47186
-3.47171
-3.47171
-3.47186
-3.47186
-3.47186
-3.47202
-3.47232
-3.47247
-3.47262
-3.47262
-3.47262
-3.47262
-3.47247
-3.47217
-3.47217
-3.47201
-3.47186
-3.47141
-3.47111
-3.47096
-3.47096
-3.47081
-3.47126
-3.47096
-3.47096
-3.47096
-3.47096
-3.47081
-3.47081
-3.47096
-3.4708
-3.4708
-3.4708
-3.4705
-3.47081
-3.47065
-3.47065
-3.47081
-3.47065
-3.47065
-3.4705
-3.4705
-3.4705
-3.47066
-3.47066
-3.47096
-3.47096
-3.47096
-3.47096
-3.47126
-3.47111
-3.47141
-3.47141
-3.47111
-3.47111
-3.47141
-3.47172
-3.47202
-3.47217
-3.47187
-3.47187
-3.47202
-3.47172
-3.47172
-3.47202
-3.47187
-3.47202
-3.47187
-3.47202
-3.47217
-3.47232
-3.47217
-3.47217
-3.47232
-3.47232
-3.47202
-3.47232
-3.47232
-3.47247
-3.47262
-3.47278
-3.47278
-3.47262
-3.47278
-3.47293
-3.47293
-3.47262
-3.47277
-3.47277
-3.47277
-3.47262
-3.47277
-3.47262
-3.47262
-3.47247
-3.47232
-3.47277
-3.47292
-3.47277
-3.47247
-3.47247
-3.47217
-3.47247
-3.47247
-3.47262
-3.47247
-3.47247
-3.47247
-3.47262
-3.47262
-3.47262
-3.47247
-3.47247
-3.47247
-3.47232
-3.47217
-3.47217
-3.47217
-3.47202
-3.47171
-3.47186
-3.47232
-3.47217
-3.47202
-3.47202
-3.47186
-3.47186
-3.47171
-3.47171
-3.47186
-3.47156
-3.47171
-3.47156
-3.47186
-3.47217
-3.47217
-3.47232
-3.47262
-3.47262
-3.47232
-3.47217
-3.47217
-3.47201
-3.47201
-3.47217
-3.47217
-3.47232
-3.47247
-3.47232
-3.47201
-3.47217
-3.47201
-3.47217
-3.47232
-3.47217
-3.47232
-3.47232
-3.47232
-3.47247
-3.47247
-3.47247
-3.47247
-3.47247
-3.47247
-3.47232
-3.47232
-3.47232
-3.47247
-3.47247
-3.47247
-3.47262
-3.47277
-3.47292
-3.47277
-3.47262
-3.47262
-3.47232
-3.47232
-3.47217
-3.47217
-3.47202
-3.47217
-3.47232
-3.47217
-3.47262
-3.47247
-3.47247
-3.47262
-3.47277
-3.47277
-3.47292
-3.47308
-3.47338
-3.47323
-3.47308
-3.47292
-3.47292
-3.47307
-3.47292
-3.47307
-3.47338
-3.47307
-3.47277
-3.47292
-3.47292
-3.47307
-3.47307
-3.47307
-3.47292
-3.47292
-3.47262
-3.47247
-3.47217
-3.47217
-3.47202
-3.47247
-3.47232
-3.47202
-3.47217
-3.47217
-3.47232
-3.47232
-3.47262
-3.47262
-3.47292
-3.47307
-3.47307
-3.47262
-3.47262
-3.47262
-3.47277
-3.47247
-3.47262
-3.47277
-3.47307
-3.47292
-3.47307
-3.47292
-3.47307
-3.47277
-3.47277
-3.47247
-3.47262
-3.47277
-3.47277
-3.47277
-3.47277
-3.47277
-3.47262
-3.47247
-3.47217
-3.47217
-3.47187
-3.47172
-3.47172
-3.47172
-3.47172
-3.47172
-3.47156
-3.47187
-3.47202
-3.47232
-3.47293
-3.47323
-3.47293
-3.47293
-3.47308
-3.47308
-3.47353
-3.47353
-3.47383
-3.47368
-3.47383
-3.47383
-3.47383
-3.47368
-3.47353
-3.47323
-3.47323
-3.47338
-3.47278
-3.47263
-3.47248
-3.47278
-3.47278
-3.47263
-3.47278
-3.47263
-3.47263
-3.47278
-3.47278
-3.47278
-3.47263
-3.47263
-3.47203
-3.47187
-3.47233
-3.47218
-3.47248
-3.47263
-3.47263
-3.47263
-3.47248
-3.47233
-3.47233
-3.47248
-3.47263
-3.47293
-3.47293
-3.47323
-3.47323
-3.47323
-3.47293
-3.47308
-3.47323
-3.47339
-3.47323
-3.47263
-3.47293
-3.47278
-3.47293
-3.47248
-3.47278
-3.47293
-3.47323
-3.47293
-3.47308
-3.47308
-3.47308
-3.47293
-3.47278
-3.47248
-3.47232
-3.47232
-3.47217
-3.47217
-3.47217
-3.47232
-3.47217
-3.47202
-3.47142
-3.47111
-3.47111
-3.47096
-3.47141
-3.47141
-3.47141
-3.47172
-3.47171
-3.47171
-3.47171
-3.47186
-3.47186
-3.47171
-3.47171
-3.47171
-3.47217
-3.47201
-3.47186
-3.47186
-3.47171
-3.47141
-3.47141
-3.47126
-3.47126
-3.47111
-3.47126
-3.47096
-3.47081
-3.47066
-3.47066
-3.4705
-3.47066
-3.4705
-3.47081
-3.47066
-3.47081
-3.47066
-3.47066
-3.47081
-3.47066
-3.4702
-3.47036
-3.33648
-3.33648
-3.33633
-3.33633
-3.33648
-3.33664
-3.33648
-3.33648
-3.33618
-3.33618
-3.33603
-3.33588
-3.33603
-3.33618
-3.33603
-3.33618
-3.33649
-3.33649
-3.33649
-3.33649
-3.33649
-3.33633
-3.33618
-3.33588
-3.33588
-3.33603
-3.33633
-3.33633
-3.33618
-3.33618
-3.33603
-3.33603
-3.33603
-3.33603
-3.33573
-3.33573
-3.33588
-3.33588
-3.33573
-3.33573
-3.33573
-3.33573
-3.33588
-3.33603
-3.33618
-3.33618
-3.33618
-3.33618
-3.33633
-3.33633
-3.33648
-3.33663
-3.33648
-3.33618
-3.33588
-3.33603
-3.33588
-3.33573
-3.33558
-3.33542
-3.33557
-3.33557
-3.33527
-3.33527
-3.33542
-3.33588
-3.33573
-3.33603
-3.33588
-3.33573
-3.33573
-3.33573
-3.33603
-3.33542
-3.33542
-3.33542
-3.33542
-3.33542
-3.33542
-3.33512
-3.33497
-3.33482
-3.33482
-3.33467
-3.33452
-3.33482
-3.33512
-3.33542
-3.33527
-3.33527
-3.33512
-3.33512
-3.33482
-3.33497
-3.33497
-3.33497
-3.33512
-3.33497
-3.33512
-3.33512
-3.33527
-3.33527
-3.33512
-3.33512
-3.33527
-3.33512
-3.33528
-3.33543
-3.33558
-3.33558
-3.33558
-3.33573
-3.33573
-3.33573
-3.33543
-3.33558
-3.33528
-3.33467
-3.33467
-3.33498
-3.33483
-3.33467
-3.33498
-3.33513
-3.33498
-3.33498
-3.33482
-3.33467
-3.33482
-3.33437
-3.33422
-3.33437
-3.33452
-3.33422
-3.33437
-3.33452
-3.33467
-3.33483
-3.33482
-3.33482
-3.33482
-3.33498
-3.33498
-3.33513
-3.33528
-3.33543
-3.33513
-3.33513
-3.33543
-3.33543
-3.33573
-3.33634
-3.33649
-3.33618
-3.33618
-3.33588
-3.33603
-3.33618
-3.33618
-3.33588
-3.33588
-3.33588
-3.33618
-3.33634
-3.33649
-3.33664
-3.33679
-3.33694
-3.33694
-3.33724
-3.33739
-3.33724
-3.33709
-3.33709
-3.33739
-3.33754
-3.33754
-3.33754
-3.33739
-3.33724
-3.33739
-3.33754
-3.33754
-3.33724
-3.33724
-3.33724
-3.33754
-3.33785
-3.338
-3.338
-3.33785
-3.33754
-3.33754
-3.33739
-3.33754
-3.33769
-3.338
-3.33785
-3.33785
-3.33785
-3.33754
-3.33739
-3.33724
-3.33709
-3.33739
-3.33724
-3.33679
-3.33694
-3.33694
-3.33664
-3.33664
-3.33664
-3.33664
-3.33694
-3.33709
-3.33694
-3.33694
-3.33694
-3.33739
-3.33784
-3.3383
-3.33845
-3.3383
-3.338
-3.338
-3.338
-3.33784
-3.33784
-3.33769
-3.33754
-3.33739
-3.33739
-3.33739
-3.33754
-3.33754
-3.33769
-3.33784
-3.33784
-3.33769
-3.33769
-3.33754
-3.33739
-3.33709
-3.33739
-3.33769
-3.33754
-3.33769
-3.33754
-3.33769
-3.33754
-3.33784
-3.33769
-3.33739
-3.33769
-3.33814
-3.33814
-3.33799
-3.33784
-3.33769
-3.33724
-3.33709
-3.33678
-3.33693
-3.33739
-3.33739
-3.33754
-3.33739
-3.33754
-3.33769
-3.33799
-3.33784
-3.33784
-3.33814
-3.33814
-3.33799
-3.33769
-3.33784
-3.33739
-3.33754
-3.33754
-3.33754
-3.33724
-3.33739
-3.33739
-3.33754
-3.33709
-3.33663
-3.33648
-3.33633
-3.33618
-3.33648
-3.33678
-3.33678
-3.33648
-3.33663
-3.33663
-3.33648
-3.33648
-3.33663
-3.33648
-3.33618
-3.33633
-3.33633
-3.33618
-3.33603
-3.33588
-3.33603
-3.33603
-3.33603
-3.33618
-3.33603
-3.33573
-3.33573
-3.33588
-3.33557
-3.33573
-3.33542
-3.33542
-3.33542
-3.33527
-3.33527
-3.33527
-3.33512
-3.33527
-3.33512
-3.33512
-3.33482
-3.33497
-3.33482
-3.33497
-3.33497
-3.33512
-3.33512
-3.33467
-3.33467
-3.33452
-3.33452
-3.33391
-3.33437
-3.33452
-3.33422
-3.33422
-3.33437
-3.33437
-3.33437
-3.33437
-3.33452
-3.33467
-3.33482
-3.33512
-3.33497
-3.33512
-3.33512
-3.33527
-3.33512
-3.33542
-3.33573
-3.33573
-3.33558
-3.33512
-3.33497
-3.33452
-3.33467
-3.33467
-3.33467
-3.33437
-3.33437
-3.33422
-3.33422
-3.33437
-3.33437
-3.33437
-3.33437
-3.33452
-3.33422
-3.33392
-3.33422
-3.33422
-3.33422
-3.33422
-3.33407
-3.33407
-3.33407
-3.33437
-3.33407
-3.33392
-3.33376
-3.33376
-3.33407
-3.33376
-3.33392
-3.33391
-3.33376
-3.33361
-3.33346
-3.33331
-3.33331
-3.33376
-3.33376
-3.33376
-3.33376
-3.33376
-3.33361
-3.33376
-3.33391
-3.33376
-3.33391
-3.33406
-3.33437
-3.33452
-3.33421
-3.33437
-3.33452
-3.33436
-3.33467
-3.33452
-3.33467
-3.33437
-3.33436
-3.33421
-3.33406
-3.33436
-3.33421
-3.33406
-3.33421
-3.33421
-3.33437
-3.33437
-3.33437
-3.33467
-3.33482
-3.33482
-3.33497
-3.33512
-3.33527
-3.33542
-3.33527
-3.33542
-3.33573
-3.33558
-3.33542
-3.33527
-3.33542
-3.33527
-3.33512
-3.33512
-3.33497
-3.33497
-3.33512
-3.33527
-3.33543
-3.33573
-3.33558
-3.33543
-3.33543
-3.33527
-3.33543
-3.33558
-3.33543
-3.33543
-3.33558
-3.33588
-3.33573
-3.33588
-3.33588
-3.33558
-3.33573
-3.33603
-3.33618
-3.33573
-3.33558
-3.33573
-3.33573
-3.33542
-3.33527
-3.33527
-3.33557
-3.33557
-3.33557
-3.33588
-3.33588
-3.33572
-3.33572
-3.33588
-3.33618
-3.33633
-3.33633
-3.33633
-3.33648
-3.33618
-3.33603
-3.33603
-3.33603
-3.33603
-3.33633
-3.33603
-3.33587
-3.33587
-3.33587
-3.33572
-3.33587
-3.33603
-3.33603
-3.33603
-3.33633
-3.33618
-3.33603
-3.33618
-3.33618
-3.33618
-3.33633
-3.33602
-3.33602
-3.33603
-3.33633
-3.33648
-3.33678
-3.33723
-3.33723
-3.33769
-3.33784
-3.33784
-3.33799
-3.33784
-3.33799
-3.33799
-3.33784
-3.33784
-3.33814
-3.33814
-3.33844
-3.33844
-3.33814
-3.33799
-3.33799
-3.33754
-3.33799
-3.33799
-3.33784
-3.33784
-3.33784
-3.33799
-3.33769
-3.33769
-3.33799
-3.33784
-3.33769
-3.33784
-3.33814
-3.33814
-3.3386
-3.3386
-3.33875
-3.33875
-3.33875
-3.33905
-3.33905
-3.33905
-3.33844
-3.33844
-3.3386
-3.33844
-3.33829
-3.33829
-3.3386
-3.3386
-3.33875
-3.33905
-3.33875
-3.33905
-3.3389
-3.33875
-3.3389
-3.3389
-3.3389
-3.33905
-3.33905
-3.33905
-3.33875
-3.33875
-3.33859
-3.33844
-3.33829
-3.33814
-3.33814
-3.33814
-3.33784
-3.33784
-3.33769
-3.33769
-3.33799
-3.33799
-3.33814
-3.33814
-3.33814
-3.33799
-3.33844
-3.33829
-3.33799
-3.33769
-3.33769
-3.33738
-3.33738
-3.33723
-3.33708
-3.33693
-3.33693
-3.33678
-3.33678
-3.33678
-3.33663
-3.33708
-3.33693
-3.33693
-3.33678
-3.33678
-3.33708
-3.33708
-3.33678
-3.33663
-3.33663
-3.33648
-3.33648
-3.33618
-3.33618
-3.33618
-3.33603
-3.33603
-3.33587
-3.33603
-3.33618
-3.33633
-3.33603
-3.33572
-3.33557
-3.33512
-3.33542
-3.33527
-3.33542
-3.33618
-3.33587
-3.33603
-3.33603
-3.33587
-3.33572
-3.33587
-3.33572
-3.33618
-3.33587
-3.33587
-3.33572
-3.33557
-3.33542
-3.33542
-3.33527
-3.33482
-3.33482
-3.33482
-3.33467
-3.33482
-3.33467
-3.33466
-3.33466
-3.33497
-3.33512
-3.33512
-3.33512
-3.33497
-3.33512
-3.33512
-3.33512
-3.33557
-3.33542
-3.33557
-3.33542
-3.33542
-3.33527
-3.33527
-3.33527
-3.33527
-3.33512
-3.33512
-3.33496
-3.33511
-3.33527
-3.33542
-3.33527
-3.33496
-3.33481
-3.33496
-3.33511
-3.33526
-3.33542
-3.33542
-3.33526
-3.33527
-3.33527
-3.33557
-3.33572
-3.33587
-3.33617
-3.33557
-3.33572
-3.33557
-3.33587
-3.33648
-3.33648
-3.33648
-3.33648
-3.33648
-3.33648
-3.33632
-3.33632
-3.33648
-3.33617
-3.33617
-3.33633
-3.33602
-3.33602
-3.33617
-3.33678
-3.33693
-3.33693
-3.33678
-3.33678
-3.33678
-3.33678
-3.33693
-3.33693
-3.33678
-3.33663
-3.33663
-3.33633
-3.33633
-3.33633
-3.33618
-3.33603
-3.33618
-3.33633
-3.33618
-3.33557
-3.33527
-3.33542
-3.33512
-3.33527
-3.33497
-3.33512
-3.33512
-3.33527
-3.33527
-3.33527
-3.33512
-3.33512
-3.33482
-3.33452
-3.33467
-3.33452
-3.33421
-3.33436
-3.33436
-3.33406
-3.33376
-3.33406
-3.33421
-3.33421
-3.33406
-3.33406
-3.33406
-3.33406
-3.33406
-3.33406
-3.33436
-3.33421
-3.33436
-3.33451
-3.33451
-3.33466
-3.33481
-3.33497
-3.33512
-3.33497
-3.33542
-3.33542
-3.33527
-3.33527
-3.33527
-3.33512
-3.33512
-3.33512
-3.33497
-3.33481
-3.33451
-3.33466
-3.33466
-3.33466
-3.33466
-3.33481
-3.33481
-3.33466
-3.33466
-3.33482
-3.33451
-3.33451
-3.33451
-3.33451
-3.33421
-3.33376
-3.33361
-3.33346
-3.33361
-3.33361
-3.33376
-3.33391
-3.33376
-3.33406
-3.33391
-3.33331
-3.33331
-3.33346
-3.33331
-3.33331
-3.33316
-3.33331
-3.33361
-3.33391
-3.33391
-3.33421
-3.33406
-3.33406
-3.33406
-3.33406
-3.33421
-3.33376
-3.33376
-3.33376
-3.33376
-3.33376
-3.33346
-3.33361
-3.33361
-3.33331
-3.33331
-3.33316
-3.33316
-3.3327
-3.33285
-3.33285
-3.3327
-3.333
-3.33346
-3.33361
-3.33376
-3.33391
-3.33376
-3.33391
-3.33376
-3.33376
-3.33346
-3.33315
-3.33315
-3.33285
-3.3327
-3.33285
-3.3327
-3.3324
-3.33225
-3.33225
-3.3327
-3.33255
-3.3327
-3.3327
-3.3327
-3.3324
-3.33255
-3.3327
-3.3327
-3.33255
-3.33285
-3.33285
-3.33255
-3.3327
-3.33255
-3.33255
-3.33225
-3.33225
-3.33195
-3.33225
-3.3321
-3.33225
-3.33225
-3.3324
-3.33255
-3.33225
-3.33225
-3.33225
-3.33255
-3.3324
-3.33255
-3.33255
-3.3324
-3.3324
-3.3327
-3.3324
-3.33255
-3.33255
-3.33255
-3.33255
-3.33225
-3.33255
-3.33255
-3.3324
-3.33255
-3.3327
-3.3324
-3.33255
-3.33285
-3.333
-3.33285
-3.333
-3.33285
-3.3327
-3.33285
-3.3327
-3.33285
-3.333
-3.33315
-3.33361
-3.33406
-3.33376
-3.33376
-3.33376
-3.33391
-3.33376
-3.33406
-3.33406
-3.33391
-3.33391
-3.33391
-3.33345
-3.3333
-3.33376
-3.33376
-3.33376
-3.33376
-3.33376
-3.33391
-3.33406
-3.33406
-3.33406
-3.33421
-3.33466
-3.33481
-3.33497
-3.33512
-3.33527
-3.33512
-3.33512
-3.33481
-3.33497
-3.33496
-3.33496
-3.33496
-3.33481
-3.33466
-3.33481
-3.33496
-3.33496
-3.33481
-3.33481
-3.33481
-3.33466
-3.33451
-3.33436
-3.33436
-3.33436
-3.33406
-3.33421
-3.33436
-3.33421
-3.33451
-3.33421
-3.33451
-3.33451
-3.33436
-3.33436
-3.33436
-3.33481
-3.33526
-3.33557
-3.33602
-3.33617
-3.33617
-3.33602
-3.33587
-3.33587
-3.33602
-3.33602
-3.33617
-3.33617
-3.33632
