1.1
1.09999
1.09996
1.0999
1.09983
1.09974
1.09962
1.09948
1.09932
1.09914
1.09894
1.09872
1.09848
1.09822
1.09793
1.09762
1.0973
1.09695
1.09658
1.09618
1.09577
1.09533
1.09487
1.09439
1.09389
1.09336
1.09281
1.09224
1.09164
1.09103
1.09038
1.08971
1.08902
1.08831
1.08757
1.0868
1.08601
1.08519
1.08435
1.08348
1.08258
1.08165
1.0807
1.07972
1.07872
1.07768
1.07661
1.07552
1.0744
1.07324
1.07206
1.07085
1.0696
1.06832
1.06701
1.06567
1.06429
1.06289
1.06144
1.05997
1.05846
1.05691
1.05532
1.05371
1.05205
1.05035
1.04862
1.04685
1.04504
1.04319
1.0413
1.03937
1.0374
1.03539
1.03333
1.03123
1.02909
1.0269
1.02467
1.0224
1.02008
1.01771
1.0153
1.01283
1.01033
1.00777
1.00516
1.00251
0.999799
0.997043
0.994237
0.99138
0.988471
0.98551
0.982498
0.979432
0.976315
0.973144
0.96992
0.966642
0.96331
0.959925
0.956485
0.952992
0.949445
0.945842
0.942186
0.938476
0.934711
0.930892
0.927019
0.923094
0.919115
0.915083
0.910999
0.906863
0.902675
0.898436
0.894147
0.889808
0.88542
0.880983
0.876498
0.871967
0.86739
0.862769
0.858104
0.853398
0.848651
0.843864
0.839039
0.834177
0.829279
0.824347
0.819383
0.814389
0.809366
0.804316
0.799241
0.794144
0.789025
0.783888
0.778735
0.773567
0.768387
0.763198
0.758002
0.752801
0.747597
0.742394
0.737194
0.731999
0.726813
0.721638
0.716477
0.711331
0.706205
0.7011
0.696019
0.690966
0.685942
0.680952
0.675996
0.671079
0.666203
0.66137
0.656583
0.651846
0.647161
0.64253
0.637955
0.63344
0.628986
0.624596
0.620271
0.616015
0.611828
0.607713
0.603673
0.599708
0.595821
0.592014
0.588287
0.584643
0.581083
0.577607
0.574219
0.570917
0.567704
0.56458
0.561546
0.558603
0.555751
0.552991
0.550323
0.547748
0.545266
0.542877
0.54058
0.538377
0.536266
0.534247
0.532321
0.530486
0.528742
0.527088
0.525525
0.524051
0.522665
0.521366
0.520154
0.519027
0.517984
0.517025
0.516147
0.51535
0.514632
0.513992
0.513429
0.512941
0.512528
0.512186
0.511915
0.511714
0.51158
0.511513
0.511509
0.511569
0.511689
0.511868
0.512105
0.512398
0.512745
0.513144
0.513595
0.514094
0.51464
0.515232
0.515867
0.516545
0.517262
0.518018
0.518811
0.519638
0.5205
0.521392
0.522315
0.523267
0.524246
0.52525
0.526278
0.527327
0.528397
0.529486
0.530592
0.531715
0.532851
0.534001
0.535163
0.536335
0.537517
0.538705
0.5399
0.5411
0.542304
0.54351
0.544718
0.545926
0.547133
0.548338
0.549541
0.550739
0.551933
0.553121
0.554301
0.555475
0.556639
0.557794
0.558939
0.560072
0.561195
0.562305
0.563402
0.564486
0.565555
0.56661
0.56765
0.568673
0.569681
0.570672
0.571646
0.572604
0.573543
0.574465
0.575368
0.576253
0.577119
0.577966
0.578795
0.579604
0.580394
0.581165
0.581916
0.582649
0.583362
0.584056
0.584731
0.585387
0.586025
0.586644
0.587244
0.587827
0.588391
0.588937
0.589466
0.589978
0.590473
0.590951
0.591413
0.591858
0.592288
0.592701
0.5931
0.593484
0.593854
0.594209
0.594552
0.594881
0.595197
0.595501
0.595793
0.596074
0.596343
0.596601
0.596849
0.597086
0.597314
0.597533
0.597743
0.597944
0.598137
0.598322
0.598499
0.598669
0.598831
0.598987
0.599135
0.599278
0.599415
0.599546
0.599672
0.599793
0.599908
0.600019
0.600124
0.600225
0.600321
0.600413
0.600499
0.600582
0.600659
0.600732
0.600801
0.600865
0.600925
0.60098
0.60103
0.601076
0.601117
0.601153
0.601183
0.601209
0.60123
0.601246
0.601255
0.601259
0.601256
0.601247
0.601232
0.601209
0.601179
0.601142
0.601097
0.601043
0.600981
0.600911
0.600831
0.600742
0.600643
0.600533
0.600413
0.600283
0.600141
0.599987
0.599822
0.599645
0.599455
0.599252
0.599035
0.598805
0.598562
0.598304
0.598031
0.597744
0.597442
0.597125
0.596792
0.596444
0.596079
0.595698
0.595301
0.594887
0.594456
0.594009
0.593544
0.593063
0.592564
0.592048
0.591515
0.590965
0.590398
0.589814
0.589213
0.588595
0.58796
0.587308
0.586639
0.585954
0.585253
0.584536
0.583803
0.583055
0.582291
0.581512
0.580718
0.57991
0.579088
0.578253
0.577404
0.576543
0.57567
0.574785
0.573889
0.572982
0.572066
0.57114
0.570205
0.569262
0.568312
0.567354
0.566389
0.565419
0.564444
0.563464
0.56248
0.561493
0.560504
0.559513
0.55852
0.557528
0.556535
0.555544
0.554554
0.553567
0.552582
0.551601
0.550624
0.549651
0.548685
0.547725
0.546771
0.545825
0.544887
0.543958
0.543037
0.542127
0.541228
0.54034
0.539464
0.538599
0.537748
0.53691
0.536086
0.535277
0.534482
0.533702
0.532938
0.53219
0.531459
0.530745
0.530048
0.529369
0.528708
0.528066
0.527443
0.526839
0.526255
0.52569
0.525145
0.524621
0.524117
0.523634
0.523173
0.522733
0.522314
0.521918
0.521543
0.52119
0.52086
0.520552
0.520266
0.520003
0.519763
0.519545
0.51935
0.519177
0.519027
0.518899
0.518793
0.51871
0.51865
0.518611
0.518595
0.5186
0.518627
0.518676
0.518747
0.518839
0.518951
0.519085
0.519239
0.519414
0.519608
0.519822
0.520056
0.520309
0.520581
0.520872
0.52118
0.521506
0.521849
0.52221
0.522587
0.522979
0.523388
0.523811
0.524249
0.524701
0.525167
0.525646
0.526138
0.526642
0.527158
0.527686
0.528224
0.528773
0.529331
0.529898
0.530474
0.531057
0.531649
0.532247
0.532852
0.533463
0.534079
0.534699
0.535324
0.535952
0.536583
0.537216
0.537852
0.538489
0.539126
0.539764
0.540401
0.541038
0.541672
0.542305
0.542935
0.543561
0.544184
0.544803
0.545417
0.546027
0.54663
0.547228
0.547819
0.548403
0.548978
0.549545
0.550104
0.550654
0.551194
0.551724
0.552244
0.552753
0.553251
0.553737
0.554211
0.554674
0.555123
0.55556
0.555984
0.556395
0.556792
0.557176
0.557546
0.557901
0.558243
0.558569
0.558881
0.559179
0.559461
0.559729
0.559982
0.56022
0.560443
0.560651
0.560845
0.561025
0.561189
0.56134
0.561475
0.561597
0.561706
0.5618
0.561881
0.561948
0.562002
0.562043
0.562071
0.562087
0.562091
0.562082
0.562063
0.562032
0.561989
0.561936
0.561873
0.561801
0.561718
0.561626
0.561525
0.561416
0.561299
0.561174
0.561042
0.560903
0.560758
0.560607
0.560451
0.560289
0.560123
0.559952
0.559778
0.5596
0.559419
0.559236
0.55905
0.558863
0.558674
0.558483
0.558292
0.558101
0.55791
0.55772
0.557529
0.55734
0.557153
0.556967
0.556784
0.556603
0.556425
0.55625
0.556078
0.55591
0.555746
0.555587
0.555432
0.555281
0.555136
0.554996
0.554862
0.554733
0.554611
0.554495
0.554386
0.554284
0.554189
0.554101
0.55402
0.553948
0.553883
0.553828
0.55378
0.553742
0.553714
0.553695
0.553686
0.553686
0.553696
0.553716
0.553746
0.553787
0.553838
0.5539
0.553972
0.554056
0.554151
0.554257
0.554374
0.554504
0.554644
0.554796
0.55496
0.555136
0.555324
0.555523
0.555734
0.555957
0.556192
0.556438
0.556695
0.556964
0.557244
0.557534
0.557836
0.558148
0.55847
0.558802
0.559145
0.559497
0.559858
0.560228
0.560607
0.560993
0.561388
0.561791
0.562201
0.562618
0.563041
0.56347
0.563904
0.564343
0.564787
0.565235
0.565687
0.566143
0.566602
0.567063
0.567527
0.567992
0.568459
0.568926
0.569393
0.56986
0.570327
0.570792
0.571256
0.571718
0.572177
0.572634
0.573087
0.573538
0.573984
0.574427
0.574865
0.575298
0.575727
0.57615
0.576568
0.576981
0.577387
0.577788
0.578182
0.57857
0.578951
0.579326
0.579694
0.580055
0.580409
0.580757
0.581097
0.58143
0.581756
0.582075
0.582386
0.58269
0.582987
0.583276
0.583559
0.583835
0.584104
0.584366
0.584622
0.584871
0.585115
0.585352
0.585583
0.585809
0.586029
0.586243
0.586452
0.586656
0.586855
0.58705
0.58724
0.587426
0.587608
0.587787
0.587962
0.588135
0.588304
0.58847
0.588634
0.588795
0.588955
0.589112
0.589268
0.589422
0.589575
0.589727
0.589879
0.59003
0.590181
0.590332
0.590483
0.590634
0.590786
0.590938
0.591091
0.591245
0.5914
0.591557
0.591714
0.591874
0.592034
0.592197
0.592361
0.592527
0.592695
0.592865
0.593037
0.593211
0.593387
0.593566
0.593746
0.593928
0.594113
0.594299
0.594488
0.594679
0.594872
0.595068
0.595265
0.595465
0.595666
0.595869
0.596074
0.59628
0.596488
0.596697
0.596906
0.597117
0.597329
0.597542
0.597756
0.59797
0.598184
0.598399
0.598613
0.598828
0.599042
0.599256
0.599468
0.59968
0.599891
0.600101
0.60031
0.600516
0.600721
0.600924
0.601125
0.601324
0.60152
0.601713
0.601903
0.602091
0.602275
0.602455
0.602631
0.602803
0.602971
0.603134
0.603293
0.603447
0.603596
0.60374
0.603878
0.604011
0.604138
0.60426
0.604375
0.604484
0.604587
0.604683
0.604774
0.604857
0.604934
0.605004
0.605066
0.605121
0.605168
0.605207
0.605239
0.605264
0.60528
0.605288
0.605289
0.605281
0.605265
0.605242
0.60521
0.60517
0.605121
0.605065
0.605
0.604927
0.604846
0.604758
0.604661
0.604557
0.604445
0.604324
0.604196
0.604061
0.603917
0.603767
0.603609
0.603444
0.603273
0.603095
0.60291
0.60272
0.602523
0.602321
0.602113
0.601899
0.60168
0.601457
0.60123
0.600998
0.600763
0.600524
0.600282
0.600036
0.599788
0.599538
0.599285
0.599031
0.598776
0.59852
0.598263
0.598006
0.597749
0.597492
0.597236
0.59698
0.596725
0.596471
0.596219
0.595969
0.595723
0.595479
0.595239
0.595002
0.594769
0.594539
0.594313
0.594092
0.593875
0.593664
0.593457
0.593255
0.593059
0.592867
0.592682
0.592502
0.592328
0.59216
0.591998
0.591843
0.591694
0.591551
0.591415
0.591286
0.591162
0.591045
0.590935
0.590831
1.09998
1.0998
1.09957
1.09931
1.09901
1.09867
1.09829
1.09788
1.09743
1.09694
1.09641
1.09584
1.09523
1.09458
1.0939
1.09317
1.09241
1.0916
1.09076
1.08987
1.08895
1.08798
1.08697
1.08593
1.08484
1.08371
1.08254
1.08133
1.08008
1.07878
1.07745
1.07607
1.07466
1.0732
1.0717
1.07016
1.06859
1.06697
1.06531
1.06362
1.06188
1.06011
1.05829
1.05645
1.05456
1.05264
1.05068
1.04869
1.04666
1.0446
1.04251
1.04039
1.03824
1.03606
1.03385
1.03161
1.02935
1.02707
1.02476
1.02243
1.02008
1.01772
1.01533
1.01293
1.01052
1.0081
1.00566
1.00321
1.00076
0.998301
0.995837
0.993369
0.9909
0.98843
0.985961
0.983494
0.98103
0.978571
0.976117
0.973671
0.971231
0.9688
0.966378
0.963966
0.961563
0.959171
0.956791
0.954421
0.952063
0.949716
0.947381
0.945057
0.942744
0.940444
0.938154
0.935875
0.933605
0.931345
0.929094
0.926851
0.924615
0.922386
0.920163
0.917946
0.915733
0.913525
0.91132
0.909118
0.906918
0.90472
0.902523
0.900326
0.898129
0.895932
0.893734
0.891535
0.889335
0.887133
0.88493
0.882726
0.880521
0.878314
0.876107
0.873899
0.87169
0.869482
0.867274
0.865068
0.862864
0.860662
0.858464
0.856271
0.854082
0.8519
0.849725
0.847559
0.845402
0.843255
0.841122
0.839001
0.836896
0.834806
0.832735
0.830683
0.828651
0.826642
0.824656
0.822696
0.820763
0.818859
0.816984
0.815141
0.81333
0.811555
0.809816
0.808114
0.806452
0.804831
0.803252
0.801716
0.800224
0.798779
0.797382
0.796034
0.794735
0.793487
0.79229
0.791146
0.790055
0.789017
0.788034
0.787106
0.786232
0.785414
0.784651
0.783944
0.783292
0.782696
0.782154
0.781666
0.781233
0.780852
0.780524
0.780246
0.780019
0.77984
0.77971
0.779625
0.779585
0.779587
0.779631
0.779714
0.779835
0.779991
0.780181
0.780401
0.78065
0.780925
0.781225
0.781547
0.781888
0.782247
0.78262
0.783005
0.7834
0.783803
0.784212
0.784623
0.785036
0.785448
0.785858
0.786263
0.786661
0.787051
0.787431
0.787799
0.788154
0.788494
0.788819
0.789126
0.789414
0.789684
0.789934
0.790163
0.790372
0.790559
0.790723
0.790866
0.790987
0.791086
0.791163
0.791219
0.791252
0.791265
0.791257
0.791228
0.79118
0.791113
0.791028
0.790925
0.790807
0.790674
0.790526
0.790367
0.790196
0.790015
0.789825
0.789628
0.789426
0.78922
0.78901
0.7888
0.78859
0.788381
0.788176
0.787975
0.787781
0.787595
0.787418
0.787252
0.787098
0.786959
0.786836
0.78673
0.786642
0.786575
0.786528
0.786505
0.786506
0.786532
0.786585
0.786665
0.786774
0.786913
0.787082
0.787282
0.787516
0.787782
0.788083
0.788418
0.788787
0.789192
0.789633
0.79011
0.790623
0.791173
0.791759
0.792383
0.793042
0.793738
0.794471
0.795239
0.796043
0.796883
0.797758
0.798668
0.799612
0.80059
0.801601
0.802644
0.803718
0.804823
0.805957
0.807121
0.808312
0.809531
0.810776
0.812046
0.813339
0.814655
0.815992
0.81735
0.818727
0.820123
0.821536
0.822963
0.824405
0.825859
0.827325
0.8288
0.830283
0.831772
0.833266
0.834764
0.836264
0.837763
0.839262
0.840757
0.842247
0.843731
0.845207
0.846673
0.848128
0.84957
0.850997
0.852408
0.853801
0.855175
0.856527
0.857857
0.859163
0.860443
0.861696
0.862921
0.864116
0.86528
0.866411
0.867509
0.868572
0.8696
0.870591
0.871544
0.872458
0.873332
0.874166
0.874959
0.875711
0.87642
0.877087
0.877712
0.878294
0.878833
0.879329
0.879782
0.880192
0.88056
0.880886
0.88117
0.881414
0.881616
0.88178
0.881904
0.881991
0.882041
0.882054
0.882033
0.881979
0.881892
0.881775
0.881628
0.881454
0.881253
0.881026
0.880777
0.880505
0.880214
0.879904
0.879577
0.879235
0.878878
0.87851
0.878131
0.877742
0.877346
0.876943
0.876536
0.876124
0.87571
0.875295
0.874878
0.874462
0.874048
0.873635
0.873226
0.87282
0.87242
0.872024
0.871634
0.87125
0.870873
0.870503
0.870141
0.869787
0.86944
0.8691
0.868768
0.868444
0.868128
0.86782
0.86752
0.867228
0.866943
0.866667
0.866398
0.866136
0.865882
0.865636
0.865397
0.865166
0.864942
0.864725
0.864516
0.864313
0.864119
0.863932
0.863752
0.863581
0.863418
0.863263
0.863117
0.86298
0.862852
0.862733
0.862624
0.862524
0.862436
0.862358
0.862292
0.862238
0.862196
0.862166
0.862149
0.862146
0.862157
0.862183
0.862224
0.862281
0.862355
0.862445
0.862553
0.862678
0.862822
0.862985
0.863167
0.86337
0.863594
0.863838
0.864104
0.864392
0.864702
0.865035
0.865391
0.865771
0.866176
0.866604
0.867057
0.867534
0.868036
0.868563
0.869115
0.869692
0.870294
0.870921
0.871573
0.87225
0.872953
0.87368
0.874431
0.875206
0.876005
0.876827
0.877672
0.878539
0.879428
0.880338
0.881269
0.88222
0.88319
0.884179
0.885186
0.886211
0.887251
0.888306
0.889376
0.89046
0.891556
0.892664
0.893782
0.89491
0.896046
0.897191
0.898341
0.899496
0.900656
0.90182
0.902985
0.904152
0.905318
0.906483
0.907647
0.908806
0.909962
0.911111
0.912255
0.913391
0.914518
0.915636
0.916744
0.91784
0.918924
0.919995
0.921052
0.922093
0.923119
0.924127
0.925118
0.926091
0.927045
0.927979
0.928893
0.929786
0.930657
0.931506
0.932332
0.933133
0.933911
0.934664
0.935391
0.936093
0.936769
0.937418
0.938042
0.938638
0.939209
0.939752
0.940269
0.940758
0.941221
0.941656
0.942063
0.942443
0.942796
0.943121
0.943418
0.943689
0.943933
0.94415
0.94434
0.944504
0.944641
0.944753
0.944838
0.944899
0.944933
0.944944
0.94493
0.944892
0.944831
0.944747
0.94464
0.94451
0.944359
0.944186
0.943991
0.943776
0.94354
0.943285
0.94301
0.942716
0.942403
0.942072
0.941723
0.941356
0.940974
0.940574
0.940159
0.939728
0.93928
0.938818
0.93834
0.937847
0.93734
0.936819
0.936283
0.935734
0.935171
0.934594
0.934004
0.933401
0.932785
0.932156
0.931515
0.93086
0.930192
0.929511
0.928818
0.928112
0.927394
0.926664
0.925922
0.925168
0.924401
0.923622
0.92283
0.922026
0.92121
0.920381
0.919539
0.918685
0.917819
0.91694
0.916048
0.915144
0.914228
0.9133
0.91236
0.911408
0.910445
0.90947
0.908484
0.907487
0.906479
0.90546
0.904431
0.903393
0.902344
0.901286
0.900221
0.899147
0.898066
0.896978
0.895882
0.894781
0.893675
0.892565
0.891451
0.890334
0.889215
0.888094
0.886973
0.885851
0.88473
0.883611
0.882496
0.881384
0.880277
0.879176
0.878081
0.876994
0.875916
0.874848
0.87379
0.872745
0.871711
0.870691
0.869685
0.868695
0.867721
0.866763
0.865823
0.864902
0.863999
0.863117
0.862255
0.861415
0.860595
0.859798
0.859023
0.858271
0.857542
0.856837
0.856156
0.855499
0.854865
0.854254
0.853667
0.853102
0.852561
0.852043
0.851547
0.851073
0.850621
0.85019
0.849779
0.849388
0.849016
0.848663
0.848327
0.848009
0.847707
0.847421
0.847149
0.846891
0.846647
0.846415
0.846194
0.845985
0.845785
0.845595
0.845413
0.845239
0.845072
0.844911
0.844756
0.844606
0.844461
0.844319
0.84418
0.844045
0.843912
0.843781
0.843651
0.843523
0.843395
0.843267
0.84314
0.843013
0.842885
0.842757
0.842628
0.842497
0.842365
0.842231
0.842096
0.841959
0.84182
0.84168
0.841538
0.841393
0.841245
0.841096
0.840944
0.840789
0.840632
0.840472
0.84031
0.840145
0.839978
0.839808
0.839635
0.839458
0.839279
0.839095
0.838908
0.838717
0.838523
0.838324
0.838122
0.837915
0.837705
0.83749
0.837271
0.837048
0.836821
0.83659
0.836355
0.836117
0.835875
0.83563
0.835382
0.835131
0.834878
0.834625
0.83437
0.834114
0.833858
0.833603
0.83335
0.833098
0.832849
0.832605
0.832365
0.832132
0.831905
0.831687
0.831478
0.831281
0.831095
0.830923
0.830766
0.830625
0.830501
0.830396
0.830312
0.830249
0.83021
0.830196
0.830208
0.830247
0.830315
0.830414
0.830543
0.830706
0.830902
0.831134
0.831402
0.831707
0.832049
0.832431
0.832852
0.833314
0.833817
0.834361
0.834946
0.835574
0.836243
0.836954
0.837707
0.838502
0.839338
0.840216
0.841133
0.84209
0.843087
0.844121
0.845192
0.846299
0.84744
0.848615
0.849823
0.851061
0.852329
0.853625
0.854948
0.856295
0.857665
0.859056
0.860467
0.861895
0.86334
0.864799
0.86627
0.867753
0.869244
0.870743
0.872246
0.873754
0.875263
0.876771
0.878278
0.879782
0.88128
0.882772
0.884255
0.885729
0.887191
0.888642
0.890079
0.891501
0.892907
0.894296
0.895666
0.897017
0.898347
0.899657
0.900944
0.902209
0.90345
0.904668
0.905861
0.907029
0.908172
0.909288
0.910378
0.911441
0.912478
0.913487
0.914469
0.915424
0.916352
0.917253
0.918128
0.918975
0.919795
0.920588
0.921353
0.922091
0.922803
0.923488
0.924147
0.92478
0.925386
0.925967
0.926522
0.927051
0.927555
0.928035
0.92849
0.928921
0.929327
0.929711
0.93007
0.930406
0.930719
0.931009
0.931277
0.931521
0.931742
0.931942
0.932119
0.932274
0.932406
0.932515
0.932602
0.932667
0.93271
0.932731
0.93273
0.932706
0.93266
0.932591
0.932499
0.932385
0.932248
0.932089
0.931906
0.931701
0.931473
0.931222
0.930948
0.930651
0.930331
0.929989
0.929623
0.929234
0.928824
0.92839
0.927934
0.927456
0.926955
0.926431
0.925886
0.925318
0.924729
0.924118
0.923485
0.92283
0.922155
0.921459
0.920742
0.920005
0.919248
0.918471
0.917674
0.916858
0.916024
0.91517
0.914298
0.913408
0.9125
0.911573
0.910629
0.909667
0.908688
0.907691
0.906678
0.905648
0.904602
0.903539
0.90246
0.901366
0.900256
0.89913
0.897988
0.896831
0.895659
0.894471
0.893269
0.892051
0.890819
0.889573
0.888312
0.887036
0.885747
0.884443
0.883125
0.881794
0.88045
0.879094
0.877725
1.10002
1.09837
1.09668
1.09494
1.09317
1.09135
1.0895
1.08761
1.08568
1.08371
1.08172
1.07968
1.07762
1.07552
1.0734
1.07125
1.06907
1.06686
1.06463
1.06238
1.06011
1.05782
1.05552
1.0532
1.05086
1.04852
1.04616
1.0438
1.04143
1.03906
1.03668
1.03431
1.03193
1.02956
1.02719
1.02482
1.02247
1.02012
1.01778
1.01546
1.01314
1.01085
1.00856
1.0063
1.00405
1.00183
0.999619
0.997436
0.995276
0.993142
0.991034
0.988954
0.986904
0.984884
0.982897
0.980943
0.979024
0.977142
0.975297
0.973491
0.971727
0.970003
0.968323
0.966688
0.965098
0.963557
0.962064
0.960621
0.959228
0.957888
0.956601
0.955367
0.954189
0.953066
0.952
0.950991
0.95004
0.949147
0.948314
0.947539
0.946823
0.946165
0.945567
0.945026
0.944543
0.944118
0.943749
0.943437
0.943181
0.942979
0.94283
0.942733
0.942687
0.942691
0.942742
0.94284
0.942982
0.943169
0.943396
0.943664
0.943971
0.944314
0.944691
0.945103
0.945546
0.946019
0.94652
0.947047
0.9476
0.948176
0.948773
0.94939
0.950027
0.950682
0.951354
0.952041
0.952742
0.953456
0.954183
0.95492
0.955668
0.956426
0.957193
0.957969
0.958752
0.959542
0.96034
0.961145
0.961956
0.962773
0.963597
0.964426
0.965262
0.966104
0.966952
0.967806
0.968666
0.969533
0.970406
0.971286
0.972173
0.973068
0.973969
0.974879
0.975796
0.976721
0.977654
0.978596
0.979546
0.980504
0.981471
0.982448
0.983433
0.984427
0.985429
0.98644
0.98746
0.988488
0.989525
0.990571
0.991625
0.992687
0.993758
0.994836
0.995921
0.997012
0.99811
0.999213
1.00032
1.00144
1.00255
1.00368
1.0048
1.00593
1.00706
1.00819
1.00933
1.01046
1.0116
1.01273
1.01386
1.01499
1.01612
1.01724
1.01836
1.01948
1.02058
1.02168
1.02278
1.02386
1.02494
1.026
1.02706
1.0281
1.02913
1.03015
1.03115
1.03213
1.0331
1.03405
1.03499
1.0359
1.03679
1.03766
1.0385
1.03933
1.04012
1.04089
1.04163
1.04234
1.04302
1.04367
1.04428
1.04486
1.04541
1.04591
1.04638
1.04681
1.0472
1.04754
1.04784
1.04809
1.0483
1.04846
1.04857
1.04864
1.04864
1.0486
1.0485
1.04835
1.04814
1.04787
1.04754
1.04716
1.04671
1.0462
1.04563
1.045
1.0443
1.04354
1.04272
1.04182
1.04086
1.03984
1.03875
1.03759
1.03637
1.03508
1.03373
1.03231
1.03082
1.02927
1.02766
1.02599
1.02425
1.02245
1.0206
1.01868
1.01671
1.01469
1.01261
1.01049
1.00831
1.00609
1.00382
1.00152
0.999174
0.996794
0.994382
0.99194
0.989471
0.986979
0.984467
0.981938
0.979397
0.976845
0.974288
0.971729
0.969172
0.96662
0.964078
0.961549
0.959037
0.956546
0.95408
0.951642
0.949236
0.946866
0.944536
0.942248
0.940008
0.937817
0.935678
0.933596
0.931572
0.929609
0.92771
0.925878
0.924114
0.922421
0.9208
0.919253
0.917783
0.91639
0.915075
0.913841
0.912686
0.911613
0.910622
0.909714
0.908889
0.908147
0.907488
0.906912
0.906419
0.906008
0.905679
0.905431
0.905264
0.905177
0.905169
0.905238
0.905385
0.905608
0.905905
0.906276
0.906719
0.907232
0.907815
0.908466
0.909182
0.909964
0.910808
0.911714
0.912678
0.913701
0.91478
0.915913
0.917098
0.918335
0.919621
0.920953
0.922331
0.923751
0.925211
0.92671
0.928245
0.929814
0.931416
0.933048
0.934707
0.936393
0.938103
0.939836
0.941588
0.943359
0.945147
0.946948
0.948762
0.950587
0.95242
0.954261
0.956107
0.957957
0.95981
0.961662
0.963515
0.965365
0.967211
0.969051
0.970886
0.972712
0.974529
0.976336
0.97813
0.979913
0.981681
0.983435
0.985174
0.986896
0.988601
0.990287
0.991954
0.993601
0.995226
0.99683
0.998411
0.999969
1.0015
1.00301
1.0045
1.00596
1.00739
1.0088
1.01018
1.01153
1.01285
1.01415
1.01541
1.01665
1.01786
1.01903
1.02018
1.0213
1.02238
1.02343
1.02445
1.02544
1.0264
1.02733
1.02822
1.02908
1.02991
1.03071
1.03147
1.0322
1.0329
1.03356
1.03419
1.03479
1.03536
1.03589
1.03639
1.03686
1.0373
1.03771
1.03809
1.03844
1.03876
1.03905
1.03931
1.03954
1.03974
1.03992
1.04007
1.04019
1.04028
1.04036
1.0404
1.04043
1.04043
1.04041
1.04037
1.04031
1.04022
1.04012
1.04
1.03986
1.03971
1.03954
1.03935
1.03915
1.03894
1.03871
1.03847
1.03821
1.03795
1.03768
1.0374
1.03711
1.03681
1.03651
1.0362
1.03589
1.03557
1.03525
1.03493
1.0346
1.03427
1.03395
1.03362
1.0333
1.03297
1.03265
1.03234
1.03202
1.03171
1.03141
1.03111
1.03082
1.03053
1.03026
1.02999
1.02972
1.02947
1.02922
1.02899
1.02876
1.02855
1.02834
1.02814
1.02796
1.02778
1.02762
1.02746
1.02732
1.02718
1.02706
1.02695
1.02685
1.02676
1.02668
1.02661
1.02655
1.0265
1.02645
1.02642
1.0264
1.02638
1.02637
1.02637
1.02638
1.02639
1.02641
1.02644
1.02647
1.02651
1.02655
1.0266
1.02666
1.02672
1.02678
1.02685
1.02693
1.027
1.02708
1.02716
1.02725
1.02734
1.02743
1.02752
1.02762
1.02772
1.02782
1.02792
1.02803
1.02814
1.02825
1.02837
1.02849
1.02861
1.02873
1.02886
1.02899
1.02912
1.02925
1.02939
1.02953
1.02968
1.02983
1.02998
1.03014
1.0303
1.03046
1.03063
1.0308
1.03097
1.03115
1.03134
1.03152
1.03171
1.0319
1.03209
1.03229
1.03249
1.0327
1.0329
1.03311
1.03331
1.03352
1.03373
1.03394
1.03415
1.03435
1.03455
1.03475
1.03495
1.03514
1.03533
1.03551
1.03569
1.03586
1.03602
1.03617
1.03632
1.03645
1.03658
1.03669
1.0368
1.03689
1.03696
1.03702
1.03707
1.0371
1.03712
1.03711
1.03709
1.03705
1.03699
1.0369
1.0368
1.03667
1.03653
1.03636
1.03616
1.03595
1.0357
1.03544
1.03514
1.03483
1.03448
1.03412
1.03372
1.0333
1.03285
1.03238
1.03188
1.03135
1.0308
1.03022
1.02962
1.02899
1.02834
1.02767
1.02697
1.02625
1.0255
1.02473
1.02395
1.02314
1.02231
1.02147
1.0206
1.01973
1.01883
1.01793
1.01701
1.01608
1.01514
1.0142
1.01325
1.0123
1.01134
1.01039
1.00944
1.00849
1.00755
1.00662
1.0057
1.00479
1.0039
1.00303
1.00218
1.00136
1.00056
0.999792
0.999055
0.998353
0.997688
0.997064
0.996482
0.995946
0.995457
0.995018
0.994631
0.994298
0.994021
0.993802
0.993643
0.993546
0.993511
0.993541
0.993637
0.993798
0.994026
0.994321
0.994684
0.995114
0.995612
0.996177
0.996808
0.997505
0.998266
0.999091
0.999976
1.00092
1.00192
1.00298
1.0041
1.00526
1.00647
1.00773
1.00904
1.01038
1.01176
1.01317
1.01462
1.01609
1.01759
1.01911
1.02064
1.02219
1.02375
1.02532
1.02689
1.02846
1.03003
1.0316
1.03315
1.03469
1.03622
1.03772
1.03921
1.04067
1.0421
1.0435
1.04487
1.0462
1.0475
1.04876
1.04997
1.05114
1.05227
1.05335
1.05439
1.05537
1.0563
1.05718
1.05801
1.05879
1.05951
1.06017
1.06078
1.06134
1.06184
1.06228
1.06267
1.063
1.06328
1.0635
1.06367
1.06379
1.06385
1.06386
1.06382
1.06374
1.0636
1.06341
1.06318
1.0629
1.06258
1.06222
1.06182
1.06137
1.06089
1.06037
1.05981
1.05922
1.0586
1.05794
1.05726
1.05654
1.0558
1.05503
1.05424
1.05342
1.05258
1.05172
1.05083
1.04993
1.04901
1.04807
1.04711
1.04614
1.04515
1.04415
1.04314
1.04211
1.04107
1.04002
1.03896
1.03789
1.03681
1.03572
1.03462
1.03352
1.03241
1.0313
1.03018
1.02906
1.02794
1.02682
1.0257
1.02458
1.02346
1.02235
1.02124
1.02013
1.01904
1.01796
1.01688
1.01582
1.01477
1.01374
1.01273
1.01174
1.01077
1.00982
1.00889
1.008
1.00713
1.0063
1.0055
1.00473
1.004
1.0033
1.00265
1.00204
1.00147
1.00094
1.00046
1.00003
0.999645
0.999308
0.99902
0.998782
0.998594
0.998456
0.998368
0.99833
0.998342
0.998404
0.998514
0.998673
0.998879
0.999131
0.999428
0.999767
1.00015
1.00057
1.00102
1.00152
1.00204
1.0026
1.00318
1.00379
1.00442
1.00507
1.00574
1.00642
1.00712
1.00782
1.00853
1.00924
1.00996
1.01067
1.01137
1.01207
1.01276
1.01343
1.01409
1.01473
1.01535
1.01595
1.01653
1.01708
1.0176
1.0181
1.01856
1.01899
1.01939
1.01976
1.02009
1.02039
1.02065
1.02088
1.02107
1.02123
1.02135
1.02144
1.0215
1.02152
1.02151
1.02148
1.02141
1.02132
1.0212
1.02106
1.0209
1.02072
1.02053
1.02032
1.02009
1.01986
1.01963
1.01939
1.01914
1.0189
1.01867
1.01844
1.01822
1.01801
1.01781
1.01763
1.01747
1.01733
1.01722
1.01713
1.01706
1.01702
1.01701
1.01703
1.01708
1.01716
1.01727
1.01741
1.01758
1.01778
1.01801
1.01826
1.01855
1.01885
1.01918
1.01954
1.01991
1.0203
1.0207
1.02112
1.02155
1.02199
1.02243
1.02287
1.02332
1.02376
1.0242
1.02463
1.02505
1.02546
1.02586
1.02624
1.0266
1.02694
1.02726
1.02755
1.02783
1.02807
1.02829
1.02849
1.02865
1.02879
1.0289
1.02897
1.02902
1.02905
1.02904
1.029
1.02894
1.02885
1.02873
1.02859
1.02842
1.02823
1.02802
1.02779
1.02754
1.02726
1.02697
1.02666
1.02634
1.026
1.02565
1.02529
1.02492
1.02453
1.02414
1.02374
1.02333
1.02292
1.0225
1.02208
1.02166
1.02123
1.0208
1.02037
1.01994
1.01951
1.01908
1.01865
1.01823
1.01782
1.0174
1.01699
1.01659
1.0162
1.01581
1.01543
1.01506
1.01471
1.01436
1.01402
1.09994
1.09955
1.09916
1.09878
1.09841
1.09805
1.0977
1.09736
1.09703
1.09672
1.09642
1.09614
1.09588
1.09564
1.09542
1.09523
1.09506
1.09491
1.0948
1.09471
1.09465
1.09462
1.09462
1.09465
1.09472
1.09482
1.09495
1.09512
1.09533
1.09557
1.09584
1.09615
1.0965
1.09688
1.0973
1.09776
1.09825
1.09877
1.09932
1.09991
1.10053
1.10119
1.10187
1.10257
1.10331
1.10407
1.10485
1.10566
1.10649
1.10733
1.1082
1.10908
1.10997
1.11088
1.1118
1.11273
1.11366
1.1146
1.11554
1.11649
1.11743
1.11837
1.11931
1.12025
1.12118
1.1221
1.12301
1.12392
1.12481
1.12569
1.12655
1.1274
1.12824
1.12905
1.12985
1.13064
1.1314
1.13215
1.13287
1.13358
1.13426
1.13492
1.13556
1.13618
1.13678
1.13736
1.13792
1.13845
1.13897
1.13947
1.13994
1.1404
1.14083
1.14125
1.14165
1.14203
1.1424
1.14275
1.14308
1.14339
1.1437
1.14398
1.14426
1.14452
1.14477
1.145
1.14522
1.14543
1.14563
1.14582
1.14599
1.14616
1.14631
1.14645
1.14658
1.1467
1.14681
1.14691
1.14699
1.14707
1.14713
1.14718
1.14721
1.14724
1.14724
1.14724
1.14722
1.14718
1.14712
1.14705
1.14696
1.14685
1.14672
1.14657
1.1464
1.14621
1.14599
1.14575
1.14548
1.14519
1.14486
1.14451
1.14413
1.14372
1.14328
1.14281
1.1423
1.14176
1.14119
1.14058
1.13994
1.13926
1.13854
1.13778
1.13699
1.13616
1.13529
1.13438
1.13343
1.13244
1.13141
1.13033
1.12922
1.12807
1.12687
1.12564
1.12436
1.12304
1.12168
1.12028
1.11884
1.11735
1.11583
1.11426
1.11265
1.11101
1.10932
1.10759
1.10583
1.10402
1.10218
1.1003
1.09839
1.09644
1.09445
1.09244
1.09038
1.0883
1.08619
1.08404
1.08187
1.07967
1.07745
1.0752
1.07293
1.07064
1.06833
1.066
1.06366
1.06131
1.05894
1.05657
1.05419
1.05181
1.04943
1.04705
1.04468
1.04232
1.03997
1.03763
1.03531
1.03302
1.03075
1.0285
1.02629
1.02412
1.02199
1.0199
1.01786
1.01587
1.01393
1.01205
1.01024
1.00849
1.0068
1.00519
1.00366
1.0022
1.00082
0.999531
0.998325
0.997208
0.996181
0.995248
0.994409
0.993667
0.993021
0.992474
0.992027
0.991679
0.991431
0.991283
0.991235
0.991287
0.991438
0.991687
0.992033
0.992475
0.993012
0.993642
0.994363
0.995172
0.996068
0.997047
0.998107
0.999246
1.00046
1.00175
1.0031
1.00453
1.00601
1.00756
1.00916
1.01082
1.01253
1.01428
1.01607
1.01791
1.01978
1.02168
1.02361
1.02556
1.02754
1.02953
1.03154
1.03356
1.03559
1.03763
1.03966
1.0417
1.04373
1.04576
1.04778
1.04978
1.05177
1.05375
1.0557
1.05764
1.05955
1.06143
1.06329
1.06512
1.06692
1.06869
1.07042
1.07211
1.07377
1.07539
1.07697
1.07851
1.08001
1.08147
1.08289
1.08426
1.08558
1.08686
1.0881
1.08929
1.09043
1.09152
1.09257
1.09357
1.09453
1.09543
1.09629
1.0971
1.09786
1.09857
1.09924
1.09986
1.10043
1.10095
1.10143
1.10185
1.10224
1.10257
1.10286
1.1031
1.1033
1.10345
1.10356
1.10362
1.10364
1.10361
1.10355
1.10344
1.10329
1.1031
1.10288
1.10261
1.1023
1.10196
1.10159
1.10117
1.10073
1.10025
1.09974
1.0992
1.09863
1.09803
1.0974
1.09675
1.09608
1.09538
1.09465
1.09391
1.09315
1.09237
1.09158
1.09076
1.08994
1.0891
1.08824
1.08738
1.08651
1.08562
1.08473
1.08383
1.08293
1.08201
1.08109
1.08017
1.07924
1.07831
1.07737
1.07642
1.07547
1.07452
1.07356
1.0726
1.07163
1.07066
1.06969
1.0687
1.06772
1.06672
1.06572
1.06472
1.0637
1.06268
1.06165
1.06062
1.05957
1.05852
1.05746
1.0564
1.05532
1.05424
1.05315
1.05205
1.05095
1.04984
1.04873
1.04761
1.04649
1.04537
1.04425
1.04313
1.04201
1.04089
1.03978
1.03868
1.03758
1.03649
1.03542
1.03436
1.03331
1.03229
1.03128
1.03029
1.02933
1.02839
1.02749
1.02661
1.02576
1.02495
1.02417
1.02343
1.02273
1.02207
1.02146
1.02088
1.02036
1.01988
1.01944
1.01906
1.01873
1.01845
1.01822
1.01804
1.01792
1.01785
1.01784
1.01788
1.01797
1.01813
1.01833
1.01859
1.01891
1.01928
1.0197
1.02018
1.02071
1.02129
1.02191
1.02259
1.02332
1.02409
1.0249
1.02576
1.02666
1.0276
1.02857
1.02958
1.03063
1.0317
1.0328
1.03393
1.03508
1.03626
1.03745
1.03867
1.03989
1.04113
1.04238
1.04363
1.0449
1.04616
1.04743
1.04869
1.04995
1.05121
1.05246
1.0537
1.05494
1.05616
1.05737
1.05856
1.05974
1.0609
1.06204
1.06316
1.06427
1.06535
1.06641
1.06745
1.06847
1.06947
1.07044
1.07139
1.07231
1.07322
1.07409
1.07495
1.07578
1.07659
1.07737
1.07814
1.07888
1.0796
1.0803
1.08097
1.08163
1.08227
1.08289
1.08349
1.08407
1.08464
1.08519
1.08572
1.08624
1.08674
1.08723
1.0877
1.08817
1.08862
1.08905
1.08948
1.0899
1.0903
1.0907
1.09109
1.09146
1.09183
1.09219
1.09255
1.09289
1.09323
1.09355
1.09387
1.09418
1.09449
1.09478
1.09507
1.09535
1.09562
1.09589
1.09614
1.09638
1.09662
1.09684
1.09705
1.09725
1.09744
1.09762
1.09779
1.09794
1.09808
1.0982
1.09831
1.0984
1.09847
1.09853
1.09857
1.09859
1.09859
1.09857
1.09853
1.09848
1.09839
1.09829
1.09817
1.09802
1.09785
1.09765
1.09743
1.09718
1.09691
1.09662
1.0963
1.09595
1.09558
1.09519
1.09477
1.09432
1.09386
1.09336
1.09284
1.0923
1.09174
1.09115
1.09055
1.08992
1.08927
1.08859
1.08791
1.0872
1.08647
1.08573
1.08498
1.08421
1.08343
1.08263
1.08182
1.08101
1.08018
1.07935
1.07851
1.07766
1.07681
1.07595
1.07509
1.07423
1.07337
1.07252
1.07166
1.07081
1.06996
1.06912
1.06829
1.06746
1.06665
1.06585
1.06506
1.06428
1.06352
1.06277
1.06204
1.06133
1.06064
1.05997
1.05932
1.0587
1.0581
1.05753
1.05698
1.05647
1.05598
1.05553
1.0551
1.05471
1.05435
1.05402
1.05373
1.05347
1.05325
1.05306
1.0529
1.05278
1.05269
1.05264
1.05262
1.05263
1.05267
1.05275
1.05285
1.05299
1.05315
1.05334
1.05355
1.05379
1.05404
1.05432
1.05462
1.05493
1.05525
1.05559
1.05594
1.05629
1.05665
1.05702
1.05738
1.05775
1.05811
1.05848
1.05883
1.05918
1.05952
1.05985
1.06017
1.06047
1.06076
1.06104
1.06129
1.06153
1.06174
1.06193
1.0621
1.06225
1.06238
1.06248
1.06255
1.0626
1.06263
1.06263
1.06261
1.06256
1.06249
1.06239
1.06227
1.06212
1.06195
1.06175
1.06154
1.0613
1.06104
1.06076
1.06046
1.06014
1.0598
1.05945
1.05908
1.05869
1.05829
1.05788
1.05746
1.05703
1.05659
1.05615
1.05569
1.05524
1.05478
1.05432
1.05386
1.0534
1.05294
1.05248
1.05203
1.05159
1.05116
1.05073
1.05031
1.04991
1.04952
1.04914
1.04878
1.04844
1.04811
1.0478
1.04751
1.04725
1.047
1.04678
1.04658
1.0464
1.04625
1.04613
1.04603
1.04596
1.04592
1.0459
1.04591
1.04595
1.04602
1.04612
1.04625
1.04641
1.0466
1.04682
1.04706
1.04734
1.04764
1.04798
1.04834
1.04873
1.04915
1.0496
1.05007
1.05058
1.0511
1.05165
1.05223
1.05283
1.05346
1.0541
1.05477
1.05546
1.05616
1.05689
1.05763
1.0584
1.05917
1.05997
1.06078
1.0616
1.06243
1.06328
1.06414
1.06501
1.06588
1.06677
1.06766
1.06856
1.06946
1.07036
1.07128
1.07219
1.07311
1.07402
1.07494
1.07586
1.07677
1.07769
1.0786
1.0795
1.08041
1.08131
1.0822
1.08308
1.08396
1.08483
1.0857
1.08655
1.08739
1.08822
1.08905
1.08986
1.09065
1.09144
1.09221
1.09297
1.09371
1.09444
1.09515
1.09585
1.09654
1.0972
1.09785
1.09848
1.0991
1.09969
1.10027
1.10083
1.10138
1.1019
1.1024
1.10289
1.10336
1.1038
1.10423
1.10463
1.10502
1.10538
1.10573
1.10605
1.10635
1.10663
1.10689
1.10713
1.10734
1.10753
1.1077
1.10785
1.10797
1.10807
1.10814
1.10819
1.10822
1.10822
1.10819
1.10814
1.10807
1.10797
1.10784
1.10769
1.10751
1.10731
1.10708
1.10683
1.10655
1.10625
1.10592
1.10557
1.10519
1.10479
1.10437
1.10393
1.10347
1.10299
1.10249
1.10197
1.10144
1.10089
1.10033
1.09976
1.09917
1.09859
1.09799
1.09739
1.09679
1.09619
1.09559
1.095
1.09442
1.09384
1.09328
1.09273
1.09219
1.09168
1.09118
1.0907
1.09025
1.08983
1.08943
1.08905
1.0887
1.08839
1.0881
1.08784
1.0876
1.0874
1.08722
1.08707
1.08695
1.08684
1.08676
1.0867
1.08666
1.08663
1.08661
1.08661
1.08661
1.08661
1.08662
1.08663
1.08663
1.08662
1.08661
1.08658
1.08653
1.08646
1.08637
1.08626
1.08612
1.08594
1.08574
1.0855
1.08522
1.08491
1.08456
1.08416
1.08373
1.08325
1.08273
1.08217
1.08156
1.08091
1.08021
1.07947
1.07869
1.07787
1.07701
1.07611
1.07516
1.07419
1.07317
1.07213
1.07105
1.06994
1.0688
1.06763
1.06644
1.06523
1.064
1.06276
1.0615
1.06022
1.05894
1.05765
1.05635
1.05506
1.05376
1.05246
1.05117
1.04989
1.04862
1.04735
1.04611
1.04487
1.04366
1.04247
1.0413
1.04015
1.03903
1.03794
1.03688
1.03585
1.03485
1.03388
1.03295
1.03205
1.03119
1.03037
1.02958
1.02884
1.02813
1.02747
1.02684
1.02625
1.02571
1.09993
1.09939
1.09888
1.0984
1.09794
1.09752
1.09712
1.09674
1.09639
1.09607
1.09577
1.09549
1.09524
1.095
1.09478
1.09458
1.0944
1.09423
1.09407
1.09393
1.09379
1.09366
1.09353
1.09341
1.09328
1.09316
1.09303
1.09289
1.09275
1.0926
1.09243
1.09225
1.09206
1.09184
1.09161
1.09135
1.09106
1.09075
1.09041
1.09004
1.08964
1.08921
1.08874
1.08823
1.08769
1.08712
1.0865
1.08584
1.08515
1.08442
1.08365
1.08283
1.08198
1.0811
1.08017
1.0792
1.0782
1.07717
1.07609
1.07499
1.07385
1.07268
1.07148
1.07026
1.069
1.06773
1.06643
1.06511
1.06377
1.06242
1.06105
1.05967
1.05828
1.05689
1.05548
1.05407
1.05266
1.05125
1.04984
1.04843
1.04703
1.04563
1.04425
1.04287
1.0415
1.04015
1.03881
1.03749
1.03618
1.03489
1.03363
1.03238
1.03115
1.02995
1.02877
1.02762
1.02648
1.02538
1.0243
1.02325
1.02222
1.02122
1.02025
1.01931
1.01841
1.01753
1.01668
1.01586
1.01508
1.01433
1.01361
1.01293
1.01228
1.01167
1.0111
1.01056
1.01007
1.00961
1.0092
1.00883
1.00851
1.00823
1.008
1.00782
1.00768
1.0076
1.00757
1.00759
1.00767
1.00781
1.008
1.00825
1.00856
1.00893
1.00937
1.00986
1.01043
1.01105
1.01174
1.0125
1.01333
1.01422
1.01517
1.01619
1.01728
1.01843
1.01965
1.02092
1.02226
1.02366
1.02512
1.02663
1.0282
1.02981
1.03148
1.0332
1.03496
1.03676
1.0386
1.04047
1.04238
1.04431
1.04627
1.04825
1.05025
1.05227
1.05429
1.05633
1.05836
1.0604
1.06243
1.06446
1.06648
1.06848
1.07046
1.07243
1.07437
1.07628
1.07817
1.08002
1.08183
1.08361
1.08535
1.08705
1.0887
1.09031
1.09187
1.09338
1.09484
1.09625
1.0976
1.0989
1.10015
1.10134
1.10247
1.10355
1.10457
1.10553
1.10644
1.10729
1.10809
1.10883
1.10951
1.11014
1.11072
1.11124
1.11171
1.11213
1.1125
1.11282
1.11309
1.11332
1.11349
1.11363
1.11372
1.11378
1.11379
1.11377
1.11371
1.11362
1.11349
1.11334
1.11316
1.11294
1.11271
1.11245
1.11217
1.11187
1.11155
1.11121
1.11087
1.11051
1.11014
1.10976
1.10937
1.10897
1.10858
1.10817
1.10777
1.10737
1.10697
1.10657
1.10617
1.10578
1.10539
1.10501
1.10463
1.10426
1.1039
1.10354
1.10319
1.10285
1.10252
1.1022
1.10188
1.10157
1.10127
1.10097
1.10068
1.1004
1.10012
1.09984
1.09957
1.09931
1.09904
1.09878
1.09852
1.09825
1.09799
1.09772
1.09746
1.09719
1.09691
1.09663
1.09634
1.09605
1.09576
1.09545
1.09514
1.09483
1.09451
1.09418
1.09384
1.0935
1.09316
1.09281
1.09246
1.0921
1.09174
1.09138
1.09102
1.09066
1.0903
1.08995
1.0896
1.08925
1.08892
1.08859
1.08827
1.08797
1.08767
1.08739
1.08712
1.08687
1.08664
1.08642
1.08622
1.08604
1.08587
1.08573
1.0856
1.08549
1.08541
1.08534
1.08529
1.08525
1.08524
1.08524
1.08526
1.08529
1.08533
1.08539
1.08545
1.08552
1.0856
1.08568
1.08576
1.08584
1.08593
1.086
1.08607
1.08614
1.08619
1.08623
1.08626
1.08627
1.08626
1.08624
1.08619
1.08612
1.08602
1.0859
1.08574
1.08556
1.08535
1.08511
1.08483
1.08453
1.08418
1.0838
1.08339
1.08294
1.08246
1.08194
1.08138
1.08079
1.08016
1.07949
1.0788
1.07806
1.07729
1.07649
1.07566
1.0748
1.07391
1.07299
1.07204
1.07106
1.07006
1.06904
1.06799
1.06692
1.06583
1.06473
1.0636
1.06247
1.06132
1.06016
1.05898
1.0578
1.05661
1.05542
1.05422
1.05301
1.05181
1.0506
1.0494
1.0482
1.04699
1.0458
1.04461
1.04342
1.04224
1.04107
1.03991
1.03876
1.03761
1.03648
1.03535
1.03424
1.03314
1.03205
1.03098
1.02991
1.02886
1.02781
1.02678
1.02576
1.02476
1.02376
1.02278
1.02181
1.02085
1.0199
1.01896
1.01803
1.01711
1.01621
1.01531
1.01443
1.01355
1.01269
1.01184
1.011
1.01018
1.00936
1.00856
1.00777
1.007
1.00624
1.0055
1.00477
1.00405
1.00336
1.00268
1.00203
1.00139
1.00077
1.00018
0.99961
0.999063
0.998542
0.998048
0.997581
0.997142
0.996734
0.996356
0.99601
0.995697
0.995417
0.995172
0.994963
0.99479
0.994654
0.994556
0.994495
0.994472
0.994489
0.994544
0.994638
0.994771
0.994943
0.995153
0.995402
0.995689
0.996013
0.996374
0.996772
0.997204
0.997671
0.998171
0.998703
0.999266
0.999859
1.00048
1.00113
1.0018
1.0025
1.00323
1.00397
1.00474
1.00552
1.00633
1.00715
1.00799
1.00885
1.00972
1.0106
1.01151
1.01242
1.01335
1.01429
1.01525
1.01623
1.01722
1.01822
1.01924
1.02029
1.02135
1.02243
1.02353
1.02466
1.02581
1.02699
1.0282
1.02944
1.03072
1.03202
1.03337
1.03474
1.03616
1.03762
1.03911
1.04065
1.04223
1.04385
1.04551
1.04721
1.04896
1.05074
1.05256
1.05442
1.05632
1.05825
1.06021
1.0622
1.06421
1.06625
1.06831
1.07038
1.07247
1.07456
1.07666
1.07877
1.08087
1.08296
1.08505
1.08712
1.08917
1.0912
1.0932
1.09517
1.09712
1.09902
1.10089
1.10271
1.10449
1.10622
1.1079
1.10953
1.1111
1.11262
1.11408
1.11548
1.11682
1.11809
1.11931
1.12046
1.12155
1.12258
1.12355
1.12445
1.12529
1.12607
1.12679
1.12745
1.12805
1.12859
1.12907
1.1295
1.12988
1.1302
1.13048
1.1307
1.13088
1.13102
1.13111
1.13116
1.13118
1.13116
1.1311
1.13102
1.1309
1.13076
1.1306
1.13041
1.13021
1.12999
1.12976
1.12951
1.12926
1.129
1.12874
1.12848
1.12822
1.12796
1.12771
1.12747
1.12724
1.12703
1.12683
1.12665
1.12649
1.12635
1.12624
1.12615
1.12609
1.12606
1.12606
1.12609
1.12616
1.12626
1.1264
1.12658
1.12679
1.12704
1.12733
1.12766
1.12803
1.12844
1.12888
1.12937
1.1299
1.13046
1.13107
1.1317
1.13238
1.13309
1.13383
1.1346
1.1354
1.13624
1.13709
1.13797
1.13887
1.1398
1.14073
1.14169
1.14265
1.14363
1.14461
1.14559
1.14657
1.14756
1.14853
1.1495
1.15046
1.1514
1.15233
1.15323
1.15411
1.15497
1.15579
1.15659
1.15734
1.15807
1.15875
1.15938
1.15998
1.16052
1.16102
1.16147
1.16186
1.1622
1.16248
1.16271
1.16288
1.16299
1.16304
1.16303
1.16297
1.16284
1.16265
1.1624
1.16209
1.16173
1.16131
1.16083
1.1603
1.15971
1.15908
1.15839
1.15766
1.15689
1.15607
1.15521
1.15432
1.1534
1.15245
1.15147
1.15046
1.14944
1.1484
1.14735
1.14629
1.14522
1.14415
1.14308
1.14201
1.14096
1.13991
1.13887
1.13786
1.13686
1.13589
1.13494
1.13401
1.13312
1.13226
1.13143
1.13064
1.12988
1.12916
1.12848
1.12784
1.12724
1.12668
1.12616
1.12568
1.12525
1.12485
1.12449
1.12417
1.1239
1.12365
1.12345
1.12328
1.12315
1.12305
1.12298
1.12294
1.12293
1.12295
1.12299
1.12305
1.12314
1.12325
1.12337
1.12351
1.12367
1.12384
1.12402
1.12421
1.12441
1.12461
1.12483
1.12504
1.12526
1.12548
1.1257
1.12591
1.12613
1.12634
1.12654
1.12674
1.12693
1.12712
1.12729
1.12746
1.12761
1.12776
1.12789
1.12801
1.12812
1.12821
1.1283
1.12837
1.12842
1.12847
1.1285
1.12851
1.12852
1.12851
1.12848
1.12845
1.1284
1.12834
1.12827
1.12819
1.12809
1.12799
1.12788
1.12775
1.12762
1.12749
1.12734
1.12719
1.12703
1.12687
1.1267
1.12653
1.12636
1.12618
1.126
1.12583
1.12565
1.12547
1.12529
1.12511
1.12494
1.12477
1.1246
1.12444
1.12428
1.12413
1.12398
1.12384
1.1237
1.12357
1.12345
1.12333
1.12322
1.12312
1.12303
1.12294
1.12286
1.12279
1.12272
1.12267
1.12262
1.12257
1.12254
1.12252
1.1225
1.12249
1.12248
1.12249
1.1225
1.12251
1.12254
1.12257
1.12261
1.12265
1.1227
1.12276
1.12283
1.1229
1.12298
1.12307
1.12317
1.12328
1.1234
1.12352
1.12366
1.12381
1.12397
1.12413
1.12431
1.12451
1.12471
1.12493
1.12516
1.1254
1.12566
1.12594
1.12622
1.12653
1.12685
1.12718
1.12754
1.1279
1.12829
1.12869
1.12911
1.12955
1.13
1.13048
1.13097
1.13147
1.132
1.13254
1.1331
1.13368
1.13427
1.13489
1.13551
1.13616
1.13681
1.13749
1.13818
1.13888
1.1396
1.14033
1.14108
1.14183
1.14261
1.14339
1.14418
1.14499
1.14581
1.14663
1.14747
1.14832
1.14917
1.15004
1.15091
1.15179
1.15268
1.15357
1.15447
1.15538
1.15629
1.1572
1.15812
1.15904
1.15996
1.16088
1.16181
1.16273
1.16366
1.16458
1.16551
1.16643
1.16734
1.16825
1.16916
1.17007
1.17096
1.17186
1.17274
1.17362
1.17448
1.17534
1.17619
1.17703
1.17785
1.17866
1.17946
1.18025
1.18102
1.18178
1.18251
1.18324
1.18395
1.18463
1.1853
1.18596
1.18659
1.1872
1.18779
1.18836
1.18891
1.18944
1.18995
1.19043
1.19089
1.19133
1.19174
1.19213
1.19249
1.19283
1.19315
1.19344
1.1937
1.19394
1.19416
1.19434
1.1945
1.19464
1.19475
1.19483
1.19488
1.19491
1.19491
1.19489
1.19483
1.19475
1.19464
1.1945
1.19434
1.19414
1.19392
1.19367
1.1934
1.19309
1.19276
1.19241
1.19202
1.19161
1.19117
1.19071
1.19022
1.1897
1.18916
1.1886
1.18801
1.18739
1.18676
1.1861
1.18541
1.18471
1.18399
1.18324
1.18248
1.1817
1.1809
1.18009
1.17926
1.17843
1.17757
1.0999
1.09899
1.09808
1.09717
1.09628
1.09539
1.09452
1.09366
1.09281
1.09198
1.09117
1.09038
1.08962
1.08888
1.08816
1.08748
1.08683
1.0862
1.08562
1.08507
1.08455
1.08408
1.08365
1.08326
1.08292
1.08262
1.08237
1.08217
1.08202
1.08192
1.08187
1.08187
1.08193
1.08205
1.08221
1.08244
1.08272
1.08305
1.08345
1.0839
1.0844
1.08497
1.08558
1.08626
1.08698
1.08776
1.0886
1.08948
1.09042
1.09141
1.09244
1.09353
1.09465
1.09582
1.09704
1.09829
1.09958
1.10091
1.10227
1.10366
1.10509
1.10654
1.10802
1.10952
1.11104
1.11257
1.11413
1.1157
1.11728
1.11886
1.12046
1.12205
1.12365
1.12525
1.12685
1.12844
1.13002
1.13159
1.13316
1.1347
1.13624
1.13775
1.13925
1.14073
1.14218
1.14361
1.14502
1.1464
1.14775
1.14907
1.15037
1.15163
1.15287
1.15407
1.15524
1.15637
1.15748
1.15855
1.15958
1.16058
1.16155
1.16248
1.16337
1.16423
1.16506
1.16585
1.1666
1.16732
1.16801
1.16866
1.16927
1.16985
1.1704
1.17091
1.17139
1.17183
1.17224
1.17262
1.17296
1.17327
1.17354
1.17378
1.17398
1.17415
1.17428
1.17438
1.17445
1.17448
1.17447
1.17443
1.17435
1.17424
1.17409
1.1739
1.17368
1.17342
1.17312
1.17279
1.17242
1.17201
1.17157
1.17109
1.17057
1.17002
1.16943
1.1688
1.16814
1.16745
1.16671
1.16595
1.16515
1.16432
1.16345
1.16255
1.16163
1.16067
1.15968
1.15866
1.15761
1.15654
1.15544
1.15432
1.15317
1.152
1.15081
1.14959
1.14835
1.1471
1.14582
1.14453
1.14321
1.14188
1.14054
1.13917
1.13779
1.1364
1.13499
1.13356
1.13212
1.13066
1.12919
1.1277
1.1262
1.12469
1.12316
1.12161
1.12005
1.11847
1.11688
1.11528
1.11366
1.11203
1.11038
1.10872
1.10704
1.10536
1.10366
1.10195
1.10023
1.0985
1.09677
1.09503
1.09328
1.09153
1.08978
1.08803
1.08628
1.08453
1.0828
1.08107
1.07935
1.07764
1.07595
1.07427
1.07262
1.07099
1.06938
1.0678
1.06625
1.06473
1.06325
1.0618
1.06039
1.05901
1.05768
1.05639
1.05514
1.05393
1.05278
1.05166
1.05059
1.04957
1.0486
1.04767
1.0468
1.04596
1.04517
1.04443
1.04374
1.04308
1.04247
1.0419
1.04137
1.04088
1.04042
1.04
1.03962
1.03927
1.03895
1.03865
1.03839
1.03815
1.03793
1.03774
1.03756
1.0374
1.03726
1.03714
1.03703
1.03692
1.03683
1.03675
1.03668
1.03661
1.03654
1.03648
1.03643
1.03637
1.03632
1.03626
1.03621
1.03615
1.0361
1.03604
1.03598
1.03591
1.03584
1.03577
1.0357
1.03562
1.03553
1.03544
1.03535
1.03526
1.03516
1.03505
1.03495
1.03484
1.03473
1.03461
1.0345
1.03438
1.03427
1.03415
1.03404
1.03393
1.03381
1.0337
1.0336
1.03349
1.03339
1.03329
1.0332
1.03311
1.03302
1.03294
1.03286
1.03279
1.03272
1.03266
1.0326
1.03255
1.0325
1.03245
1.03241
1.03237
1.03233
1.0323
1.03227
1.03224
1.0322
1.03217
1.03213
1.0321
1.03206
1.03201
1.03196
1.03189
1.03183
1.03175
1.03165
1.03155
1.03143
1.0313
1.03114
1.03097
1.03078
1.03057
1.03034
1.03008
1.0298
1.02948
1.02915
1.02878
1.02838
1.02796
1.0275
1.02701
1.02649
1.02593
1.02534
1.02472
1.02406
1.02338
1.02266
1.0219
1.02112
1.0203
1.01945
1.01858
1.01767
1.01675
1.0158
1.01482
1.01383
1.01282
1.01179
1.01075
1.0097
1.00864
1.00758
1.00651
1.00545
1.00439
1.00333
1.00229
1.00126
1.00024
0.999247
0.998272
0.997323
0.996402
0.995512
0.994655
0.993834
0.993052
0.992311
0.991613
0.99096
0.990355
0.989799
0.989294
0.988841
0.988442
0.988097
0.987807
0.987573
0.987396
0.987276
0.987212
0.987206
0.987257
0.987364
0.987528
0.987746
0.988018
0.988343
0.98872
0.989148
0.989625
0.99015
0.99072
0.991334
0.991991
0.992689
0.993425
0.994198
0.995005
0.995844
0.996714
0.997611
0.998535
0.999482
1.00045
1.00144
1.00244
1.00346
1.0045
1.00554
1.0066
1.00766
1.00872
1.00979
1.01087
1.01194
1.01301
1.01407
1.01513
1.01619
1.01724
1.01828
1.01931
1.02033
1.02133
1.02233
1.02331
1.02427
1.02522
1.02616
1.02707
1.02798
1.02886
1.02973
1.03058
1.03141
1.03223
1.03303
1.03381
1.03458
1.03533
1.03606
1.03678
1.03749
1.03818
1.03885
1.03952
1.04017
1.04081
1.04143
1.04205
1.04266
1.04325
1.04385
1.04443
1.04501
1.04558
1.04615
1.04671
1.04728
1.04784
1.04839
1.04895
1.04951
1.05007
1.05063
1.05119
1.05176
1.05233
1.0529
1.05348
1.05406
1.05465
1.05524
1.05583
1.05643
1.05704
1.05765
1.05827
1.05889
1.05952
1.06015
1.06078
1.06142
1.06207
1.06271
1.06336
1.06401
1.06467
1.06532
1.06598
1.06663
1.06729
1.06795
1.0686
1.06925
1.0699
1.07055
1.07119
1.07182
1.07245
1.07308
1.0737
1.07431
1.07491
1.07551
1.0761
1.07668
1.07725
1.07781
1.07836
1.07891
1.07944
1.07997
1.08049
1.081
1.0815
1.08199
1.08248
1.08295
1.08342
1.08388
1.08434
1.08478
1.08522
1.08566
1.08609
1.08652
1.08694
1.08736
1.08778
1.08819
1.08861
1.08902
1.08944
1.08986
1.09028
1.0907
1.09112
1.09155
1.09198
1.09241
1.09285
1.0933
1.09375
1.09421
1.09467
1.09515
1.09563
1.09612
1.09661
1.09712
1.09763
1.09815
1.09868
1.09922
1.09977
1.10033
1.10089
1.10146
1.10204
1.10263
1.10322
1.10382
1.10443
1.10505
1.10567
1.1063
1.10694
1.10758
1.10822
1.10887
1.10952
1.11017
1.11083
1.11149
1.11215
1.11282
1.11348
1.11415
1.11482
1.11548
1.11615
1.11682
1.11749
1.11816
1.11883
1.11949
1.12016
1.12083
1.12149
1.12215
1.12281
1.12347
1.12413
1.12479
1.12545
1.1261
1.12676
1.12741
1.12806
1.12871
1.12937
1.13002
1.13066
1.13131
1.13196
1.13261
1.13326
1.1339
1.13455
1.13519
1.13584
1.13648
1.13713
1.13777
1.13842
1.13906
1.1397
1.14034
1.14098
1.14162
1.14225
1.14289
1.14352
1.14415
1.14478
1.1454
1.14602
1.14664
1.14724
1.14785
1.14845
1.14904
1.14962
1.15019
1.15076
1.15132
1.15186
1.1524
1.15292
1.15343
1.15393
1.15442
1.15489
1.15534
1.15578
1.1562
1.15661
1.15699
1.15736
1.1577
1.15802
1.15833
1.15861
1.15886
1.1591
1.1593
1.15949
1.15965
1.15978
1.15989
1.15997
1.16003
1.16006
1.16006
1.16004
1.15999
1.15992
1.15982
1.15969
1.15954
1.15936
1.15916
1.15894
1.1587
1.15843
1.15814
1.15784
1.15752
1.15717
1.15682
1.15645
1.15607
1.15567
1.15527
1.15485
1.15443
1.154
1.15356
1.15312
1.15268
1.15223
1.15179
1.15134
1.1509
1.15046
1.15002
1.14959
1.14916
1.14873
1.14832
1.1479
1.1475
1.1471
1.1467
1.14632
1.14594
1.14556
1.14519
1.14483
1.14447
1.14411
1.14375
1.1434
1.14305
1.1427
1.14234
1.14199
1.14163
1.14126
1.1409
1.14052
1.14014
1.13975
1.13935
1.13893
1.13851
1.13808
1.13763
1.13717
1.13669
1.1362
1.13569
1.13517
1.13463
1.13407
1.13349
1.1329
1.13229
1.13167
1.13103
1.13037
1.12969
1.129
1.12829
1.12756
1.12683
1.12607
1.12531
1.12453
1.12374
1.12294
1.12214
1.12132
1.1205
1.11967
1.11884
1.118
1.11716
1.11632
1.11548
1.11465
1.11381
1.11298
1.11215
1.11133
1.11051
1.1097
1.10889
1.1081
1.10731
1.10653
1.10576
1.10499
1.10424
1.10349
1.10275
1.10203
1.1013
1.10059
1.09988
1.09918
1.09848
1.09779
1.0971
1.09641
1.09572
1.09503
1.09433
1.09364
1.09293
1.09222
1.0915
1.09078
1.09004
1.08929
1.08852
1.08774
1.08695
1.08613
1.0853
1.08445
1.08358
1.08268
1.08177
1.08083
1.07988
1.0789
1.0779
1.07688
1.07583
1.07477
1.07369
1.07258
1.07146
1.07033
1.06918
1.06802
1.06684
1.06566
1.06447
1.06328
1.06208
1.06088
1.05968
1.05849
1.05731
1.05614
1.05498
1.05383
1.05271
1.0516
1.05052
1.04947
1.04844
1.04745
1.0465
1.04558
1.0447
1.04387
1.04308
1.04234
1.04166
1.04102
1.04043
1.0399
1.03943
1.03901
1.03865
1.03835
1.0381
1.03792
1.03779
1.03772
1.03771
1.03776
1.03786
1.03802
1.03823
1.03849
1.0388
1.03916
1.03956
1.04
1.04048
1.041
1.04156
1.04214
1.04276
1.04339
1.04406
1.04473
1.04543
1.04614
1.04686
1.04758
1.04831
1.04904
1.04977
1.0505
1.05122
1.05194
1.05264
1.05333
1.05401
1.05467
1.05532
1.05594
1.05655
1.05714
1.05771
1.05826
1.05878
1.05929
1.05977
1.06023
1.06067
1.06109
1.06148
1.06186
1.06222
1.06256
1.06288
1.06318
1.06347
1.06375
1.06401
1.06426
1.0645
1.06472
1.06495
1.06516
1.06537
1.06558
1.06578
1.06598
1.06618
1.06639
1.0666
1.06681
1.06703
1.06725
1.06748
1.06772
1.06797
1.06824
1.06851
1.0688
1.0691
1.06941
1.06974
1.07009
1.07046
1.07084
1.07123
1.07165
1.07208
1.07253
1.073
1.07349
1.07399
1.07452
1.07506
1.07562
1.07619
1.07678
1.07739
1.07802
1.07865
1.07931
1.07997
1.08065
1.08135
1.08205
1.08276
1.08349
1.08422
1.08496
1.08571
1.08646
1.08722
1.08797
1.08873
1.0895
1.09026
1.09101
1.09177
1.09252
1.09326
1.09399
1.09472
1.09544
1.09614
1.09684
1.09752
1.09818
1.09883
1.09946
1.10008
1.10068
1.09992
1.10039
1.10083
1.10125
1.10165
1.10203
1.10238
1.10271
1.10301
1.10329
1.10355
1.10378
1.10399
1.10418
1.10434
1.10448
1.1046
1.1047
1.10477
1.10483
1.10487
1.10489
1.1049
1.10489
1.10486
1.10482
1.10476
1.1047
1.10462
1.10454
1.10444
1.10434
1.10424
1.10413
1.10402
1.10392
1.10381
1.10371
1.10361
1.10351
1.10343
1.10336
1.10329
1.10324
1.1032
1.10317
1.10317
1.10318
1.1032
1.10325
1.10331
1.1034
1.10351
1.10364
1.10378
1.10395
1.10414
1.10435
1.10458
1.10482
1.10508
1.10535
1.10564
1.10594
1.10625
1.10657
1.10689
1.10721
1.10754
1.10786
1.10818
1.10849
1.10879
1.10908
1.10936
1.10961
1.10985
1.11007
1.11026
1.11043
1.11057
1.11068
1.11076
1.1108
1.11081
1.11078
1.11072
1.11062
1.11048
1.11029
1.11007
1.10981
1.10951
1.10916
1.10878
1.10835
1.10788
1.10737
1.10683
1.10624
1.10561
1.10495
1.10425
1.10351
1.10274
1.10193
1.10109
1.10022
1.09932
1.09839
1.09742
1.09644
1.09542
1.09438
1.09332
1.09223
1.09112
1.08999
1.08884
1.08767
1.08649
1.08528
1.08406
1.08283
1.08157
1.08031
1.07903
1.07774
1.07643
1.07511
1.07379
1.07244
1.07109
1.06973
1.06835
1.06696
1.06556
1.06416
1.06273
1.0613
1.05985
1.05839
1.05692
1.05543
1.05393
1.05241
1.05088
1.04933
1.04776
1.04618
1.04458
1.04296
1.04131
1.03965
1.03797
1.03626
1.03453
1.03278
1.031
1.0292
1.02738
1.02554
1.02368
1.02179
1.01989
1.01796
1.01602
1.01407
1.0121
1.01012
1.00813
1.00614
1.00415
1.00217
1.0002
0.99824
0.996304
0.994394
0.992517
0.990679
0.988887
0.987148
0.985468
0.983855
0.982314
0.980854
0.979481
0.9782
0.977018
0.975939
0.974969
0.974112
0.973371
0.972749
0.972248
0.971869
0.971612
0.971477
0.971462
0.971566
0.971785
0.972116
0.972554
0.973095
0.973733
0.974462
0.975276
0.976169
0.977132
0.978159
0.979243
0.980377
0.981555
0.982768
0.98401
0.985275
0.986556
0.987848
0.989146
0.990443
0.991735
0.99302
0.994293
0.995549
0.996787
0.998002
0.999193
1.00036
1.0015
1.00261
1.00369
1.00474
1.00575
1.00674
1.0077
1.00863
1.00952
1.01039
1.01123
1.01203
1.01281
1.01357
1.01429
1.015
1.01567
1.01633
1.01696
1.01757
1.01816
1.01872
1.01927
1.01981
1.02032
1.02082
1.0213
1.02177
1.02222
1.02266
1.02308
1.02349
1.02389
1.02427
1.02464
1.025
1.02535
1.02569
1.02602
1.02634
1.02665
1.02696
1.02725
1.02754
1.02783
1.02811
1.02839
1.02866
1.02894
1.02921
1.02948
1.02976
1.03004
1.03033
1.03063
1.03093
1.03124
1.03157
1.0319
1.03225
1.03262
1.03301
1.03341
1.03383
1.03428
1.03475
1.03524
1.03575
1.03629
1.03685
1.03743
1.03805
1.03868
1.03934
1.04003
1.04073
1.04146
1.04221
1.04298
1.04377
1.04458
1.0454
1.04623
1.04707
1.04793
1.04878
1.04964
1.05051
1.05137
1.05223
1.05308
1.05392
1.05476
1.05558
1.05639
1.05718
1.05795
1.0587
1.05942
1.06013
1.06081
1.06146
1.06208
1.06267
1.06324
1.06377
1.06427
1.06474
1.06518
1.06558
1.06595
1.06629
1.06659
1.06687
1.06711
1.06732
1.06749
1.06764
1.06776
1.06785
1.06791
1.06794
1.06795
1.06793
1.06788
1.06782
1.06773
1.06763
1.0675
1.06736
1.0672
1.06702
1.06683
1.06663
1.06641
1.06619
1.06596
1.06572
1.06547
1.06522
1.06497
1.06471
1.06445
1.06419
1.06393
1.06367
1.06341
1.06316
1.06291
1.06266
1.06242
1.06218
1.06195
1.06172
1.0615
1.06129
1.06108
1.06088
1.06069
1.06051
1.06033
1.06017
1.06001
1.05986
1.05971
1.05958
1.05945
1.05933
1.05922
1.05911
1.05902
1.05893
1.05885
1.05877
1.05871
1.05865
1.0586
1.05856
1.05853
1.05851
1.0585
1.05849
1.0585
1.05852
1.05854
1.05858
1.05863
1.05869
1.05876
1.05885
1.05895
1.05907
1.0592
1.05935
1.05952
1.0597
1.05991
1.06013
1.06038
1.06064
1.06093
1.06124
1.06158
1.06194
1.06233
1.06274
1.06318
1.06366
1.06415
1.06468
1.06524
1.06584
1.06646
1.06711
1.0678
1.06852
1.06928
1.07006
1.07089
1.07174
1.07264
1.07356
1.07452
1.07551
1.07654
1.07759
1.07868
1.07981
1.08096
1.08214
1.08336
1.0846
1.08587
1.08716
1.08848
1.08983
1.0912
1.09259
1.09401
1.09544
1.09689
1.09836
1.09984
1.10133
1.10284
1.10436
1.10589
1.10742
1.10897
1.11051
1.11206
1.11361
1.11516
1.11671
1.11825
1.11979
1.12132
1.12284
1.12436
1.12586
1.12735
1.12882
1.13028
1.13173
1.13315
1.13456
1.13594
1.1373
1.13864
1.13996
1.14125
1.14251
1.14374
1.14494
1.14612
1.14726
1.14837
1.14945
1.1505
1.15151
1.15249
1.15343
1.15433
1.1552
1.15603
1.15682
1.15757
1.15828
1.15896
1.15959
1.16019
1.16074
1.16125
1.16173
1.16216
1.16255
1.1629
1.16321
1.16348
1.1637
1.16389
1.16404
1.16415
1.16421
1.16424
1.16423
1.16418
1.1641
1.16397
1.16381
1.16361
1.16338
1.16311
1.16281
1.16247
1.1621
1.1617
1.16126
1.1608
1.1603
1.15977
1.15921
1.15862
1.15801
1.15736
1.15669
1.15599
1.15527
1.15452
1.15375
1.15295
1.15213
1.15128
1.15042
1.14953
1.14862
1.14769
1.14675
1.14578
1.14479
1.14379
1.14277
1.14173
1.14067
1.1396
1.13851
1.13741
1.1363
1.13517
1.13402
1.13287
1.1317
1.13052
1.12933
1.12813
1.12691
1.12569
1.12446
1.12322
1.12196
1.1207
1.11943
1.11816
1.11687
1.11558
1.11428
1.11297
1.11166
1.11035
1.10903
1.1077
1.10637
1.10504
1.1037
1.10236
1.10102
1.09968
1.09833
1.09699
1.09565
1.09431
1.09297
1.09164
1.09031
1.08898
1.08766
1.08635
1.08504
1.08375
1.08247
1.0812
1.07994
1.07869
1.07747
1.07626
1.07507
1.0739
1.07275
1.07162
1.07052
1.06945
1.0684
1.06738
1.06639
1.06544
1.06451
1.06362
1.06277
1.06195
1.06116
1.06042
1.05971
1.05904
1.05841
1.05782
1.05727
1.05676
1.05629
1.05585
1.05546
1.05511
1.05479
1.05451
1.05427
1.05407
1.05389
1.05375
1.05365
1.05357
1.05352
1.05349
1.05349
1.05351
1.05355
1.05361
1.05368
1.05377
1.05387
1.05397
1.05409
1.0542
1.05432
1.05443
1.05454
1.05465
1.05475
1.05483
1.05491
1.05496
1.05501
1.05503
1.05503
1.05501
1.05496
1.05489
1.05479
1.05466
1.0545
1.05431
1.05408
1.05383
1.05354
1.05321
1.05285
1.05245
1.05201
1.05154
1.05104
1.05049
1.04991
1.0493
1.04864
1.04796
1.04723
1.04648
1.04569
1.04487
1.04402
1.04313
1.04222
1.04128
1.04031
1.03932
1.03831
1.03727
1.03621
1.03513
1.03403
1.03292
1.03179
1.03065
1.0295
1.02833
1.02716
1.02599
1.0248
1.02361
1.02243
1.02124
1.02005
1.01886
1.01768
1.01651
1.01534
1.01418
1.01304
1.0119
1.01078
1.00967
1.00858
1.0075
1.00645
1.00541
1.00439
1.00339
1.00242
1.00147
1.00054
0.999636
0.998757
0.997905
0.997078
0.996278
0.995505
0.99476
0.994041
0.993351
0.992688
0.992053
0.991446
0.990866
0.990314
0.989789
0.989291
0.988819
0.988374
0.987955
0.98756
0.98719
0.986844
0.986522
0.986223
0.985946
0.985689
0.985454
0.985238
0.985041
0.984862
0.9847
0.984555
0.984426
0.984312
0.984212
0.984126
0.984053
0.983993
0.983944
0.983907
0.98388
0.983863
0.983856
0.983859
0.98387
0.98389
0.983918
0.983954
0.983997
0.984046
0.984103
0.984166
0.984237
0.984314
0.984397
0.984487
0.984584
0.984688
0.9848
0.984919
0.985045
0.98518
0.985324
0.985476
0.985637
0.985807
0.985987
0.986178
0.986379
0.986592
0.986818
0.987057
0.987309
0.987577
0.987859
0.988158
0.988473
0.988806
0.989156
0.989527
0.989917
0.990328
0.990761
0.991216
0.991696
0.992201
0.992732
0.99329
0.993875
0.994489
0.995132
0.995805
0.996508
0.997244
0.998011
0.998812
0.999647
1.00052
1.00142
1.00236
1.00334
1.00435
1.0054
1.00649
1.00761
1.00877
1.00996
1.0112
1.01246
1.01377
1.01511
1.01648
1.01789
1.01933
1.0208
1.02231
1.02384
1.0254
1.02699
1.02861
1.03024
1.03191
1.03359
1.03529
1.03701
1.03875
1.0405
1.04227
1.04404
1.04582
1.04761
1.0494
1.0512
1.05299
1.05478
1.05657
1.05836
1.06013
1.06189
1.06364
1.06537
1.06709
1.06879
1.07046
1.07212
1.07375
1.07535
1.07692
1.07846
1.07996
1.08144
1.08287
1.08427
1.08562
1.08694
1.08821
1.08943
1.09061
1.09173
1.09281
1.09383
1.0948
1.09572
1.09658
1.09738
1.09812
1.0988
1.09942
1.09997
1.10046
1.10089
1.10125
1.10155
1.10177
1.10193
1.10202
1.10204
1.10199
1.10187
1.10168
1.10141
1.10108
1.10068
1.10021
1.09966
1.09905
1.09837
1.09762
1.0968
1.09592
1.09498
1.09396
1.09289
1.09176
1.09056
1.08931
1.088
1.08664
1.08523
1.08377
1.08226
1.08071
1.07912
1.07749
1.07583
1.07413
1.07241
1.07066
1.06888
1.06709
1.06529
1.06347
1.06165
1.05982
1.05799
1.05616
1.05434
1.05253
1.05074
1.04896
1.0472
1.04546
1.04375
1.04207
1.04043
1.03881
1.03724
1.0357
1.0342
1.03275
1.03135
1.02999
1.02867
1.02741
1.02619
1.02503
1.02391
1.02284
1.02183
1.02086
1.01993
1.01906
1.01823
1.01744
1.0167
1.016
1.01533
1.01471
1.01412
1.01356
1.01303
1.01253
1.01206
1.01162
1.09993
1.09943
1.09894
1.09844
1.09794
1.09744
1.09694
1.09643
1.09591
1.09537
1.09483
1.09427
1.0937
1.09311
1.09251
1.09189
1.09125
1.09059
1.08991
1.08922
1.0885
1.08776
1.08701
1.08623
1.08544
1.08462
1.08379
1.08294
1.08207
1.08118
1.08028
1.07937
1.07844
1.0775
1.07655
1.07559
1.07462
1.07365
1.07267
1.07169
1.07071
1.06973
1.06874
1.06777
1.06679
1.06583
1.06487
1.06393
1.063
1.06208
1.06118
1.0603
1.05943
1.05859
1.05778
1.05699
1.05623
1.0555
1.0548
1.05413
1.0535
1.05291
1.05235
1.05184
1.05137
1.05094
1.05056
1.05022
1.04993
1.04969
1.0495
1.04936
1.04927
1.04923
1.04925
1.04932
1.04945
1.04963
1.04987
1.05016
1.05051
1.05091
1.05137
1.05188
1.05244
1.05306
1.05373
1.05446
1.05523
1.05606
1.05694
1.05786
1.05883
1.05985
1.06091
1.06202
1.06317
1.06435
1.06558
1.06684
1.06813
1.06945
1.07081
1.0722
1.07361
1.07504
1.0765
1.07798
1.07948
1.08099
1.08253
1.08407
1.08562
1.08719
1.08876
1.09035
1.09193
1.09352
1.09512
1.09671
1.09831
1.0999
1.1015
1.10309
1.10467
1.10625
1.10783
1.1094
1.11096
1.11252
1.11407
1.11561
1.11714
1.11867
1.12019
1.1217
1.1232
1.1247
1.12619
1.12766
1.12913
1.1306
1.13205
1.1335
1.13493
1.13636
1.13779
1.1392
1.1406
1.142
1.14339
1.14477
1.14614
1.14751
1.14886
1.1502
1.15154
1.15286
1.15417
1.15547
1.15676
1.15803
1.1593
1.16055
1.16178
1.16301
1.16422
1.16541
1.16659
1.16775
1.1689
1.17004
1.17115
1.17225
1.17334
1.17441
1.17546
1.1765
1.17751
1.17852
1.1795
1.18047
1.18143
1.18237
1.18329
1.1842
1.18509
1.18597
1.18683
1.18768
1.18851
1.18933
1.19013
1.19091
1.19169
1.19245
1.19319
1.19392
1.19464
1.19534
1.19603
1.1967
1.19736
1.198
1.19863
1.19925
1.19985
1.20044
1.20101
1.20157
1.20211
1.20263
1.20314
1.20363
1.20411
1.20457
1.20501
1.20543
1.20584
1.20623
1.2066
1.20696
1.2073
1.20762
1.20792
1.20821
1.20848
1.20873
1.20897
1.20919
1.2094
1.2096
1.20978
1.20996
1.21012
1.21027
1.21041
1.21055
1.21067
1.2108
1.21092
1.21104
1.21115
1.21127
1.21139
1.21151
1.21163
1.21176
1.21189
1.21203
1.21218
1.21234
1.2125
1.21267
1.21285
1.21304
1.21323
1.21344
1.21365
1.21388
1.21411
1.21435
1.21459
1.21484
1.2151
1.21536
1.21562
1.21589
1.21616
1.21643
1.21669
1.21696
1.21722
1.21748
1.21773
1.21798
1.21822
1.21845
1.21867
1.21888
1.21908
1.21926
1.21944
1.2196
1.21975
1.21988
1.22
1.22011
1.2202
1.22028
1.22035
1.2204
1.22043
1.22046
1.22047
1.22046
1.22045
1.22042
1.22037
1.22032
1.22025
1.22017
1.22009
1.21999
1.21988
1.21976
1.21964
1.2195
1.21936
1.21921
1.21905
1.21888
1.21871
1.21854
1.21835
1.21817
1.21798
1.21778
1.21758
1.21737
1.21716
1.21695
1.21673
1.21651
1.21629
1.21607
1.21584
1.21561
1.21537
1.21514
1.2149
1.21466
1.21442
1.21418
1.21393
1.21368
1.21344
1.21318
1.21293
1.21268
1.21242
1.21217
1.21191
1.21165
1.21138
1.21112
1.21085
1.21058
1.21031
1.21004
1.20976
1.20948
1.2092
1.20891
1.20862
1.20833
1.20803
1.20773
1.20743
1.20712
1.20681
1.20649
1.20616
1.20583
1.2055
1.20515
1.2048
1.20444
1.20407
1.20369
1.2033
1.2029
1.20249
1.20207
1.20163
1.20119
1.20073
1.20026
1.19977
1.19927
1.19875
1.19822
1.19768
1.19712
1.19654
1.19595
1.19535
1.19473
1.19409
1.19344
1.19277
1.19209
1.19139
1.19069
1.18996
1.18923
1.18849
1.18773
1.18697
1.1862
1.18542
1.18463
1.18384
1.18305
1.18226
1.18147
1.18068
1.17989
1.1791
1.17832
1.17755
1.17678
1.17602
1.17528
1.17454
1.17382
1.1731
1.17241
1.17172
1.17106
1.1704
1.16976
1.16914
1.16853
1.16793
1.16735
1.16678
1.16622
1.16567
1.16514
1.16461
1.16408
1.16357
1.16305
1.16254
1.16203
1.16152
1.161
1.16048
1.15996
1.15942
1.15888
1.15833
1.15776
1.15718
1.15659
1.15598
1.15536
1.15472
1.15406
1.15338
1.15268
1.15196
1.15123
1.15048
1.14971
1.14892
1.14812
1.1473
1.14646
1.14561
1.14475
1.14388
1.14301
1.14212
1.14123
1.14033
1.13943
1.13853
1.13763
1.13673
1.13584
1.13495
1.13408
1.13321
1.13235
1.13151
1.13068
1.12986
1.12906
1.12829
1.12753
1.12679
1.12608
1.12539
1.12472
1.12408
1.12346
1.12288
1.12232
1.12179
1.1213
1.12083
1.12039
1.11999
1.11962
1.11929
1.11898
1.11872
1.11848
1.11829
1.11813
1.118
1.11791
1.11786
1.11784
1.11786
1.11791
1.118
1.11813
1.11829
1.11849
1.11872
1.11898
1.11928
1.11961
1.11997
1.12036
1.12077
1.12122
1.12169
1.12219
1.12271
1.12326
1.12382
1.12441
1.12501
1.12562
1.12625
1.1269
1.12755
1.12821
1.12888
1.12956
1.13024
1.13092
1.1316
1.13228
1.13297
1.13364
1.13431
1.13498
1.13564
1.13629
1.13692
1.13755
1.13817
1.13877
1.13936
1.13994
1.1405
1.14105
1.14158
1.1421
1.1426
1.14308
1.14354
1.14399
1.14442
1.14483
1.14522
1.14559
1.14595
1.14629
1.14661
1.14691
1.14719
1.14746
1.14771
1.14794
1.14816
1.14836
1.14855
1.14872
1.14887
1.14901
1.14914
1.14925
1.14935
1.14943
1.1495
1.14956
1.14961
1.14965
1.14967
1.14969
1.14969
1.14969
1.14967
1.14965
1.14962
1.14958
1.14953
1.14948
1.14942
1.14935
1.14928
1.1492
1.14911
1.14902
1.14892
1.14882
1.14871
1.1486
1.14847
1.14835
1.14821
1.14807
1.14792
1.14777
1.1476
1.14743
1.14725
1.14706
1.14686
1.14666
1.14644
1.14621
1.14597
1.14571
1.14544
1.14516
1.14486
1.14455
1.14422
1.14387
1.14351
1.14312
1.14272
1.14229
1.14185
1.14138
1.14088
1.14037
1.13982
1.13926
1.13866
1.13804
1.1374
1.13673
1.13603
1.1353
1.13454
1.13376
1.13295
1.13211
1.13124
1.13035
1.12943
1.12848
1.12751
1.12651
1.12549
1.12445
1.12338
1.1223
1.12119
1.12006
1.11892
1.11776
1.11659
1.11541
1.11421
1.11301
1.1118
1.11058
1.10936
1.10814
1.10692
1.1057
1.10449
1.10328
1.10208
1.10089
1.09971
1.09855
1.0974
1.09627
1.09516
1.09407
1.093
1.09196
1.09094
1.08994
1.08898
1.08804
1.08713
1.08625
1.0854
1.08459
1.0838
1.08305
1.08233
1.08164
1.08099
1.08037
1.07978
1.07922
1.0787
1.07821
1.07775
1.07732
1.07692
1.07655
1.0762
1.07589
1.0756
1.07534
1.0751
1.07489
1.0747
1.07453
1.07438
1.07425
1.07414
1.07405
1.07397
1.0739
1.07385
1.07381
1.07378
1.07376
1.07374
1.07374
1.07373
1.07374
1.07374
1.07375
1.07376
1.07376
1.07377
1.07377
1.07378
1.07377
1.07376
1.07375
1.07373
1.0737
1.07366
1.07362
1.07356
1.0735
1.07342
1.07334
1.07324
1.07314
1.07302
1.07289
1.07276
1.07261
1.07245
1.07228
1.0721
1.07191
1.07171
1.07151
1.0713
1.07108
1.07086
1.07064
1.07041
1.07017
1.06994
1.06971
1.06948
1.06925
1.06902
1.0688
1.06858
1.06837
1.06817
1.06798
1.06779
1.06762
1.06747
1.06732
1.06719
1.06708
1.06698
1.0669
1.06684
1.0668
1.06677
1.06677
1.06678
1.06682
1.06688
1.06695
1.06705
1.06717
1.06731
1.06747
1.06765
1.06786
1.06808
1.06832
1.06857
1.06885
1.06914
1.06945
1.06978
1.07012
1.07047
1.07084
1.07122
1.07161
1.07201
1.07241
1.07283
1.07325
1.07368
1.07411
1.07455
1.07499
1.07543
1.07587
1.07632
1.07676
1.0772
1.07764
1.07807
1.07851
1.07893
1.07936
1.07978
1.08019
1.08059
1.08099
1.08138
1.08177
1.08214
1.08251
1.08287
1.08322
1.08356
1.0839
1.08422
1.08453
1.08484
1.08514
1.08543
1.08571
1.08598
1.08624
1.08649
1.08673
1.08697
1.08719
1.08741
1.08762
1.08781
1.088
1.08818
1.08835
1.08851
1.08866
1.0888
1.08893
1.08905
1.08916
1.08926
1.08934
1.08941
1.08947
1.08952
1.08955
1.08957
1.08957
1.08956
1.08953
1.08949
1.08943
1.08935
1.08925
1.08914
1.089
1.08885
1.08868
1.08849
1.08828
1.08806
1.08781
1.08754
1.08725
1.08695
1.08662
1.08628
1.08592
1.08554
1.08514
1.08473
1.0843
1.08386
1.0834
1.08293
1.08244
1.08195
1.08145
1.08093
1.08041
1.07988
1.07935
1.07881
1.07827
1.07773
1.07719
1.07665
1.07611
1.07558
1.07505
1.07452
1.07401
1.0735
1.07299
1.0725
1.07202
1.07155
1.0711
1.07065
1.07022
1.0698
1.06939
1.069
1.06862
1.06826
1.06791
1.06757
1.06725
1.06694
1.06665
1.06637
1.0661
1.06585
1.0656
1.06537
1.06515
1.06495
1.06475
1.06456
1.06439
1.06423
1.06407
1.06393
1.0638
1.06368
1.06357
1.06347
1.06338
1.0633
1.06324
1.06318
1.06314
1.06311
1.0631
1.0631
1.06311
1.06314
1.06319
1.06325
1.06334
1.06344
1.06357
1.06371
1.06388
1.06408
1.06429
1.06454
1.06481
1.06511
1.06543
1.06579
1.06618
1.0666
1.06706
1.06755
1.06807
1.06864
1.06923
1.06987
1.07054
1.07125
1.072
1.07278
1.07361
1.07447
1.07538
1.07632
1.0773
1.07832
1.07938
1.08047
1.08161
1.08277
1.08398
1.08522
1.08649
1.08779
1.08913
1.0905
1.0919
