1.65
1.64998
1.64994
1.64986
1.64975
1.6496
1.64943
1.64922
1.64899
1.64872
1.64842
1.64808
1.64772
1.64732
1.6469
1.64644
1.64595
1.64542
1.64486
1.64428
1.64365
1.643
1.64231
1.64159
1.64083
1.64004
1.63922
1.63836
1.63747
1.63654
1.63557
1.63457
1.63353
1.63246
1.63135
1.6302
1.62901
1.62778
1.62652
1.62521
1.62387
1.62248
1.62105
1.61959
1.61807
1.61652
1.61492
1.61328
1.6116
1.60987
1.60809
1.60627
1.6044
1.60248
1.60052
1.59851
1.59644
1.59433
1.59217
1.58995
1.58768
1.58536
1.58299
1.58056
1.57807
1.57553
1.57293
1.57028
1.56756
1.56478
1.56195
1.55905
1.5561
1.55308
1.55
1.54685
1.54364
1.54036
1.53701
1.5336
1.53012
1.52656
1.52294
1.51925
1.51549
1.51165
1.50774
1.50376
1.4997
1.49556
1.49136
1.48707
1.48271
1.47827
1.47375
1.46915
1.46447
1.45972
1.45488
1.44996
1.44497
1.43989
1.43473
1.42949
1.42417
1.41876
1.41328
1.40771
1.40207
1.39634
1.39053
1.38464
1.37867
1.37262
1.3665
1.36029
1.35401
1.34765
1.34122
1.33471
1.32813
1.32147
1.31475
1.30795
1.30109
1.29415
1.28716
1.2801
1.27298
1.2658
1.25856
1.25127
1.24392
1.23652
1.22908
1.22158
1.21405
1.20647
1.19886
1.19122
1.18354
1.17583
1.1681
1.16035
1.15258
1.1448
1.137
1.1292
1.1214
1.11359
1.10579
1.098
1.09022
1.08246
1.07472
1.067
1.05931
1.05165
1.04403
1.03645
1.02891
1.02143
1.01399
1.00662
0.999304
0.992055
0.984875
0.977769
0.970741
0.963795
0.956933
0.95016
0.943479
0.936893
0.930407
0.924022
0.917742
0.91157
0.905509
0.899562
0.893732
0.88802
0.88243
0.876964
0.871624
0.866411
0.861328
0.856376
0.851556
0.84687
0.842319
0.837904
0.833626
0.829486
0.825484
0.821622
0.817899
0.814315
0.81087
0.807565
0.804399
0.801371
0.798481
0.795729
0.793113
0.790632
0.788287
0.786076
0.783998
0.78205
0.780231
0.77854
0.776976
0.775537
0.77422
0.773025
0.771948
0.770988
0.770144
0.769412
0.768791
0.768279
0.767873
0.767571
0.767371
0.767269
0.767264
0.767353
0.767533
0.767802
0.768158
0.768596
0.769117
0.769716
0.770392
0.771141
0.77196
0.772848
0.773801
0.774817
0.775893
0.777027
0.778216
0.779457
0.780749
0.782089
0.783473
0.784901
0.786369
0.787875
0.789416
0.79099
0.792595
0.794229
0.795889
0.797572
0.799277
0.801002
0.802745
0.804503
0.806275
0.808058
0.80985
0.81165
0.813456
0.815265
0.817077
0.818889
0.8207
0.822508
0.824311
0.826109
0.8279
0.829681
0.831452
0.833212
0.834958
0.836691
0.838408
0.840109
0.841792
0.843458
0.845103
0.846729
0.848333
0.849915
0.851474
0.85301
0.854522
0.856008
0.85747
0.858906
0.860315
0.861697
0.863052
0.864379
0.865679
0.86695
0.868192
0.869406
0.87059
0.871747
0.872874
0.873973
0.875042
0.876083
0.877097
0.878081
0.879038
0.879966
0.880867
0.88174
0.882586
0.883406
0.8842
0.884967
0.88571
0.886427
0.887119
0.887787
0.888431
0.889052
0.88965
0.890226
0.89078
0.891314
0.891828
0.892321
0.892795
0.893251
0.89369
0.89411
0.894514
0.894902
0.895273
0.895629
0.895971
0.896299
0.896614
0.896916
0.897205
0.897483
0.897749
0.898003
0.898247
0.89848
0.898703
0.898917
0.899122
0.899319
0.899508
0.899689
0.899862
0.900028
0.900186
0.900337
0.900481
0.900619
0.900749
0.900872
0.900989
0.901099
0.901202
0.901298
0.901387
0.90147
0.901545
0.901614
0.901675
0.901729
0.901775
0.901814
0.901845
0.901868
0.901883
0.901888
0.901884
0.901871
0.901847
0.901814
0.901769
0.901713
0.901645
0.901565
0.901472
0.901366
0.901246
0.901113
0.900964
0.9008
0.90062
0.900424
0.900211
0.899981
0.899733
0.899467
0.899182
0.898877
0.898553
0.898208
0.897842
0.897455
0.897047
0.896617
0.896164
0.895688
0.895189
0.894666
0.894119
0.893547
0.892951
0.89233
0.891684
0.891013
0.890316
0.889594
0.888846
0.888072
0.887272
0.886447
0.885597
0.884721
0.883819
0.882892
0.88194
0.880962
0.879959
0.878932
0.87788
0.876805
0.875705
0.874582
0.873436
0.872268
0.871077
0.869865
0.868632
0.867379
0.866106
0.864815
0.863505
0.862178
0.860833
0.859474
0.858099
0.85671
0.855308
0.853893
0.852467
0.851031
0.849584
0.848129
0.846666
0.845196
0.84372
0.84224
0.840756
0.839269
0.837781
0.836292
0.834803
0.833316
0.831832
0.83035
0.828873
0.827401
0.825935
0.824477
0.823028
0.821587
0.820157
0.818738
0.81733
0.815936
0.814556
0.813191
0.811842
0.81051
0.809196
0.807899
0.806622
0.805366
0.804129
0.802915
0.801723
0.800553
0.799407
0.798285
0.797189
0.796118
0.795072
0.794054
0.793062
0.792099
0.791165
0.790259
0.789382
0.788535
0.787718
0.786931
0.786176
0.785452
0.784759
0.784099
0.783471
0.782877
0.782315
0.781786
0.78129
0.780828
0.7804
0.780005
0.779644
0.779317
0.779024
0.778765
0.77854
0.778348
0.77819
0.778066
0.777974
0.777916
0.777892
0.7779
0.777941
0.778014
0.77812
0.778258
0.778427
0.778627
0.778859
0.77912
0.779412
0.779734
0.780084
0.780463
0.780871
0.781307
0.78177
0.782259
0.782774
0.783315
0.78388
0.784469
0.785082
0.785717
0.786374
0.787052
0.787751
0.788469
0.789207
0.789963
0.790738
0.791529
0.792337
0.793159
0.793996
0.794847
0.79571
0.796586
0.797473
0.798371
0.799278
0.800194
0.801118
0.802049
0.802986
0.803928
0.804875
0.805825
0.806778
0.807733
0.808689
0.809646
0.810602
0.811556
0.812508
0.813457
0.814402
0.815342
0.816276
0.817204
0.818126
0.81904
0.819945
0.820842
0.821729
0.822604
0.823467
0.824318
0.825156
0.825981
0.826791
0.827586
0.828365
0.829129
0.829876
0.830605
0.831317
0.83201
0.832685
0.83334
0.833976
0.834593
0.835188
0.835764
0.836318
0.836852
0.837364
0.837854
0.838322
0.838768
0.839192
0.839593
0.839972
0.840329
0.840664
0.840977
0.841268
0.841537
0.841784
0.842009
0.842213
0.842396
0.842558
0.8427
0.842821
0.842922
0.843003
0.843065
0.843107
0.843131
0.843136
0.843124
0.843094
0.843047
0.842984
0.842905
0.84281
0.842701
0.842577
0.842439
0.842288
0.842124
0.841948
0.841761
0.841563
0.841355
0.841137
0.84091
0.840676
0.840433
0.840184
0.839929
0.839667
0.8394
0.839129
0.838854
0.838575
0.838294
0.83801
0.837725
0.837438
0.837152
0.836865
0.836579
0.836294
0.83601
0.835729
0.835451
0.835175
0.834904
0.834637
0.834375
0.834117
0.833865
0.83362
0.83338
0.833148
0.832922
0.832704
0.832494
0.832292
0.8321
0.831917
0.831743
0.831579
0.831426
0.831283
0.831151
0.83103
0.830921
0.830825
0.830741
0.830671
0.830614
0.830571
0.830543
0.830528
0.830529
0.830544
0.830574
0.830619
0.83068
0.830757
0.83085
0.830959
0.831084
0.831226
0.831386
0.831562
0.831755
0.831966
0.832195
0.832441
0.832704
0.832986
0.833285
0.833602
0.833936
0.834288
0.834657
0.835043
0.835446
0.835866
0.836302
0.836754
0.837222
0.837705
0.838204
0.838717
0.839245
0.839787
0.840342
0.84091
0.84149
0.842083
0.842687
0.843302
0.843927
0.844561
0.845205
0.845856
0.846515
0.84718
0.847853
0.848531
0.849215
0.849903
0.850595
0.85129
0.851988
0.852688
0.853389
0.85409
0.85479
0.85549
0.856188
0.856884
0.857577
0.858265
0.85895
0.859631
0.860307
0.860977
0.86164
0.862298
0.862948
0.863591
0.864226
0.864853
0.865471
0.866081
0.866681
0.867273
0.867855
0.868427
0.868988
0.86954
0.870082
0.870614
0.871135
0.871646
0.872145
0.872634
0.873112
0.873579
0.874035
0.87448
0.874914
0.875338
0.875752
0.876155
0.876549
0.876933
0.877307
0.877672
0.878028
0.878375
0.878713
0.879043
0.879365
0.879678
0.879984
0.880283
0.880575
0.88086
0.881139
0.881412
0.88168
0.881943
0.882202
0.882455
0.882705
0.882951
0.883193
0.883432
0.883668
0.883902
0.884133
0.884363
0.884591
0.884819
0.885046
0.885272
0.885498
0.885725
0.885951
0.886179
0.886407
0.886637
0.886868
0.887101
0.887335
0.887571
0.88781
0.888051
0.888295
0.888541
0.88879
0.889042
0.889297
0.889555
0.889816
0.890081
0.890349
0.890619
0.890893
0.891169
0.891449
0.891732
0.892019
0.892309
0.892602
0.892898
0.893197
0.893499
0.893803
0.894111
0.89442
0.894732
0.895045
0.89536
0.895676
0.895994
0.896314
0.896634
0.896955
0.897276
0.897598
0.89792
0.898242
0.898563
0.898883
0.899203
0.899521
0.899837
0.900152
0.900464
0.900774
0.901082
0.901386
0.901687
0.901985
0.90228
0.90257
0.902855
0.903136
0.903412
0.903682
0.903947
0.904205
0.904457
0.904701
0.904939
0.90517
0.905394
0.90561
0.905817
0.906017
0.906208
0.90639
0.906563
0.906727
0.906881
0.907025
0.90716
0.907286
0.907401
0.907506
0.907599
0.907681
0.907752
0.907811
0.907859
0.907895
0.90792
0.907932
0.907933
0.907921
0.907898
0.907862
0.907814
0.907754
0.907682
0.907597
0.9075
0.907391
0.907269
0.907136
0.906992
0.906835
0.906667
0.906486
0.906294
0.906091
0.905876
0.90565
0.905413
0.905166
0.904909
0.904642
0.904366
0.90408
0.903785
0.903481
0.903169
0.902849
0.902521
0.902186
0.901845
0.901497
0.901144
0.900786
0.900422
0.900055
0.899683
0.899307
0.898928
0.898547
0.898164
0.89778
0.897395
0.897009
0.896623
0.896238
0.895853
0.89547
0.895087
0.894707
0.894329
0.893954
0.893584
0.893219
0.892859
0.892504
0.892153
0.891809
0.89147
0.891138
0.890813
0.890495
0.890185
0.889882
0.889588
0.889301
0.889023
0.888753
0.888492
0.88824
0.887998
0.887764
0.887541
0.887327
0.887123
0.886929
0.886743
0.886568
0.886402
0.886247
1.64998
1.64969
1.64936
1.64896
1.64851
1.64801
1.64744
1.64682
1.64614
1.64541
1.64461
1.64376
1.64285
1.64188
1.64085
1.63976
1.63861
1.6374
1.63613
1.63481
1.63342
1.63197
1.63046
1.62889
1.62726
1.62557
1.62381
1.62199
1.62012
1.61818
1.61617
1.61411
1.61199
1.6098
1.60755
1.60525
1.60288
1.60045
1.59797
1.59542
1.59282
1.59016
1.58744
1.58467
1.58184
1.57896
1.57602
1.57303
1.56999
1.5669
1.56377
1.56058
1.55736
1.55408
1.55077
1.54742
1.54403
1.5406
1.53714
1.53365
1.53012
1.52657
1.523
1.5194
1.51578
1.51214
1.50849
1.50482
1.50114
1.49745
1.49376
1.49005
1.48635
1.48264
1.47894
1.47524
1.47155
1.46786
1.46418
1.46051
1.45685
1.4532
1.44957
1.44595
1.44234
1.43876
1.43519
1.43163
1.42809
1.42457
1.42107
1.41759
1.41412
1.41067
1.40723
1.40381
1.40041
1.39702
1.39364
1.39028
1.38692
1.38358
1.38024
1.37692
1.3736
1.37029
1.36698
1.36368
1.36038
1.35708
1.35378
1.35049
1.34719
1.3439
1.3406
1.3373
1.334
1.3307
1.3274
1.32409
1.32078
1.31747
1.31416
1.31085
1.30754
1.30422
1.30091
1.2976
1.2943
1.29099
1.2877
1.28441
1.28112
1.27785
1.27459
1.27134
1.2681
1.26488
1.26168
1.2585
1.25534
1.25221
1.2491
1.24602
1.24298
1.23996
1.23698
1.23404
1.23114
1.22829
1.22548
1.22271
1.22
1.21733
1.21472
1.21217
1.20968
1.20725
1.20488
1.20257
1.20034
1.19817
1.19607
1.19405
1.1921
1.19023
1.18843
1.18672
1.18508
1.18353
1.18205
1.18066
1.17935
1.17812
1.17698
1.17592
1.17494
1.17404
1.17323
1.1725
1.17185
1.17128
1.17079
1.17037
1.17003
1.16976
1.16956
1.16944
1.16938
1.16938
1.16945
1.16957
1.16975
1.16999
1.17027
1.1706
1.17097
1.17139
1.17184
1.17232
1.17283
1.17337
1.17393
1.17451
1.1751
1.1757
1.17632
1.17694
1.17755
1.17817
1.17879
1.17939
1.17999
1.18058
1.18115
1.1817
1.18223
1.18274
1.18323
1.18369
1.18412
1.18453
1.1849
1.18525
1.18556
1.18584
1.18609
1.1863
1.18648
1.18663
1.18675
1.18683
1.18688
1.1869
1.18688
1.18684
1.18677
1.18667
1.18654
1.18639
1.18621
1.18601
1.18579
1.18555
1.18529
1.18502
1.18474
1.18444
1.18414
1.18383
1.18352
1.1832
1.18288
1.18257
1.18226
1.18196
1.18167
1.18139
1.18113
1.18088
1.18065
1.18044
1.18025
1.18009
1.17996
1.17986
1.17979
1.17976
1.17976
1.1798
1.17988
1.18
1.18016
1.18037
1.18062
1.18092
1.18127
1.18167
1.18212
1.18263
1.18318
1.18379
1.18445
1.18517
1.18594
1.18676
1.18764
1.18857
1.18956
1.19061
1.19171
1.19286
1.19406
1.19532
1.19664
1.198
1.19942
1.20088
1.2024
1.20397
1.20558
1.20723
1.20894
1.21068
1.21247
1.2143
1.21616
1.21807
1.22001
1.22198
1.22399
1.22603
1.22809
1.23018
1.2323
1.23445
1.23661
1.23879
1.24099
1.2432
1.24542
1.24766
1.2499
1.25215
1.2544
1.25665
1.25889
1.26114
1.26337
1.2656
1.26781
1.27001
1.27219
1.27435
1.2765
1.27861
1.2807
1.28276
1.28479
1.28679
1.28874
1.29066
1.29254
1.29438
1.29617
1.29792
1.29962
1.30126
1.30286
1.3044
1.30589
1.30732
1.30869
1.31
1.31125
1.31244
1.31357
1.31463
1.31563
1.31657
1.31744
1.31825
1.31899
1.31967
1.32029
1.32084
1.32133
1.32176
1.32212
1.32242
1.32267
1.32286
1.32299
1.32306
1.32308
1.32305
1.32297
1.32284
1.32266
1.32244
1.32218
1.32188
1.32154
1.32116
1.32076
1.32032
1.31986
1.31937
1.31885
1.31832
1.31776
1.3172
1.31661
1.31602
1.31541
1.3148
1.31419
1.31357
1.31294
1.31232
1.31169
1.31107
1.31045
1.30984
1.30923
1.30863
1.30804
1.30745
1.30687
1.30631
1.30575
1.30521
1.30468
1.30416
1.30365
1.30315
1.30267
1.30219
1.30173
1.30128
1.30084
1.30041
1.3
1.2996
1.2992
1.29882
1.29845
1.2981
1.29775
1.29741
1.29709
1.29677
1.29647
1.29618
1.2959
1.29563
1.29537
1.29513
1.2949
1.29468
1.29447
1.29428
1.2941
1.29394
1.29379
1.29365
1.29354
1.29344
1.29336
1.29329
1.29325
1.29322
1.29322
1.29324
1.29327
1.29334
1.29342
1.29353
1.29367
1.29383
1.29402
1.29423
1.29448
1.29475
1.29506
1.29539
1.29576
1.29616
1.29659
1.29705
1.29755
1.29809
1.29866
1.29926
1.29991
1.30058
1.3013
1.30205
1.30284
1.30367
1.30454
1.30544
1.30638
1.30736
1.30838
1.30943
1.31052
1.31165
1.31281
1.31401
1.31524
1.31651
1.31781
1.31914
1.32051
1.3219
1.32333
1.32479
1.32627
1.32778
1.32932
1.33088
1.33246
1.33406
1.33569
1.33733
1.339
1.34067
1.34236
1.34407
1.34579
1.34751
1.34924
1.35098
1.35273
1.35448
1.35623
1.35798
1.35973
1.36147
1.36321
1.36494
1.36667
1.36838
1.37009
1.37178
1.37345
1.37512
1.37676
1.37839
1.37999
1.38158
1.38314
1.38468
1.38619
1.38768
1.38914
1.39057
1.39197
1.39334
1.39468
1.39599
1.39726
1.3985
1.3997
1.40087
1.402
1.40309
1.40414
1.40515
1.40613
1.40706
1.40796
1.40881
1.40963
1.4104
1.41114
1.41183
1.41248
1.41309
1.41367
1.41419
1.41468
1.41513
1.41553
1.4159
1.41622
1.41651
1.41676
1.41696
1.41713
1.41726
1.41735
1.4174
1.41742
1.41739
1.41734
1.41725
1.41712
1.41696
1.41677
1.41654
1.41628
1.41599
1.41566
1.41531
1.41493
1.41451
1.41407
1.4136
1.41311
1.41258
1.41203
1.41146
1.41086
1.41024
1.40959
1.40892
1.40823
1.40751
1.40677
1.40601
1.40523
1.40442
1.4036
1.40276
1.40189
1.40101
1.4001
1.39918
1.39823
1.39727
1.39629
1.39529
1.39427
1.39323
1.39217
1.39109
1.39
1.38888
1.38775
1.3866
1.38543
1.38424
1.38304
1.38181
1.38057
1.37931
1.37803
1.37673
1.37541
1.37407
1.37272
1.37134
1.36995
1.36854
1.36711
1.36567
1.3642
1.36273
1.36123
1.35972
1.35819
1.35665
1.35509
1.35352
1.35193
1.35033
1.34872
1.3471
1.34547
1.34382
1.34217
1.34051
1.33885
1.33718
1.3355
1.33382
1.33214
1.33046
1.32878
1.3271
1.32542
1.32374
1.32208
1.32042
1.31876
1.31712
1.31549
1.31387
1.31227
1.31069
1.30912
1.30757
1.30604
1.30453
1.30304
1.30158
1.30014
1.29873
1.29735
1.296
1.29468
1.29338
1.29212
1.29089
1.2897
1.28853
1.28741
1.28631
1.28526
1.28423
1.28325
1.2823
1.28138
1.2805
1.27965
1.27884
1.27806
1.27732
1.27661
1.27593
1.27529
1.27467
1.27408
1.27352
1.27299
1.27249
1.27201
1.27156
1.27113
1.27072
1.27034
1.26997
1.26962
1.26929
1.26898
1.26868
1.26839
1.26812
1.26786
1.26761
1.26737
1.26713
1.26691
1.26669
1.26648
1.26627
1.26607
1.26587
1.26567
1.26548
1.26528
1.26509
1.2649
1.26471
1.26452
1.26433
1.26414
1.26394
1.26375
1.26355
1.26335
1.26314
1.26294
1.26273
1.26252
1.26231
1.26209
1.26187
1.26164
1.26142
1.26118
1.26095
1.26071
1.26047
1.26022
1.25997
1.25971
1.25945
1.25919
1.25892
1.25864
1.25836
1.25808
1.25778
1.25749
1.25718
1.25687
1.25656
1.25624
1.25591
1.25557
1.25523
1.25489
1.25453
1.25418
1.25381
1.25344
1.25307
1.2527
1.25232
1.25194
1.25155
1.25117
1.25079
1.2504
1.25002
1.24965
1.24927
1.24891
1.24855
1.2482
1.24786
1.24753
1.24722
1.24692
1.24664
1.24639
1.24615
1.24594
1.24575
1.24559
1.24547
1.24537
1.24532
1.24529
1.24531
1.24537
1.24547
1.24562
1.24581
1.24606
1.24635
1.2467
1.2471
1.24756
1.24807
1.24865
1.24928
1.24997
1.25073
1.25154
1.25242
1.25336
1.25436
1.25543
1.25656
1.25775
1.25901
1.26032
1.2617
1.26314
1.26463
1.26618
1.26779
1.26945
1.27116
1.27292
1.27473
1.27659
1.27849
1.28044
1.28242
1.28444
1.2865
1.28858
1.2907
1.29284
1.29501
1.2972
1.29941
1.30163
1.30387
1.30611
1.30837
1.31063
1.31289
1.31516
1.31742
1.31967
1.32192
1.32416
1.32638
1.32859
1.33079
1.33296
1.33512
1.33725
1.33936
1.34144
1.3435
1.34553
1.34752
1.34949
1.35142
1.35331
1.35518
1.357
1.35879
1.36054
1.36226
1.36393
1.36557
1.36716
1.36872
1.37023
1.3717
1.37314
1.37453
1.37588
1.37719
1.37846
1.37969
1.38088
1.38203
1.38314
1.3842
1.38523
1.38622
1.38717
1.38808
1.38895
1.38978
1.39058
1.39133
1.39205
1.39273
1.39338
1.39399
1.39457
1.39511
1.39561
1.39608
1.39651
1.39691
1.39728
1.39761
1.39791
1.39818
1.39841
1.39861
1.39877
1.3989
1.399
1.39907
1.3991
1.39909
1.39906
1.39899
1.39889
1.39875
1.39858
1.39837
1.39813
1.39786
1.39755
1.39721
1.39683
1.39642
1.39598
1.3955
1.39498
1.39443
1.39385
1.39324
1.39259
1.3919
1.39118
1.39043
1.38965
1.38883
1.38798
1.38709
1.38618
1.38523
1.38425
1.38323
1.38219
1.38111
1.38001
1.37887
1.37771
1.37651
1.37529
1.37404
1.37276
1.37145
1.37011
1.36875
1.36736
1.36594
1.3645
1.36303
1.36154
1.36002
1.35847
1.3569
1.35531
1.35369
1.35205
1.35038
1.3487
1.34698
1.34525
1.34349
1.34171
1.3399
1.33808
1.33623
1.33436
1.33247
1.33055
1.32862
1.32666
1.32469
1.32269
1.32068
1.31864
1.31659
1.65003
1.64756
1.64502
1.64241
1.63975
1.63703
1.63425
1.63141
1.62852
1.62557
1.62257
1.61953
1.61643
1.61328
1.6101
1.60687
1.6036
1.60029
1.59695
1.59358
1.59017
1.58674
1.58328
1.57979
1.57629
1.57278
1.56924
1.5657
1.56215
1.55859
1.55502
1.55146
1.54789
1.54433
1.54078
1.53724
1.5337
1.53018
1.52667
1.52319
1.51972
1.51627
1.51285
1.50945
1.50608
1.50274
1.49943
1.49615
1.49291
1.48971
1.48655
1.48343
1.48036
1.47733
1.47435
1.47141
1.46854
1.46571
1.46295
1.46024
1.45759
1.45501
1.45248
1.45003
1.44765
1.44534
1.4431
1.44093
1.43884
1.43683
1.4349
1.43305
1.43128
1.4296
1.428
1.42649
1.42506
1.42372
1.42247
1.42131
1.42023
1.41925
1.41835
1.41754
1.41681
1.41618
1.41562
1.41516
1.41477
1.41447
1.41425
1.4141
1.41403
1.41404
1.41411
1.41426
1.41447
1.41475
1.41509
1.4155
1.41596
1.41647
1.41704
1.41765
1.41832
1.41903
1.41978
1.42057
1.4214
1.42226
1.42316
1.42409
1.42504
1.42602
1.42703
1.42806
1.42911
1.43018
1.43127
1.43238
1.4335
1.43464
1.43579
1.43695
1.43813
1.43931
1.44051
1.44172
1.44293
1.44416
1.4454
1.44664
1.44789
1.44916
1.45043
1.45171
1.453
1.4543
1.45561
1.45693
1.45826
1.4596
1.46095
1.46232
1.46369
1.46508
1.46648
1.46789
1.46932
1.47076
1.47221
1.47367
1.47515
1.47664
1.47814
1.47966
1.48119
1.48273
1.48429
1.48586
1.48744
1.48903
1.49064
1.49225
1.49388
1.49552
1.49716
1.49882
1.50048
1.50215
1.50383
1.50551
1.5072
1.50889
1.51059
1.51229
1.51399
1.51569
1.5174
1.5191
1.5208
1.52249
1.52418
1.52587
1.52754
1.52921
1.53088
1.53253
1.53417
1.53579
1.53741
1.53901
1.54059
1.54215
1.5437
1.54522
1.54672
1.5482
1.54965
1.55108
1.55248
1.55385
1.55519
1.55649
1.55776
1.55899
1.56018
1.56133
1.56244
1.56351
1.56453
1.5655
1.56642
1.56729
1.56811
1.56887
1.56957
1.57021
1.57079
1.57131
1.57176
1.57214
1.57245
1.5727
1.57286
1.57295
1.57297
1.5729
1.57275
1.57252
1.57221
1.5718
1.57132
1.57074
1.57007
1.5693
1.56845
1.5675
1.56645
1.56531
1.56407
1.56273
1.5613
1.55976
1.55813
1.55639
1.55456
1.55262
1.55059
1.54846
1.54623
1.54391
1.54149
1.53898
1.53637
1.53368
1.5309
1.52803
1.52507
1.52203
1.51892
1.51573
1.51247
1.50913
1.50574
1.50228
1.49876
1.49519
1.49157
1.48791
1.48421
1.48047
1.4767
1.47291
1.46909
1.46527
1.46143
1.45759
1.45376
1.44993
1.44612
1.44232
1.43856
1.43482
1.43112
1.42746
1.42385
1.4203
1.4168
1.41337
1.41001
1.40672
1.40352
1.40039
1.39736
1.39441
1.39157
1.38882
1.38617
1.38363
1.3812
1.37888
1.37667
1.37458
1.37261
1.37076
1.36903
1.36742
1.36593
1.36457
1.36333
1.36222
1.36123
1.36037
1.35963
1.35901
1.35852
1.35815
1.3579
1.35777
1.35775
1.35786
1.35808
1.35841
1.35886
1.35941
1.36008
1.36085
1.36172
1.3627
1.36377
1.36495
1.36621
1.36757
1.36902
1.37055
1.37217
1.37387
1.37565
1.3775
1.37943
1.38143
1.3835
1.38563
1.38782
1.39006
1.39237
1.39472
1.39712
1.39957
1.40206
1.40459
1.40716
1.40975
1.41238
1.41504
1.41772
1.42042
1.42314
1.42588
1.42863
1.43139
1.43416
1.43694
1.43971
1.44249
1.44527
1.44805
1.45082
1.45358
1.45633
1.45907
1.46179
1.4645
1.4672
1.46987
1.47252
1.47515
1.47776
1.48034
1.4829
1.48543
1.48793
1.4904
1.49284
1.49524
1.49762
1.49995
1.50226
1.50452
1.50675
1.50894
1.51109
1.5132
1.51527
1.5173
1.51928
1.52122
1.52312
1.52498
1.52679
1.52855
1.53027
1.53194
1.53357
1.53515
1.53668
1.53817
1.5396
1.54099
1.54233
1.54362
1.54487
1.54606
1.5472
1.5483
1.54934
1.55034
1.55129
1.55218
1.55304
1.55384
1.55459
1.5553
1.55596
1.55657
1.55714
1.55766
1.55814
1.55857
1.55896
1.55931
1.55961
1.55987
1.5601
1.56028
1.56043
1.56054
1.56061
1.56064
1.56065
1.56062
1.56055
1.56046
1.56033
1.56018
1.56
1.55979
1.55956
1.5593
1.55903
1.55872
1.5584
1.55806
1.5577
1.55732
1.55693
1.55652
1.5561
1.55567
1.55522
1.55477
1.5543
1.55383
1.55336
1.55287
1.55239
1.5519
1.55141
1.55092
1.55043
1.54994
1.54946
1.54898
1.5485
1.54803
1.54757
1.54711
1.54667
1.54623
1.5458
1.54538
1.54498
1.54459
1.5442
1.54384
1.54348
1.54314
1.54282
1.54251
1.54221
1.54193
1.54167
1.54142
1.54119
1.54098
1.54078
1.54059
1.54043
1.54027
1.54014
1.54002
1.53991
1.53982
1.53974
1.53968
1.53963
1.53959
1.53957
1.53956
1.53955
1.53956
1.53958
1.53961
1.53966
1.53971
1.53976
1.53983
1.53991
1.53999
1.54008
1.54018
1.54028
1.54039
1.5405
1.54062
1.54075
1.54087
1.54101
1.54114
1.54128
1.54143
1.54158
1.54173
1.54189
1.54205
1.54221
1.54238
1.54255
1.54273
1.54291
1.5431
1.54329
1.54348
1.54368
1.54388
1.54409
1.5443
1.54452
1.54474
1.54497
1.54521
1.54544
1.54569
1.54594
1.5462
1.54646
1.54673
1.547
1.54728
1.54756
1.54785
1.54814
1.54844
1.54874
1.54904
1.54935
1.54966
1.54997
1.55028
1.5506
1.55091
1.55122
1.55153
1.55183
1.55213
1.55242
1.55271
1.55299
1.55327
1.55353
1.55378
1.55402
1.55426
1.55447
1.55468
1.55487
1.55504
1.55519
1.55533
1.55544
1.55554
1.55561
1.55565
1.55567
1.55567
1.55563
1.55557
1.55548
1.55536
1.5552
1.55501
1.55479
1.55454
1.55425
1.55392
1.55356
1.55316
1.55272
1.55224
1.55173
1.55117
1.55058
1.54995
1.54928
1.54857
1.54782
1.54703
1.5462
1.54533
1.54443
1.54349
1.54251
1.5415
1.54045
1.53937
1.53825
1.5371
1.53592
1.53471
1.53347
1.5322
1.53091
1.52959
1.52825
1.52689
1.52551
1.52412
1.52271
1.5213
1.51987
1.51845
1.51701
1.51558
1.51416
1.51273
1.51132
1.50993
1.50855
1.50719
1.50585
1.50455
1.50327
1.50204
1.50084
1.49969
1.49858
1.49753
1.49653
1.4956
1.49472
1.49392
1.49319
1.49253
1.49195
1.49145
1.49103
1.4907
1.49046
1.49032
1.49027
1.49031
1.49045
1.4907
1.49104
1.49148
1.49203
1.49267
1.49342
1.49427
1.49521
1.49626
1.4974
1.49864
1.49996
1.50138
1.50289
1.50448
1.50615
1.50789
1.50971
1.5116
1.51355
1.51557
1.51764
1.51976
1.52193
1.52414
1.52638
1.52866
1.53096
1.53329
1.53563
1.53798
1.54034
1.5427
1.54505
1.54739
1.54972
1.55204
1.55432
1.55658
1.55881
1.561
1.56315
1.56525
1.5673
1.5693
1.57125
1.57314
1.57496
1.57672
1.57841
1.58003
1.58158
1.58305
1.58445
1.58578
1.58702
1.58818
1.58926
1.59026
1.59118
1.59201
1.59276
1.59342
1.594
1.5945
1.59492
1.59526
1.59551
1.59568
1.59578
1.5958
1.59574
1.5956
1.5954
1.59512
1.59477
1.59436
1.59388
1.59333
1.59272
1.59206
1.59133
1.59055
1.58972
1.58883
1.5879
1.58691
1.58588
1.58481
1.5837
1.58255
1.58135
1.58013
1.57887
1.57757
1.57625
1.57489
1.57351
1.5721
1.57067
1.56921
1.56773
1.56623
1.56471
1.56317
1.56161
1.56003
1.55844
1.55683
1.55521
1.55358
1.55193
1.55028
1.54862
1.54695
1.54528
1.5436
1.54191
1.54023
1.53855
1.53687
1.53519
1.53352
1.53185
1.5302
1.52856
1.52693
1.52532
1.52373
1.52216
1.52061
1.5191
1.51761
1.51615
1.51473
1.51334
1.512
1.5107
1.50945
1.50824
1.50709
1.506
1.50496
1.50398
1.50306
1.5022
1.50142
1.5007
1.50005
1.49947
1.49896
1.49853
1.49817
1.49789
1.49768
1.49755
1.4975
1.49751
1.49761
1.49777
1.49801
1.49832
1.4987
1.49914
1.49965
1.50022
1.50085
1.50154
1.50227
1.50306
1.50389
1.50477
1.50568
1.50663
1.50761
1.50861
1.50964
1.51068
1.51173
1.5128
1.51387
1.51494
1.516
1.51706
1.5181
1.51914
1.52015
1.52114
1.5221
1.52303
1.52393
1.52479
1.52562
1.5264
1.52715
1.52784
1.52849
1.52909
1.52964
1.53014
1.53058
1.53098
1.53132
1.53161
1.53184
1.53203
1.53216
1.53225
1.53228
1.53227
1.53222
1.53212
1.53198
1.53181
1.5316
1.53135
1.53108
1.53079
1.53047
1.53014
1.5298
1.52944
1.52908
1.52872
1.52836
1.528
1.52766
1.52733
1.52701
1.52672
1.52645
1.52621
1.526
1.52583
1.52569
1.52559
1.52553
1.52552
1.52555
1.52562
1.52574
1.5259
1.52611
1.52637
1.52667
1.52701
1.5274
1.52782
1.52828
1.52878
1.52931
1.52986
1.53045
1.53105
1.53168
1.53232
1.53298
1.53364
1.53431
1.53498
1.53564
1.5363
1.53695
1.53758
1.53819
1.53879
1.53935
1.5399
1.54041
1.54089
1.54133
1.54174
1.54211
1.54244
1.54273
1.54298
1.54318
1.54334
1.54346
1.54354
1.54357
1.54356
1.54351
1.54341
1.54327
1.5431
1.54289
1.54264
1.54235
1.54203
1.54168
1.5413
1.54089
1.54046
1.54
1.53951
1.53901
1.53848
1.53794
1.53738
1.5368
1.53621
1.53561
1.535
1.53438
1.53376
1.53312
1.53248
1.53184
1.5312
1.53055
1.5299
1.52926
1.52862
1.52798
1.52735
1.52672
1.5261
1.52549
1.52489
1.5243
1.52372
1.52315
1.5226
1.52206
1.52154
1.52104
1.6499
1.64932
1.64874
1.64817
1.64761
1.64707
1.64654
1.64604
1.64555
1.64508
1.64463
1.64421
1.64382
1.64346
1.64314
1.64284
1.64259
1.64237
1.64219
1.64206
1.64197
1.64192
1.64193
1.64198
1.64208
1.64223
1.64243
1.64268
1.64299
1.64335
1.64376
1.64423
1.64475
1.64532
1.64595
1.64664
1.64737
1.64815
1.64899
1.64987
1.6508
1.65178
1.6528
1.65386
1.65496
1.6561
1.65728
1.65849
1.65973
1.661
1.6623
1.66362
1.66496
1.66632
1.6677
1.66909
1.67049
1.6719
1.67331
1.67473
1.67615
1.67756
1.67897
1.68038
1.68177
1.68315
1.68452
1.68588
1.68721
1.68853
1.68983
1.6911
1.69235
1.69358
1.69478
1.69596
1.6971
1.69822
1.69931
1.70036
1.70139
1.70238
1.70334
1.70427
1.70517
1.70604
1.70688
1.70768
1.70846
1.7092
1.70991
1.7106
1.71125
1.71188
1.71248
1.71305
1.7136
1.71412
1.71462
1.71509
1.71554
1.71597
1.71639
1.71678
1.71715
1.7175
1.71783
1.71815
1.71845
1.71873
1.71899
1.71924
1.71947
1.71968
1.71988
1.72006
1.72022
1.72036
1.72049
1.7206
1.72069
1.72077
1.72082
1.72085
1.72087
1.72086
1.72082
1.72077
1.72068
1.72058
1.72044
1.72028
1.72009
1.71986
1.7196
1.71931
1.71899
1.71862
1.71822
1.71778
1.7173
1.71677
1.7162
1.71559
1.71492
1.71421
1.71345
1.71265
1.71179
1.71087
1.70991
1.70889
1.70781
1.70668
1.70549
1.70424
1.70293
1.70157
1.70014
1.69866
1.69711
1.6955
1.69383
1.6921
1.69031
1.68846
1.68654
1.68457
1.68253
1.68042
1.67826
1.67603
1.67374
1.67139
1.66898
1.66651
1.66398
1.66139
1.65874
1.65604
1.65327
1.65046
1.64758
1.64466
1.64168
1.63865
1.63558
1.63245
1.62928
1.62606
1.6228
1.6195
1.61617
1.6128
1.60939
1.60595
1.60249
1.599
1.59549
1.59196
1.58841
1.58485
1.58129
1.57772
1.57415
1.57058
1.56702
1.56348
1.55995
1.55645
1.55297
1.54953
1.54612
1.54276
1.53944
1.53618
1.53298
1.52985
1.52679
1.5238
1.5209
1.51808
1.51535
1.51273
1.5102
1.50779
1.50549
1.5033
1.50124
1.4993
1.49749
1.49581
1.49427
1.49287
1.49161
1.4905
1.48953
1.48871
1.48804
1.48752
1.48715
1.48693
1.48685
1.48693
1.48716
1.48753
1.48805
1.48871
1.48952
1.49046
1.49154
1.49276
1.4941
1.49557
1.49716
1.49887
1.50069
1.50262
1.50466
1.50679
1.50902
1.51134
1.51375
1.51623
1.51879
1.52142
1.52411
1.52686
1.52966
1.53252
1.53541
1.53834
1.54131
1.5443
1.54731
1.55034
1.55339
1.55644
1.5595
1.56255
1.5656
1.56864
1.57166
1.57467
1.57766
1.58062
1.58355
1.58646
1.58932
1.59215
1.59494
1.59768
1.60038
1.60303
1.60563
1.60817
1.61066
1.61309
1.61546
1.61777
1.62002
1.62221
1.62433
1.62638
1.62837
1.63029
1.63214
1.63393
1.63564
1.63729
1.63886
1.64036
1.64179
1.64315
1.64443
1.64565
1.64679
1.64786
1.64886
1.64979
1.65064
1.65143
1.65214
1.65278
1.65335
1.65386
1.65429
1.65465
1.65495
1.65518
1.65534
1.65543
1.65546
1.65542
1.65532
1.65516
1.65494
1.65466
1.65431
1.65391
1.65346
1.65295
1.65238
1.65176
1.65109
1.65038
1.64961
1.6488
1.64794
1.64704
1.64611
1.64513
1.64411
1.64306
1.64198
1.64087
1.63973
1.63856
1.63736
1.63614
1.6349
1.63364
1.63237
1.63107
1.62976
1.62843
1.6271
1.62575
1.62439
1.62302
1.62164
1.62025
1.61886
1.61746
1.61605
1.61463
1.61321
1.61178
1.61034
1.6089
1.60745
1.60599
1.60453
1.60306
1.60158
1.60008
1.59858
1.59707
1.59555
1.59402
1.59248
1.59093
1.58936
1.58778
1.5862
1.5846
1.58298
1.58136
1.57972
1.57808
1.57643
1.57476
1.57309
1.57142
1.56974
1.56806
1.56638
1.56469
1.56301
1.56134
1.55967
1.55802
1.55637
1.55474
1.55313
1.55154
1.54997
1.54843
1.54692
1.54544
1.54399
1.54259
1.54123
1.53991
1.53864
1.53742
1.53626
1.53515
1.5341
1.53311
1.53219
1.53133
1.53053
1.52981
1.52916
1.52859
1.52809
1.52767
1.52733
1.52706
1.52688
1.52678
1.52676
1.52682
1.52696
1.52719
1.5275
1.52789
1.52836
1.52892
1.52955
1.53027
1.53106
1.53193
1.53287
1.53389
1.53497
1.53613
1.53735
1.53864
1.53999
1.5414
1.54286
1.54437
1.54594
1.54755
1.5492
1.5509
1.55263
1.55439
1.55618
1.558
1.55984
1.5617
1.56357
1.56545
1.56734
1.56924
1.57114
1.57304
1.57493
1.57682
1.57869
1.58056
1.58241
1.58424
1.58605
1.58784
1.5896
1.59134
1.59306
1.59475
1.5964
1.59803
1.59962
1.60118
1.60271
1.6042
1.60566
1.60708
1.60847
1.60982
1.61114
1.61242
1.61367
1.61488
1.61606
1.6172
1.61832
1.6194
1.62044
1.62146
1.62245
1.62341
1.62433
1.62524
1.62611
1.62696
1.62778
1.62858
1.62936
1.63011
1.63084
1.63156
1.63225
1.63292
1.63358
1.63422
1.63484
1.63545
1.63605
1.63663
1.6372
1.63775
1.63829
1.63882
1.63933
1.63984
1.64033
1.64081
1.64128
1.64173
1.64218
1.64261
1.64303
1.64343
1.64383
1.64421
1.64457
1.64492
1.64526
1.64558
1.64588
1.64617
1.64643
1.64668
1.64691
1.64711
1.6473
1.64746
1.6476
1.64771
1.64779
1.64785
1.64788
1.64789
1.64786
1.6478
1.64771
1.64759
1.64744
1.64725
1.64703
1.64677
1.64647
1.64614
1.64577
1.64537
1.64493
1.64445
1.64393
1.64338
1.64278
1.64215
1.64149
1.64078
1.64004
1.63927
1.63845
1.63761
1.63673
1.63582
1.63487
1.6339
1.63289
1.63186
1.6308
1.62971
1.6286
1.62747
1.62631
1.62514
1.62395
1.62274
1.62151
1.62027
1.61902
1.61776
1.61649
1.61521
1.61392
1.61264
1.61135
1.61006
1.60877
1.60749
1.60621
1.60494
1.60368
1.60243
1.6012
1.59998
1.59877
1.59758
1.59642
1.59527
1.59415
1.59306
1.59199
1.59096
1.58995
1.58898
1.58805
1.58715
1.58629
1.58548
1.5847
1.58397
1.58329
1.58265
1.58207
1.58153
1.58104
1.5806
1.58021
1.57987
1.57959
1.57935
1.57917
1.57904
1.57896
1.57893
1.57894
1.57901
1.57912
1.57928
1.57948
1.57972
1.58001
1.58033
1.58068
1.58107
1.58148
1.58193
1.58239
1.58288
1.58338
1.5839
1.58444
1.58498
1.58552
1.58608
1.58663
1.58717
1.58771
1.58825
1.58877
1.58928
1.58978
1.59026
1.59071
1.59115
1.59155
1.59194
1.59229
1.59261
1.5929
1.59316
1.59338
1.59356
1.59372
1.59383
1.59391
1.59395
1.59395
1.59391
1.59384
1.59373
1.59358
1.5934
1.59318
1.59292
1.59263
1.5923
1.59195
1.59155
1.59113
1.59068
1.5902
1.5897
1.58917
1.58861
1.58804
1.58744
1.58683
1.58619
1.58555
1.58489
1.58422
1.58354
1.58286
1.58217
1.58148
1.58078
1.58009
1.57941
1.57872
1.57805
1.57739
1.57673
1.57609
1.57547
1.57487
1.57428
1.57371
1.57317
1.57266
1.57217
1.5717
1.57127
1.57087
1.5705
1.57017
1.56987
1.56961
1.56938
1.56919
1.56905
1.56894
1.56888
1.56885
1.56887
1.56893
1.56904
1.56919
1.56938
1.56962
1.5699
1.57022
1.57059
1.57101
1.57146
1.57196
1.57251
1.5731
1.57373
1.5744
1.57511
1.57586
1.57665
1.57748
1.57835
1.57925
1.58018
1.58115
1.58215
1.58318
1.58424
1.58533
1.58645
1.58759
1.58876
1.58995
1.59116
1.5924
1.59365
1.59492
1.59621
1.59751
1.59882
1.60015
1.60149
1.60283
1.60419
1.60555
1.60691
1.60829
1.60966
1.61103
1.61241
1.61378
1.61516
1.61653
1.61789
1.61926
1.62061
1.62196
1.6233
1.62463
1.62594
1.62725
1.62854
1.62982
1.63109
1.63234
1.63357
1.63478
1.63598
1.63716
1.63831
1.63945
1.64057
1.64166
1.64273
1.64378
1.6448
1.6458
1.64678
1.64772
1.64865
1.64954
1.65041
1.65125
1.65206
1.65285
1.65361
1.65433
1.65503
1.6557
1.65634
1.65695
1.65753
1.65808
1.65859
1.65908
1.65953
1.65995
1.66034
1.66069
1.66101
1.6613
1.66155
1.66177
1.66195
1.6621
1.66221
1.66229
1.66232
1.66232
1.66229
1.66221
1.6621
1.66195
1.66176
1.66153
1.66127
1.66096
1.66062
1.66024
1.65983
1.65937
1.65888
1.65835
1.65779
1.65719
1.65656
1.6559
1.6552
1.65448
1.65373
1.65295
1.65215
1.65133
1.65049
1.64963
1.64876
1.64788
1.64699
1.64609
1.64519
1.64429
1.64339
1.6425
1.64162
1.64076
1.63991
1.63909
1.63829
1.63751
1.63677
1.63606
1.63538
1.63474
1.63414
1.63358
1.63306
1.63258
1.63215
1.63176
1.63141
1.6311
1.63083
1.63061
1.63042
1.63026
1.63014
1.63005
1.62998
1.62994
1.62992
1.62991
1.62991
1.62992
1.62993
1.62994
1.62995
1.62994
1.62991
1.62987
1.6298
1.6297
1.62956
1.62939
1.62917
1.62892
1.62861
1.62825
1.62784
1.62737
1.62684
1.62625
1.62559
1.62488
1.6241
1.62325
1.62234
1.62136
1.62032
1.61921
1.61804
1.61681
1.61551
1.61416
1.61275
1.61128
1.60976
1.60819
1.60657
1.6049
1.6032
1.60145
1.59967
1.59785
1.59601
1.59414
1.59224
1.59033
1.58841
1.58648
1.58453
1.58258
1.58064
1.5787
1.57676
1.57484
1.57292
1.57103
1.56916
1.56731
1.56549
1.5637
1.56195
1.56023
1.55855
1.55691
1.55532
1.55377
1.55227
1.55082
1.54942
1.54808
1.54679
1.54555
1.54438
1.54326
1.5422
1.5412
1.54026
1.53938
1.53856
1.6499
1.64909
1.64832
1.6476
1.64692
1.64628
1.64568
1.64511
1.64459
1.64411
1.64366
1.64324
1.64286
1.6425
1.64218
1.64188
1.6416
1.64135
1.64111
1.64089
1.64068
1.64048
1.64029
1.64011
1.63992
1.63974
1.63954
1.63934
1.63913
1.6389
1.63865
1.63838
1.63809
1.63776
1.63741
1.63702
1.63659
1.63613
1.63562
1.63506
1.63446
1.63381
1.63311
1.63235
1.63154
1.63067
1.62975
1.62877
1.62773
1.62663
1.62547
1.62425
1.62298
1.62164
1.62025
1.61881
1.6173
1.61575
1.61414
1.61248
1.61077
1.60902
1.60722
1.60538
1.60351
1.60159
1.59964
1.59767
1.59566
1.59363
1.59158
1.58951
1.58743
1.58533
1.58322
1.58111
1.57899
1.57687
1.57476
1.57265
1.57054
1.56845
1.56637
1.5643
1.56225
1.56022
1.55822
1.55623
1.55427
1.55234
1.55044
1.54857
1.54673
1.54493
1.54316
1.54142
1.53973
1.53807
1.53645
1.53487
1.53333
1.53183
1.53038
1.52897
1.52761
1.52629
1.52502
1.52379
1.52262
1.52149
1.52041
1.51939
1.51842
1.5175
1.51665
1.51584
1.5151
1.51442
1.5138
1.51325
1.51277
1.51235
1.512
1.51173
1.51153
1.5114
1.51136
1.51139
1.51151
1.51171
1.512
1.51237
1.51284
1.5134
1.51405
1.51479
1.51564
1.51658
1.51762
1.51875
1.51999
1.52132
1.52276
1.52429
1.52592
1.52765
1.52947
1.53139
1.53339
1.53549
1.53768
1.53995
1.54229
1.54472
1.54722
1.5498
1.55243
1.55513
1.55789
1.5607
1.56356
1.56647
1.56941
1.57238
1.57538
1.5784
1.58144
1.58449
1.58755
1.5906
1.59365
1.59669
1.59971
1.60272
1.6057
1.60864
1.61155
1.61442
1.61725
1.62003
1.62275
1.62542
1.62803
1.63057
1.63305
1.63546
1.6378
1.64007
1.64226
1.64437
1.6464
1.64835
1.65022
1.652
1.6537
1.65532
1.65685
1.6583
1.65966
1.66094
1.66213
1.66324
1.66427
1.66521
1.66608
1.66686
1.66757
1.6682
1.66875
1.66923
1.66964
1.66997
1.67024
1.67045
1.67059
1.67067
1.67069
1.67065
1.67057
1.67043
1.67024
1.67001
1.66973
1.66942
1.66906
1.66867
1.66825
1.6678
1.66732
1.66682
1.6663
1.66576
1.6652
1.66463
1.66405
1.66346
1.66286
1.66226
1.66166
1.66105
1.66045
1.65985
1.65926
1.65867
1.65809
1.65751
1.65695
1.65639
1.65585
1.65531
1.65479
1.65428
1.65378
1.6533
1.65282
1.65236
1.6519
1.65146
1.65102
1.6506
1.65018
1.64977
1.64936
1.64896
1.64856
1.64817
1.64778
1.64738
1.64699
1.64659
1.64619
1.64578
1.64537
1.64495
1.64452
1.64408
1.64364
1.64318
1.64272
1.64224
1.64176
1.64127
1.64077
1.64026
1.63974
1.63922
1.63869
1.63815
1.63761
1.63707
1.63653
1.63599
1.63545
1.63492
1.6344
1.63388
1.63338
1.63289
1.63241
1.63195
1.63151
1.63109
1.63068
1.63031
1.62996
1.62963
1.62933
1.62905
1.62881
1.62859
1.6284
1.62824
1.62811
1.62801
1.62793
1.62788
1.62786
1.62786
1.62789
1.62793
1.628
1.62808
1.62817
1.62828
1.62839
1.62852
1.62864
1.62877
1.62889
1.629
1.62911
1.62921
1.62929
1.62935
1.62939
1.62941
1.6294
1.62936
1.62928
1.62917
1.62903
1.62884
1.62862
1.62835
1.62803
1.62766
1.62725
1.62679
1.62627
1.62571
1.62509
1.62441
1.62369
1.6229
1.62207
1.62118
1.62024
1.61924
1.61819
1.61709
1.61594
1.61474
1.61349
1.6122
1.61086
1.60948
1.60805
1.60659
1.60509
1.60355
1.60198
1.60038
1.59875
1.59709
1.59541
1.5937
1.59198
1.59023
1.58847
1.5867
1.58492
1.58313
1.58133
1.57952
1.57771
1.5759
1.5741
1.57229
1.57049
1.5687
1.56691
1.56513
1.56336
1.56161
1.55986
1.55813
1.55642
1.55472
1.55303
1.55136
1.54971
1.54808
1.54646
1.54486
1.54328
1.54172
1.54017
1.53865
1.53714
1.53564
1.53417
1.53271
1.53127
1.52985
1.52844
1.52705
1.52567
1.52431
1.52297
1.52164
1.52033
1.51904
1.51776
1.51651
1.51527
1.51405
1.51284
1.51166
1.5105
1.50936
1.50824
1.50715
1.50608
1.50504
1.50402
1.50304
1.50208
1.50116
1.50027
1.49941
1.4986
1.49781
1.49707
1.49637
1.49571
1.4951
1.49453
1.49401
1.49355
1.49313
1.49276
1.49244
1.49219
1.49198
1.49183
1.49174
1.49171
1.49173
1.49182
1.49196
1.49216
1.49241
1.49273
1.4931
1.49353
1.49402
1.49456
1.49516
1.49581
1.49651
1.49726
1.49805
1.4989
1.49979
1.50072
1.50169
1.50271
1.50376
1.50484
1.50596
1.50711
1.50829
1.50949
1.51072
1.51198
1.51327
1.51458
1.51591
1.51726
1.51863
1.52003
1.52144
1.52288
1.52434
1.52582
1.52733
1.52887
1.53043
1.53202
1.53364
1.5353
1.53699
1.53872
1.54049
1.5423
1.54417
1.54608
1.54804
1.55005
1.55212
1.55424
1.55643
1.55867
1.56098
1.56334
1.56577
1.56827
1.57082
1.57344
1.57611
1.57885
1.58164
1.58448
1.58737
1.59031
1.59329
1.59632
1.59937
1.60246
1.60557
1.6087
1.61185
1.615
1.61815
1.6213
1.62444
1.62757
1.63067
1.63375
1.63679
1.6398
1.64276
1.64567
1.64853
1.65133
1.65407
1.65673
1.65933
1.66185
1.66429
1.66665
1.66893
1.67112
1.67322
1.67522
1.67714
1.67896
1.68069
1.68233
1.68388
1.68532
1.68668
1.68794
1.68911
1.69018
1.69117
1.69207
1.69288
1.69361
1.69425
1.69482
1.69531
1.69572
1.69606
1.69633
1.69653
1.69667
1.69675
1.69677
1.69674
1.69665
1.69653
1.69636
1.69615
1.6959
1.69562
1.69532
1.69499
1.69464
1.69427
1.69389
1.6935
1.69311
1.69272
1.69233
1.69194
1.69157
1.69121
1.69087
1.69054
1.69024
1.68997
1.68973
1.68953
1.68936
1.68922
1.68913
1.68909
1.68909
1.68914
1.68924
1.68939
1.6896
1.68986
1.69018
1.69056
1.69099
1.69149
1.69204
1.69265
1.69333
1.69406
1.69485
1.6957
1.6966
1.69756
1.69857
1.69963
1.70074
1.7019
1.70311
1.70435
1.70564
1.70696
1.70831
1.70969
1.7111
1.71253
1.71398
1.71544
1.71691
1.71839
1.71986
1.72133
1.7228
1.72425
1.72569
1.7271
1.72849
1.72985
1.73117
1.73245
1.73369
1.73488
1.73602
1.7371
1.73812
1.73907
1.73996
1.74078
1.74153
1.7422
1.74279
1.7433
1.74373
1.74407
1.74432
1.74449
1.74456
1.74455
1.74445
1.74426
1.74397
1.7436
1.74314
1.74259
1.74196
1.74124
1.74045
1.73957
1.73861
1.73759
1.73649
1.73533
1.7341
1.73282
1.73148
1.7301
1.72867
1.7272
1.72569
1.72416
1.7226
1.72102
1.71943
1.71783
1.71622
1.71462
1.71302
1.71143
1.70986
1.70831
1.70679
1.70529
1.70383
1.70241
1.70102
1.69968
1.69839
1.69715
1.69596
1.69482
1.69374
1.69272
1.69176
1.69086
1.69002
1.68924
1.68852
1.68787
1.68727
1.68674
1.68626
1.68584
1.68548
1.68517
1.68492
1.68472
1.68457
1.68447
1.68441
1.68439
1.68442
1.68448
1.68458
1.68471
1.68487
1.68506
1.68527
1.6855
1.68576
1.68603
1.68631
1.68661
1.68692
1.68724
1.68756
1.68789
1.68822
1.68854
1.68887
1.68919
1.68951
1.68981
1.69011
1.6904
1.69067
1.69094
1.69118
1.69142
1.69163
1.69183
1.69202
1.69218
1.69232
1.69245
1.69255
1.69264
1.6927
1.69275
1.69277
1.69278
1.69276
1.69273
1.69267
1.6926
1.69251
1.6924
1.69228
1.69214
1.69198
1.69181
1.69163
1.69144
1.69123
1.69101
1.69079
1.69055
1.69031
1.69006
1.6898
1.68954
1.68927
1.68901
1.68874
1.68847
1.6882
1.68794
1.68767
1.68741
1.68716
1.68691
1.68666
1.68643
1.6862
1.68597
1.68576
1.68556
1.68536
1.68518
1.685
1.68484
1.68468
1.68454
1.68441
1.68429
1.68418
1.68408
1.684
1.68392
1.68386
1.68381
1.68377
1.68375
1.68373
1.68372
1.68373
1.68374
1.68377
1.68381
1.68385
1.68391
1.68397
1.68405
1.68414
1.68424
1.68435
1.68448
1.68461
1.68476
1.68492
1.6851
1.68529
1.68549
1.68571
1.68595
1.6862
1.68647
1.68676
1.68707
1.68739
1.68774
1.6881
1.68849
1.6889
1.68934
1.68979
1.69027
1.69077
1.6913
1.69186
1.69244
1.69304
1.69367
1.69432
1.69501
1.69571
1.69645
1.69721
1.698
1.69882
1.69966
1.70052
1.70141
1.70233
1.70327
1.70423
1.70522
1.70623
1.70727
1.70832
1.7094
1.7105
1.71161
1.71275
1.71391
1.71508
1.71627
1.71748
1.71871
1.71995
1.72121
1.72248
1.72376
1.72506
1.72637
1.72769
1.72902
1.73036
1.73171
1.73307
1.73443
1.7358
1.73718
1.73856
1.73994
1.74133
1.74271
1.7441
1.74549
1.74688
1.74826
1.74964
1.75101
1.75238
1.75374
1.7551
1.75645
1.75778
1.75911
1.76042
1.76172
1.76301
1.76428
1.76554
1.76678
1.768
1.7692
1.77037
1.77153
1.77266
1.77377
1.77486
1.77592
1.77695
1.77796
1.77893
1.77988
1.7808
1.78169
1.78255
1.78337
1.78416
1.78492
1.78564
1.78633
1.78699
1.78761
1.78819
1.78874
1.78925
1.78972
1.79016
1.79055
1.79091
1.79123
1.79151
1.79176
1.79196
1.79212
1.79224
1.79233
1.79237
1.79237
1.79233
1.79225
1.79212
1.79196
1.79175
1.7915
1.79121
1.79088
1.79051
1.7901
1.78964
1.78915
1.78861
1.78803
1.78741
1.78676
1.78606
1.78532
1.78455
1.78374
1.78289
1.78201
1.78109
1.78013
1.77914
1.77812
1.77706
1.77598
1.77486
1.77372
1.77255
1.77135
1.77014
1.7689
1.76764
1.76636
1.64986
1.64848
1.64712
1.64576
1.64441
1.64309
1.64177
1.64048
1.63921
1.63797
1.63676
1.63558
1.63443
1.63332
1.63225
1.63122
1.63024
1.62931
1.62843
1.6276
1.62683
1.62612
1.62548
1.62489
1.62438
1.62393
1.62356
1.62325
1.62303
1.62288
1.6228
1.62281
1.6229
1.62307
1.62332
1.62366
1.62408
1.62458
1.62517
1.62585
1.62661
1.62745
1.62837
1.62938
1.63047
1.63165
1.6329
1.63423
1.63563
1.63711
1.63867
1.64029
1.64198
1.64374
1.64556
1.64744
1.64937
1.65136
1.65341
1.6555
1.65763
1.65981
1.66202
1.66427
1.66655
1.66886
1.67119
1.67354
1.67591
1.67829
1.68068
1.68308
1.68548
1.68788
1.69027
1.69266
1.69503
1.69739
1.69973
1.70206
1.70436
1.70663
1.70887
1.71109
1.71327
1.71542
1.71753
1.7196
1.72163
1.72361
1.72555
1.72745
1.7293
1.7311
1.73286
1.73456
1.73621
1.73782
1.73937
1.74087
1.74232
1.74371
1.74505
1.74634
1.74758
1.74877
1.7499
1.75098
1.75201
1.75298
1.75391
1.75478
1.7556
1.75637
1.75709
1.75775
1.75837
1.75893
1.75944
1.7599
1.76031
1.76066
1.76097
1.76122
1.76142
1.76157
1.76167
1.76171
1.7617
1.76164
1.76152
1.76135
1.76113
1.76085
1.76052
1.76013
1.75968
1.75918
1.75863
1.75802
1.75735
1.75663
1.75586
1.75503
1.75414
1.7532
1.75221
1.75117
1.75007
1.74892
1.74772
1.74648
1.74518
1.74383
1.74244
1.741
1.73952
1.73799
1.73642
1.73481
1.73316
1.73148
1.72976
1.728
1.72621
1.72438
1.72253
1.72065
1.71873
1.71679
1.71482
1.71283
1.71081
1.70876
1.70669
1.7046
1.70248
1.70034
1.69817
1.69599
1.69378
1.69155
1.6893
1.68703
1.68473
1.68241
1.68007
1.67771
1.67533
1.67292
1.67049
1.66804
1.66557
1.66308
1.66057
1.65804
1.65549
1.65292
1.65035
1.64775
1.64515
1.64254
1.63992
1.6373
1.63467
1.63204
1.62942
1.6268
1.62419
1.6216
1.61902
1.61646
1.61392
1.61141
1.60893
1.60648
1.60407
1.6017
1.59938
1.5971
1.59487
1.5927
1.59058
1.58852
1.58652
1.58458
1.58271
1.5809
1.57916
1.57749
1.57589
1.57436
1.5729
1.57151
1.57019
1.56894
1.56776
1.56665
1.5656
1.56462
1.56371
1.56285
1.56205
1.56132
1.56063
1.56001
1.55943
1.5589
1.55842
1.55798
1.55758
1.55722
1.5569
1.55661
1.55634
1.55611
1.5559
1.55571
1.55554
1.55539
1.55525
1.55513
1.55501
1.55491
1.55481
1.55472
1.55464
1.55456
1.55448
1.5544
1.55432
1.55423
1.55415
1.55406
1.55396
1.55387
1.55377
1.55366
1.55354
1.55342
1.5533
1.55317
1.55303
1.55288
1.55273
1.55258
1.55242
1.55226
1.55209
1.55192
1.55175
1.55158
1.5514
1.55123
1.55106
1.55089
1.55072
1.55055
1.55039
1.55024
1.55009
1.54994
1.5498
1.54966
1.54953
1.54941
1.5493
1.54919
1.54908
1.54899
1.5489
1.54882
1.54875
1.54868
1.54861
1.54856
1.5485
1.54845
1.5484
1.54835
1.5483
1.54825
1.5482
1.54814
1.54808
1.54801
1.54793
1.54784
1.54774
1.54762
1.54748
1.54732
1.54715
1.54694
1.54671
1.54646
1.54617
1.54586
1.54551
1.54512
1.54469
1.54423
1.54372
1.54317
1.54257
1.54193
1.54125
1.54051
1.53973
1.5389
1.53801
1.53708
1.5361
1.53506
1.53398
1.53285
1.53167
1.53045
1.52918
1.52787
1.52651
1.52512
1.52369
1.52223
1.52074
1.51923
1.51769
1.51613
1.51455
1.51296
1.51137
1.50977
1.50817
1.50658
1.505
1.50343
1.50189
1.50036
1.49887
1.49741
1.49598
1.4946
1.49327
1.49198
1.49075
1.48958
1.48847
1.48742
1.48644
1.48553
1.4847
1.48394
1.48326
1.48266
1.48214
1.48171
1.48136
1.48109
1.48091
1.48082
1.48081
1.48089
1.48105
1.48129
1.48162
1.48203
1.48251
1.48308
1.48372
1.48444
1.48522
1.48608
1.487
1.48799
1.48903
1.49014
1.4913
1.49251
1.49377
1.49507
1.49642
1.4978
1.49922
1.50068
1.50216
1.50367
1.5052
1.50675
1.50832
1.5099
1.51149
1.51309
1.51469
1.5163
1.5179
1.51951
1.52111
1.5227
1.52428
1.52586
1.52742
1.52896
1.53049
1.532
1.53349
1.53496
1.53641
1.53783
1.53923
1.54061
1.54196
1.54329
1.54459
1.54587
1.54712
1.54835
1.54954
1.55072
1.55187
1.55299
1.55409
1.55517
1.55623
1.55727
1.55828
1.55927
1.56025
1.56121
1.56215
1.56307
1.56398
1.56488
1.56577
1.56664
1.56751
1.56837
1.56922
1.57007
1.57091
1.57175
1.57259
1.57343
1.57426
1.5751
1.57594
1.57679
1.57764
1.57849
1.57935
1.58022
1.58109
1.58197
1.58286
1.58375
1.58465
1.58556
1.58648
1.5874
1.58834
1.58928
1.59022
1.59117
1.59213
1.5931
1.59407
1.59504
1.59602
1.597
1.59798
1.59897
1.59995
1.60094
1.60192
1.6029
1.60388
1.60485
1.60582
1.60678
1.60773
1.60868
1.60962
1.61054
1.61146
1.61237
1.61326
1.61414
1.61501
1.61587
1.61671
1.61754
1.61836
1.61917
1.61996
1.62074
1.6215
1.62225
1.62299
1.62372
1.62443
1.62513
1.62582
1.6265
1.62717
1.62783
1.62849
1.62913
1.62977
1.63041
1.63104
1.63166
1.63229
1.63291
1.63353
1.63416
1.63478
1.63541
1.63604
1.63668
1.63732
1.63797
1.63862
1.63928
1.63995
1.64062
1.64131
1.64201
1.64272
1.64344
1.64418
1.64492
1.64568
1.64645
1.64723
1.64803
1.64884
1.64966
1.65049
1.65133
1.65219
1.65306
1.65394
1.65483
1.65574
1.65665
1.65758
1.65851
1.65945
1.6604
1.66136
1.66233
1.6633
1.66428
1.66526
1.66624
1.66723
1.66823
1.66922
1.67022
1.67122
1.67222
1.67323
1.67423
1.67523
1.67623
1.67724
1.67824
1.67924
1.68024
1.68124
1.68224
1.68323
1.68422
1.68521
1.6862
1.68719
1.68817
1.68916
1.69014
1.69112
1.6921
1.69307
1.69405
1.69502
1.696
1.69697
1.69794
1.69891
1.69988
1.70085
1.70182
1.70279
1.70376
1.70473
1.70569
1.70666
1.70762
1.70859
1.70955
1.71051
1.71147
1.71243
1.71338
1.71433
1.71528
1.71623
1.71717
1.7181
1.71903
1.71995
1.72087
1.72177
1.72267
1.72355
1.72443
1.72529
1.72614
1.72697
1.72779
1.7286
1.72938
1.73015
1.7309
1.73163
1.73233
1.73301
1.73367
1.7343
1.73491
1.73549
1.73603
1.73655
1.73703
1.73749
1.73791
1.73829
1.73864
1.73896
1.73923
1.73947
1.73967
1.73983
1.73996
1.74004
1.74009
1.74009
1.74006
1.73999
1.73987
1.73972
1.73953
1.73931
1.73904
1.73874
1.73841
1.73804
1.73765
1.73722
1.73676
1.73627
1.73576
1.73523
1.73467
1.7341
1.73351
1.7329
1.73228
1.73164
1.731
1.73034
1.72968
1.72902
1.72835
1.72768
1.72702
1.72635
1.72569
1.72503
1.72438
1.72374
1.7231
1.72247
1.72185
1.72125
1.72065
1.72006
1.71948
1.71891
1.71834
1.71779
1.71724
1.7167
1.71616
1.71563
1.7151
1.71457
1.71404
1.71351
1.71298
1.71244
1.7119
1.71134
1.71078
1.71021
1.70962
1.70902
1.7084
1.70777
1.70711
1.70644
1.70575
1.70503
1.7043
1.70354
1.70275
1.70194
1.7011
1.70024
1.69935
1.69844
1.6975
1.69654
1.69555
1.69453
1.6935
1.69243
1.69135
1.69024
1.68911
1.68796
1.6868
1.68561
1.68441
1.6832
1.68198
1.68075
1.67951
1.67826
1.677
1.67574
1.67449
1.67323
1.67197
1.67072
1.66947
1.66822
1.66699
1.66576
1.66454
1.66334
1.66214
1.66096
1.65979
1.65863
1.65749
1.65636
1.65524
1.65413
1.65304
1.65196
1.65088
1.64982
1.64877
1.64772
1.64668
1.64565
1.64461
1.64358
1.64254
1.6415
1.64045
1.6394
1.63833
1.63726
1.63617
1.63506
1.63393
1.63278
1.63161
1.63042
1.6292
1.62795
1.62667
1.62536
1.62403
1.62265
1.62125
1.61982
1.61835
1.61685
1.61531
1.61375
1.61215
1.61053
1.60888
1.6072
1.60549
1.60377
1.60203
1.60027
1.59849
1.59671
1.59491
1.59312
1.59132
1.58953
1.58774
1.58596
1.58421
1.58247
1.58075
1.57906
1.5774
1.57578
1.5742
1.57267
1.57118
1.56975
1.56837
1.56706
1.56581
1.56463
1.56352
1.56248
1.56153
1.56065
1.55985
1.55914
1.55851
1.55797
1.55752
1.55715
1.55688
1.55669
1.55659
1.55657
1.55664
1.55679
1.55703
1.55734
1.55773
1.5582
1.55873
1.55934
1.56
1.56073
1.56151
1.56234
1.56321
1.56413
1.56509
1.56608
1.5671
1.56814
1.56921
1.57028
1.57137
1.57247
1.57356
1.57466
1.57575
1.57683
1.5779
1.57896
1.58
1.58101
1.58201
1.58298
1.58392
1.58483
1.58571
1.58657
1.58739
1.58818
1.58893
1.58966
1.59035
1.591
1.59163
1.59223
1.59279
1.59333
1.59384
1.59432
1.59477
1.59521
1.59562
1.59601
1.59639
1.59674
1.59709
1.59742
1.59774
1.59805
1.59836
1.59867
1.59897
1.59928
1.59958
1.59989
1.60021
1.60054
1.60088
1.60122
1.60159
1.60196
1.60235
1.60276
1.60319
1.60365
1.60412
1.60462
1.60514
1.60568
1.60626
1.60685
1.60747
1.60812
1.6088
1.6095
1.61023
1.61099
1.61178
1.61259
1.61342
1.61429
1.61517
1.61609
1.61702
1.61798
1.61896
1.61996
1.62098
1.62202
1.62307
1.62415
1.62523
1.62633
1.62744
1.62856
1.62969
1.63082
1.63196
1.6331
1.63424
1.63538
1.63652
1.63765
1.63877
1.63989
1.64099
1.64208
1.64316
1.64422
1.64526
1.64628
1.64727
1.64825
1.6492
1.65012
1.65101
1.64988
1.65058
1.65125
1.65188
1.65248
1.65304
1.65357
1.65406
1.65451
1.65494
1.65532
1.65567
1.65598
1.65626
1.65651
1.65672
1.6569
1.65705
1.65716
1.65725
1.65731
1.65734
1.65735
1.65733
1.65729
1.65723
1.65714
1.65704
1.65693
1.6568
1.65666
1.65652
1.65636
1.6562
1.65604
1.65587
1.65571
1.65556
1.65541
1.65527
1.65515
1.65503
1.65494
1.65486
1.6548
1.65476
1.65475
1.65476
1.6548
1.65487
1.65497
1.6551
1.65526
1.65545
1.65568
1.65593
1.65621
1.65652
1.65686
1.65723
1.65762
1.65803
1.65846
1.65891
1.65938
1.65985
1.66033
1.66082
1.66131
1.66179
1.66227
1.66273
1.66319
1.66362
1.66403
1.66442
1.66478
1.66511
1.6654
1.66565
1.66585
1.66602
1.66613
1.6662
1.66621
1.66617
1.66608
1.66593
1.66571
1.66544
1.66511
1.66472
1.66426
1.66374
1.66316
1.66252
1.66182
1.66106
1.66024
1.65936
1.65842
1.65742
1.65637
1.65527
1.65411
1.6529
1.65164
1.65033
1.64898
1.64758
1.64614
1.64465
1.64313
1.64157
1.63998
1.63834
1.63668
1.63499
1.63326
1.63151
1.62973
1.62792
1.62609
1.62424
1.62236
1.62046
1.61855
1.61661
1.61465
1.61267
1.61068
1.60867
1.60664
1.60459
1.60252
1.60044
1.59835
1.59623
1.5941
1.59195
1.58978
1.58759
1.58538
1.58315
1.5809
1.57862
1.57632
1.574
1.57165
1.56927
1.56687
1.56443
1.56197
1.55947
1.55695
1.55439
1.55179
1.54916
1.5465
1.54381
1.54107
1.53831
1.53552
1.53269
1.52983
1.52695
1.52403
1.5211
1.51815
1.51518
1.5122
1.50922
1.50623
1.50326
1.5003
1.49736
1.49446
1.49159
1.48878
1.48602
1.48333
1.48072
1.4782
1.47578
1.47347
1.47128
1.46922
1.4673
1.46553
1.46391
1.46245
1.46117
1.46006
1.45912
1.45837
1.4578
1.45742
1.45722
1.45719
1.45735
1.45768
1.45817
1.45883
1.45964
1.4606
1.46169
1.46291
1.46425
1.4657
1.46724
1.46886
1.47057
1.47233
1.47415
1.47602
1.47791
1.47983
1.48177
1.48372
1.48566
1.4876
1.48953
1.49144
1.49332
1.49518
1.497
1.49879
1.50054
1.50224
1.50391
1.50553
1.5071
1.50863
1.51011
1.51155
1.51294
1.51428
1.51558
1.51684
1.51805
1.51922
1.52035
1.52144
1.52249
1.52351
1.52449
1.52544
1.52635
1.52723
1.52809
1.52891
1.52971
1.53048
1.53123
1.53195
1.53265
1.53333
1.53398
1.53462
1.53523
1.53583
1.5364
1.53696
1.5375
1.53803
1.53854
1.53903
1.53951
1.53998
1.54043
1.54088
1.54131
1.54174
1.54216
1.54258
1.54299
1.5434
1.54381
1.54423
1.54464
1.54507
1.5455
1.54594
1.54639
1.54686
1.54735
1.54785
1.54838
1.54893
1.54951
1.55012
1.55075
1.55142
1.55212
1.55285
1.55362
1.55443
1.55527
1.55615
1.55707
1.55802
1.55901
1.56004
1.5611
1.5622
1.56332
1.56448
1.56566
1.56687
1.5681
1.56935
1.57061
1.57189
1.57318
1.57447
1.57576
1.57705
1.57834
1.57962
1.58089
1.58214
1.58337
1.58458
1.58577
1.58692
1.58805
1.58914
1.59019
1.59121
1.59219
1.59312
1.59401
1.59486
1.59565
1.59641
1.59711
1.59777
1.59837
1.59893
1.59943
1.59989
1.6003
1.60066
1.60097
1.60124
1.60146
1.60164
1.60177
1.60186
1.60191
1.60192
1.60189
1.60183
1.60173
1.6016
1.60144
1.60125
1.60103
1.60079
1.60053
1.60024
1.59994
1.59962
1.59928
1.59894
1.59858
1.59821
1.59783
1.59745
1.59706
1.59667
1.59628
1.59589
1.5955
1.59512
1.59474
1.59436
1.59399
1.59363
1.59327
1.59292
1.59258
1.59225
1.59193
1.59162
1.59133
1.59104
1.59076
1.5905
1.59025
1.59001
1.58978
1.58957
1.58936
1.58917
1.58899
1.58882
1.58867
1.58852
1.58839
1.58827
1.58816
1.58806
1.58798
1.5879
1.58784
1.5878
1.58776
1.58774
1.58774
1.58775
1.58777
1.58781
1.58787
1.58794
1.58804
1.58815
1.58828
1.58843
1.58861
1.58881
1.58903
1.58928
1.58956
1.58986
1.5902
1.59056
1.59096
1.5914
1.59186
1.59237
1.59291
1.59349
1.59411
1.59478
1.59548
1.59623
1.59703
1.59787
1.59875
1.59969
1.60067
1.6017
1.60278
1.60391
1.6051
1.60633
1.60762
1.60895
1.61034
1.61178
1.61327
1.6148
1.61639
1.61803
1.61971
1.62144
1.62321
1.62503
1.6269
1.6288
1.63074
1.63273
1.63475
1.6368
1.63889
1.64101
1.64316
1.64533
1.64753
1.64976
1.652
1.65426
1.65654
1.65883
1.66114
1.66345
1.66577
1.66809
1.67041
1.67274
1.67506
1.67737
1.67968
1.68198
1.68426
1.68653
1.68879
1.69102
1.69323
1.69542
1.69759
1.69973
1.70183
1.70391
1.70596
1.70796
1.70994
1.71187
1.71376
1.71561
1.71742
1.71918
1.72089
1.72256
1.72418
1.72575
1.72726
1.72873
1.73014
1.7315
1.7328
1.73404
1.73523
1.73636
1.73743
1.73844
1.73939
1.74028
1.74111
1.74188
1.74259
1.74324
1.74382
1.74435
1.74481
1.74521
1.74555
1.74584
1.74606
1.74622
1.74632
1.74636
1.74635
1.74628
1.74615
1.74596
1.74572
1.74542
1.74507
1.74467
1.74421
1.74371
1.74315
1.74255
1.74189
1.74119
1.74045
1.73965
1.73882
1.73793
1.73701
1.73604
1.73503
1.73399
1.7329
1.73178
1.73062
1.72942
1.72819
1.72693
1.72563
1.7243
1.72293
1.72154
1.72012
1.71867
1.71719
1.71568
1.71415
1.71259
1.71101
1.7094
1.70777
1.70612
1.70444
1.70275
1.70103
1.6993
1.69755
1.69578
1.69399
1.69219
1.69037
1.68854
1.68669
1.68482
1.68295
1.68105
1.67915
1.67723
1.67531
1.67337
1.67142
1.66946
1.66749
1.66552
1.66354
1.66155
1.65956
1.65756
1.65555
1.65354
1.65153
1.64951
1.6475
1.64549
1.64347
1.64146
1.63946
1.63745
1.63546
1.63347
1.63149
1.62952
1.62757
1.62563
1.6237
1.62179
1.61991
1.61804
1.6162
1.61439
1.6126
1.61085
1.60912
1.60744
1.60578
1.60417
1.6026
1.60107
1.59959
1.59816
1.59677
1.59543
1.59415
1.59292
1.59175
1.59063
1.58957
1.58856
1.58762
1.58673
1.5859
1.58514
1.58443
1.58378
1.58319
1.58266
1.58219
1.58177
1.58141
1.5811
1.58084
1.58063
1.58047
1.58035
1.58028
1.58024
1.58024
1.58027
1.58033
1.58042
1.58053
1.58066
1.5808
1.58096
1.58113
1.5813
1.58148
1.58165
1.58182
1.58197
1.58212
1.58225
1.58236
1.58245
1.58251
1.58254
1.58254
1.58251
1.58244
1.58233
1.58218
1.58199
1.58175
1.58146
1.58113
1.58074
1.5803
1.57981
1.57927
1.57867
1.57802
1.57731
1.57655
1.57574
1.57487
1.57394
1.57296
1.57193
1.57085
1.56972
1.56853
1.5673
1.56602
1.5647
1.56333
1.56192
1.56047
1.55898
1.55746
1.5559
1.55431
1.55269
1.55105
1.54938
1.54769
1.54597
1.54425
1.5425
1.54075
1.53898
1.5372
1.53542
1.53364
1.53185
1.53007
1.5283
1.52653
1.52476
1.52301
1.52128
1.51956
1.51785
1.51617
1.51451
1.51287
1.51126
1.50967
1.50811
1.50659
1.50509
1.50363
1.5022
1.50081
1.49945
1.49814
1.49686
1.49562
1.49442
1.49326
1.49214
1.49106
1.49003
1.48903
1.48808
1.48717
1.4863
1.48547
1.48468
1.48394
1.48323
1.48256
1.48193
1.48134
1.48079
1.48027
1.47978
1.47933
1.47892
1.47853
1.47818
1.47786
1.47756
1.47729
1.47705
1.47683
1.47664
1.47647
1.47632
1.47619
1.47608
1.47599
1.47592
1.47586
1.47582
1.4758
1.47578
1.47579
1.47581
1.47584
1.47588
1.47593
1.47599
1.47607
1.47615
1.47625
1.47636
1.47647
1.4766
1.47673
1.47688
1.47703
1.4772
1.47738
1.47757
1.47777
1.47799
1.47821
1.47845
1.47871
1.47898
1.47927
1.47957
1.47989
1.48023
1.48058
1.48096
1.48137
1.48179
1.48224
1.48271
1.48321
1.48373
1.48429
1.48488
1.48549
1.48614
1.48682
1.48754
1.4883
1.4891
1.48993
1.49081
1.49173
1.4927
1.49371
1.49476
1.49587
1.49702
1.49822
1.49947
1.50077
1.50213
1.50354
1.50501
1.50653
1.5081
1.50973
1.51141
1.51315
1.51495
1.51679
1.5187
1.52065
1.52266
1.52472
1.52683
1.529
1.5312
1.53346
1.53576
1.5381
1.54049
1.54291
1.54537
1.54786
1.55039
1.55294
1.55552
1.55813
1.56076
1.5634
1.56606
1.56873
1.57142
1.5741
1.5768
1.57949
1.58218
1.58486
1.58753
1.59019
1.59284
1.59546
1.59806
1.60063
1.60318
1.6057
1.60818
1.61062
1.61302
1.61538
1.61769
1.61995
1.62215
1.62431
1.6264
1.62843
1.6304
1.63231
1.63414
1.63591
1.6376
1.63921
1.64075
1.64221
1.64358
1.64486
1.64606
1.64718
1.6482
1.64912
1.64996
1.6507
1.65134
1.65188
1.65232
1.65266
1.65289
1.65303
1.65306
1.65298
1.6528
1.65251
1.65212
1.65162
1.65102
1.65031
1.64949
1.64858
1.64755
1.64643
1.64521
1.64388
1.64246
1.64095
1.63934
1.63763
1.63584
1.63397
1.632
1.62996
1.62785
1.62566
1.6234
1.62107
1.61868
1.61624
1.61374
1.6112
1.60861
1.60598
1.60332
1.60064
1.59793
1.59521
1.59247
1.58973
1.58698
1.58424
1.58152
1.5788
1.57611
1.57344
1.5708
1.5682
1.56563
1.56311
1.56064
1.55822
1.55585
1.55355
1.5513
1.54913
1.54702
1.54498
1.54301
1.54111
1.53929
1.53754
1.53587
1.53427
1.53274
1.53128
1.5299
1.52859
1.52734
1.52616
1.52505
1.524
1.523
1.52206
1.52117
1.52034
1.51955
1.5188
1.51809
1.51742
1.6499
1.64915
1.64841
1.64766
1.64692
1.64617
1.64541
1.64464
1.64386
1.64306
1.64224
1.64141
1.64055
1.63967
1.63876
1.63783
1.63687
1.63588
1.63487
1.63382
1.63275
1.63165
1.63051
1.62935
1.62815
1.62693
1.62568
1.62441
1.6231
1.62178
1.62043
1.61905
1.61766
1.61625
1.61483
1.61339
1.61194
1.61048
1.60901
1.60754
1.60606
1.60459
1.60312
1.60165
1.60019
1.59874
1.59731
1.59589
1.5945
1.59312
1.59177
1.59044
1.58915
1.58789
1.58667
1.58549
1.58434
1.58325
1.5822
1.5812
1.58025
1.57936
1.57853
1.57776
1.57705
1.57641
1.57583
1.57533
1.57489
1.57453
1.57425
1.57404
1.57391
1.57385
1.57388
1.57399
1.57418
1.57445
1.5748
1.57524
1.57576
1.57636
1.57705
1.57781
1.57866
1.57959
1.5806
1.58169
1.58285
1.58409
1.58541
1.58679
1.58825
1.58978
1.59137
1.59303
1.59475
1.59653
1.59836
1.60025
1.60219
1.60418
1.60622
1.60829
1.61041
1.61257
1.61475
1.61697
1.61922
1.62149
1.62379
1.6261
1.62844
1.63079
1.63315
1.63552
1.6379
1.64029
1.64268
1.64507
1.64746
1.64986
1.65224
1.65463
1.65701
1.65938
1.66174
1.6641
1.66644
1.66878
1.6711
1.67341
1.67572
1.67801
1.68028
1.68255
1.68481
1.68705
1.68928
1.6915
1.6937
1.69589
1.69808
1.70024
1.7024
1.70455
1.70668
1.7088
1.71091
1.713
1.71509
1.71716
1.71921
1.72126
1.72329
1.7253
1.7273
1.72929
1.73126
1.73321
1.73514
1.73705
1.73895
1.74082
1.74268
1.74451
1.74633
1.74812
1.74989
1.75163
1.75335
1.75505
1.75673
1.75838
1.76001
1.76161
1.76319
1.76474
1.76627
1.76778
1.76926
1.77071
1.77214
1.77355
1.77494
1.7763
1.77764
1.77895
1.78025
1.78152
1.78276
1.78399
1.78519
1.78637
1.78753
1.78867
1.78978
1.79088
1.79195
1.79301
1.79404
1.79505
1.79604
1.797
1.79795
1.79888
1.79978
1.80066
1.80152
1.80235
1.80316
1.80395
1.80471
1.80545
1.80616
1.80685
1.80751
1.80815
1.80876
1.80935
1.80991
1.81044
1.81095
1.81143
1.81188
1.81231
1.81272
1.8131
1.81345
1.81379
1.81411
1.8144
1.81468
1.81493
1.81517
1.8154
1.81561
1.81582
1.81601
1.8162
1.81638
1.81655
1.81673
1.8169
1.81708
1.81726
1.81745
1.81764
1.81784
1.81805
1.81827
1.8185
1.81875
1.819
1.81927
1.81956
1.81985
1.82016
1.82048
1.82081
1.82116
1.82152
1.82189
1.82226
1.82265
1.82304
1.82343
1.82383
1.82424
1.82464
1.82504
1.82544
1.82583
1.82622
1.8266
1.82697
1.82732
1.82767
1.828
1.82832
1.82862
1.8289
1.82916
1.8294
1.82962
1.82982
1.83001
1.83017
1.83031
1.83042
1.83052
1.8306
1.83065
1.83069
1.8307
1.83069
1.83067
1.83062
1.83056
1.83048
1.83038
1.83026
1.83013
1.82998
1.82982
1.82964
1.82945
1.82925
1.82903
1.82881
1.82857
1.82833
1.82807
1.82781
1.82753
1.82725
1.82696
1.82667
1.82637
1.82606
1.82575
1.82543
1.8251
1.82477
1.82444
1.8241
1.82376
1.82341
1.82306
1.82271
1.82235
1.82199
1.82163
1.82127
1.8209
1.82053
1.82015
1.81978
1.8194
1.81902
1.81864
1.81825
1.81786
1.81747
1.81708
1.81668
1.81628
1.81587
1.81547
1.81505
1.81464
1.81422
1.81379
1.81337
1.81293
1.81249
1.81205
1.8116
1.81114
1.81068
1.81021
1.80973
1.80925
1.80875
1.80824
1.80773
1.8072
1.80666
1.8061
1.80553
1.80495
1.80435
1.80373
1.8031
1.80245
1.80178
1.80109
1.80039
1.79966
1.79891
1.79813
1.79734
1.79652
1.79568
1.79481
1.79393
1.79302
1.79209
1.79113
1.79016
1.78916
1.78813
1.78709
1.78603
1.78495
1.78385
1.78273
1.7816
1.78045
1.77929
1.77813
1.77695
1.77577
1.77458
1.77339
1.7722
1.77101
1.76983
1.76865
1.76748
1.76632
1.76517
1.76403
1.76291
1.76181
1.76072
1.75966
1.75861
1.75759
1.75658
1.7556
1.75464
1.75371
1.75279
1.7519
1.75102
1.75017
1.74933
1.74851
1.7477
1.74691
1.74613
1.74535
1.74458
1.74381
1.74304
1.74228
1.7415
1.74072
1.73993
1.73913
1.73832
1.73749
1.73664
1.73578
1.73489
1.73397
1.73304
1.73207
1.73108
1.73006
1.72902
1.72795
1.72685
1.72572
1.72456
1.72338
1.72217
1.72094
1.71969
1.71842
1.71713
1.71583
1.71451
1.71318
1.71184
1.71049
1.70914
1.70779
1.70644
1.7051
1.70376
1.70243
1.70111
1.69981
1.69852
1.69726
1.69601
1.69479
1.6936
1.69243
1.69129
1.69019
1.68911
1.68808
1.68708
1.68612
1.6852
1.68432
1.68348
1.68269
1.68194
1.68124
1.68059
1.67999
1.67943
1.67893
1.67848
1.67807
1.67773
1.67743
1.67719
1.677
1.67687
1.67679
1.67676
1.67679
1.67687
1.677
1.67719
1.67744
1.67773
1.67807
1.67847
1.67892
1.67941
1.67995
1.68053
1.68116
1.68183
1.68254
1.68329
1.68407
1.68489
1.68573
1.68661
1.68751
1.68843
1.68938
1.69034
1.69132
1.69232
1.69332
1.69434
1.69536
1.69638
1.6974
1.69843
1.69945
1.70046
1.70147
1.70247
1.70346
1.70443
1.70539
1.70633
1.70725
1.70816
1.70905
1.70991
1.71076
1.71158
1.71237
1.71315
1.71389
1.71462
1.71531
1.71598
1.71663
1.71724
1.71783
1.71839
1.71893
1.71943
1.71991
1.72036
1.72079
1.72119
1.72156
1.72191
1.72224
1.72254
1.72282
1.72307
1.72331
1.72352
1.72371
1.72387
1.72402
1.72415
1.72426
1.72435
1.72442
1.72447
1.72451
1.72453
1.72454
1.72453
1.72451
1.72448
1.72443
1.72437
1.7243
1.72422
1.72413
1.72403
1.72392
1.7238
1.72367
1.72353
1.72339
1.72323
1.72307
1.72289
1.72271
1.72252
1.72232
1.7221
1.72188
1.72165
1.7214
1.72115
1.72088
1.72059
1.7203
1.71999
1.71966
1.71931
1.71895
1.71857
1.71817
1.71774
1.7173
1.71683
1.71633
1.71581
1.71526
1.71469
1.71408
1.71344
1.71277
1.71206
1.71132
1.71055
1.70974
1.70888
1.708
1.70707
1.7061
1.70509
1.70404
1.70295
1.70181
1.70064
1.69942
1.69816
1.69686
1.69552
1.69414
1.69272
1.69126
1.68977
1.68824
1.68667
1.68507
1.68344
1.68178
1.6801
1.67838
1.67665
1.67489
1.67311
1.67132
1.66952
1.6677
1.66587
1.66404
1.66221
1.66038
1.65855
1.65673
1.65492
1.65312
1.65134
1.64957
1.64783
1.6461
1.64441
1.64274
1.64111
1.6395
1.63794
1.63641
1.63492
1.63347
1.63206
1.63069
1.62938
1.6281
1.62688
1.6257
1.62457
1.6235
1.62247
1.62148
1.62055
1.61967
1.61884
1.61805
1.61731
1.61662
1.61597
1.61538
1.61482
1.61431
1.61384
1.61341
1.61301
1.61266
1.61234
1.61205
1.6118
1.61157
1.61138
1.61121
1.61107
1.61095
1.61085
1.61077
1.61071
1.61067
1.61063
1.61061
1.6106
1.6106
1.6106
1.61061
1.61062
1.61063
1.61065
1.61066
1.61066
1.61066
1.61066
1.61065
1.61063
1.61059
1.61055
1.6105
1.61043
1.61034
1.61025
1.61014
1.61001
1.60987
1.60971
1.60953
1.60934
1.60913
1.60891
1.60867
1.60842
1.60815
1.60787
1.60757
1.60727
1.60695
1.60663
1.60629
1.60595
1.60561
1.60526
1.60491
1.60456
1.60421
1.60387
1.60353
1.6032
1.60287
1.60256
1.60225
1.60196
1.60169
1.60144
1.6012
1.60098
1.60079
1.60062
1.60047
1.60035
1.60026
1.6002
1.60016
1.60015
1.60018
1.60023
1.60031
1.60043
1.60058
1.60076
1.60097
1.60121
1.60148
1.60178
1.60211
1.60247
1.60286
1.60327
1.60371
1.60418
1.60467
1.60518
1.60571
1.60626
1.60683
1.60741
1.60801
1.60862
1.60925
1.60988
1.61052
1.61117
1.61182
1.61248
1.61314
1.61381
1.61447
1.61514
1.6158
1.61646
1.61711
1.61776
1.6184
1.61904
1.61966
1.62028
1.62089
1.62149
1.62208
1.62265
1.62322
1.62377
1.6243
1.62483
1.62534
1.62584
1.62633
1.6268
1.62726
1.62771
1.62814
1.62856
1.62896
1.62935
1.62973
1.6301
1.63045
1.63079
1.63111
1.63142
1.63172
1.63201
1.63227
1.63253
1.63277
1.63299
1.6332
1.6334
1.63358
1.63374
1.63388
1.63401
1.63412
1.63421
1.63428
1.63433
1.63435
1.63436
1.63434
1.6343
1.63423
1.63414
1.63402
1.63388
1.63371
1.63351
1.63328
1.63302
1.63274
1.63243
1.63208
1.63171
1.63131
1.63088
1.63042
1.62993
1.62942
1.62888
1.62831
1.62771
1.62709
1.62645
1.62578
1.6251
1.62439
1.62367
1.62293
1.62217
1.6214
1.62062
1.61983
1.61903
1.61822
1.61741
1.6166
1.61579
1.61498
1.61417
1.61337
1.61257
1.61178
1.61101
1.61024
1.60949
1.60875
1.60803
1.60733
1.60664
1.60597
1.60533
1.6047
1.60409
1.6035
1.60293
1.60239
1.60186
1.60136
1.60088
1.60041
1.59997
1.59955
1.59915
1.59877
1.5984
1.59806
1.59773
1.59742
1.59712
1.59685
1.59659
1.59634
1.59611
1.5959
1.5957
1.59552
1.59535
1.5952
1.59507
1.59495
1.59485
1.59477
1.59471
1.59467
1.59464
1.59464
1.59467
1.59471
1.59478
1.59488
1.59501
1.59516
1.59535
1.59557
1.59582
1.59611
1.59644
1.59681
1.59721
1.59766
1.59815
1.59869
1.59927
1.59991
1.60059
1.60132
1.60211
1.60295
1.60385
1.6048
1.60581
1.60687
1.60799
1.60918
1.61041
1.61171
1.61307
1.61448
1.61595
1.61748
1.61907
1.62071
1.62241
1.62416
1.62596
1.62782
1.62973
1.63169
1.6337
1.63575
1.63785
