-6.36475
-6.36473
-6.36468
-6.3646
-6.36449
-6.36435
-6.36417
-6.36397
-6.36373
-6.36346
-6.36316
-6.36283
-6.36247
-6.36207
-6.36164
-6.36118
-6.36069
-6.36017
-6.35961
-6.35902
-6.3584
-6.35775
-6.35706
-6.35634
-6.35558
-6.35479
-6.35397
-6.35311
-6.35221
-6.35129
-6.35032
-6.34932
-6.34828
-6.34721
-6.3461
-6.34495
-6.34376
-6.34253
-6.34127
-6.33996
-6.33861
-6.33708
-6.33565
-6.33418
-6.33267
-6.33112
-6.32937
-6.32758
-6.32559
-6.32371
-6.32178
-6.31996
-6.31809
-6.31587
-6.31376
-6.31144
-6.30923
-6.30651
-6.30419
-6.30168
-6.29926
-6.29648
-6.29396
-6.29093
-6.28844
-6.2856
-6.283
-6.27989
-6.27717
-6.27409
-6.27035
-6.26685
-6.26344
-6.25967
-6.25659
-6.25314
-6.24962
-6.24604
-6.24224
-6.23853
-6.23474
-6.23074
-6.22681
-6.22297
-6.2186
-6.21477
-6.21086
-6.20672
-6.20251
-6.19793
-6.19326
-6.18883
-6.18416
-6.17972
-6.17475
-6.17
-6.16502
-6.15996
-6.15498
-6.14991
-6.14491
-6.13923
-6.13362
-6.12823
-6.1229
-6.11735
-6.11156
-6.106
-6.1005
-6.09477
-6.08851
-6.08232
-6.07635
-6.0703
-6.06403
-6.05722
-6.05094
-6.04428
-6.03754
-6.03058
-6.02384
-6.01719
-6.01046
-6.00382
-5.9968
-5.98987
-5.98287
-5.97626
-5.96914
-5.96181
-5.95457
-5.94713
-5.93963
-5.93239
-5.92494
-5.91745
-5.90976
-5.90204
-5.89442
-5.88663
-5.87895
-5.87109
-5.86336
-5.85561
-5.84769
-5.8399
-5.83226
-5.82431
-5.81665
-5.809
-5.80075
-5.79295
-5.78457
-5.77696
-5.76907
-5.76135
-5.75366
-5.746
-5.73838
-5.7308
-5.72311
-5.71547
-5.70789
-5.70082
-5.6935
-5.68625
-5.67937
-5.67212
-5.66539
-5.65859
-5.65173
-5.64511
-5.63813
-5.63184
-5.62551
-5.61912
-5.61269
-5.60682
-5.60106
-5.59496
-5.58913
-5.58342
-5.57798
-5.57252
-5.56733
-5.56211
-5.55718
-5.55208
-5.54726
-5.54257
-5.53817
-5.53361
-5.52933
-5.52534
-5.52134
-5.51748
-5.51405
-5.51062
-5.50718
-5.50387
-5.50086
-5.49768
-5.49494
-5.49234
-5.48972
-5.48679
-5.48475
-5.48238
-5.48015
-5.47821
-5.47654
-5.47485
-5.47359
-5.47215
-5.47083
-5.46994
-5.46901
-5.46805
-5.46706
-5.46648
-5.46616
-5.46595
-5.46569
-5.46554
-5.46549
-5.46585
-5.46554
-5.46548
-5.46581
-5.46623
-5.46643
-5.46672
-5.46679
-5.46693
-5.46761
-5.46836
-5.46933
-5.47007
-5.47102
-5.47219
-5.47311
-5.4744
-5.47559
-5.47728
-5.47857
-5.48006
-5.48175
-5.48333
-5.48465
-5.48615
-5.48784
-5.48942
-5.49102
-5.49266
-5.49462
-5.4963
-5.49801
-5.49988
-5.50148
-5.50339
-5.50501
-5.50679
-5.50843
-5.51023
-5.51219
-5.51385
-5.51535
-5.51702
-5.51898
-5.52109
-5.52289
-5.52469
-5.52633
-5.52811
-5.53018
-5.53194
-5.53369
-5.53542
-5.53714
-5.53929
-5.54083
-5.54264
-5.54414
-5.54561
-5.54722
-5.54895
-5.55036
-5.55204
-5.5534
-5.55489
-5.5565
-5.55794
-5.55935
-5.56088
-5.56239
-5.56372
-5.56501
-5.56613
-5.56738
-5.56874
-5.56993
-5.57154
-5.57266
-5.57391
-5.57513
-5.57633
-5.57719
-5.57802
-5.57868
-5.5796
-5.58051
-5.58123
-5.58238
-5.58335
-5.58414
-5.58521
-5.5858
-5.58667
-5.58736
-5.58818
-5.58867
-5.5893
-5.58974
-5.59047
-5.59087
-5.59171
-5.59237
-5.59317
-5.59349
-5.5947
-5.59499
-5.59541
-5.59581
-5.5962
-5.59642
-5.59693
-5.59772
-5.5982
-5.59837
-5.59897
-5.59911
-5.59954
-5.5998
-5.59991
-5.60015
-5.60054
-5.60076
-5.60097
-5.60103
-5.60122
-5.60171
-5.6019
-5.60207
-5.60208
-5.60224
-5.60254
-5.60269
-5.60282
-5.60296
-5.60293
-5.60304
-5.603
-5.60311
-5.6035
-5.60344
-5.60368
-5.60375
-5.60337
-5.60343
-5.60348
-5.60323
-5.60326
-5.60299
-5.60271
-5.60258
-5.60258
-5.60228
-5.60226
-5.60239
-5.60221
-5.60216
-5.60196
-5.60189
-5.60181
-5.60171
-5.60146
-5.60134
-5.60105
-5.6009
-5.60074
-5.60056
-5.60036
-5.60015
-5.59992
-5.60013
-5.59986
-5.59958
-5.59927
-5.5991
-5.5989
-5.59854
-5.59815
-5.59729
-5.59686
-5.59626
-5.59578
-5.59528
-5.59476
-5.59421
-5.59364
-5.59304
-5.59242
-5.59208
-5.59156
-5.59086
-5.59014
-5.58939
-5.58847
-5.58767
-5.58729
-5.58644
-5.58557
-5.58467
-5.58359
-5.58264
-5.58166
-5.58035
-5.57887
-5.57782
-5.57675
-5.5758
-5.57467
-5.57353
-5.57236
-5.57117
-5.56981
-5.56857
-5.56747
-5.56605
-5.56476
-5.56345
-5.56212
-5.56093
-5.55941
-5.55789
-5.55665
-5.5551
-5.55368
-5.55256
-5.55112
-5.54968
-5.54837
-5.54691
-5.54529
-5.54351
-5.54203
-5.5407
-5.53936
-5.53787
-5.53638
-5.53459
-5.53311
-5.53162
-5.52999
-5.52866
-5.52704
-5.52557
-5.52427
-5.52312
-5.52183
-5.5204
-5.51898
-5.51757
-5.51633
-5.5148
-5.51298
-5.51163
-5.51045
-5.50914
-5.50784
-5.50596
-5.50485
-5.50347
-5.50255
-5.50121
-5.50004
-5.49905
-5.49762
-5.49637
-5.495
-5.49395
-5.49263
-5.4921
-5.49098
-5.49005
-5.48899
-5.48811
-5.48712
-5.4866
-5.48581
-5.48506
-5.48418
-5.48349
-5.48298
-5.48266
-5.48191
-5.4815
-5.48097
-5.48078
-5.48062
-5.48004
-5.47979
-5.47943
-5.47911
-5.47866
-5.47855
-5.47833
-5.47814
-5.47798
-5.47785
-5.47761
-5.4774
-5.47753
-5.47754
-5.47758
-5.4778
-5.47806
-5.47805
-5.47822
-5.47842
-5.47865
-5.47876
-5.4792
-5.47967
-5.48017
-5.48055
-5.48142
-5.48185
-5.48231
-5.4825
-5.48287
-5.48371
-5.48427
-5.48501
-5.48578
-5.48641
-5.48722
-5.48775
-5.48845
-5.48917
-5.49005
-5.49096
-5.49159
-5.49238
-5.49334
-5.49431
-5.49515
-5.49615
-5.49716
-5.49789
-5.49877
-5.49982
-5.50073
-5.50165
-5.50257
-5.5035
-5.50444
-5.50553
-5.50663
-5.50758
-5.50838
-5.50979
-5.51044
-5.51155
-5.51251
-5.51346
-5.51411
-5.51521
-5.51616
-5.51725
-5.51818
-5.51926
-5.52003
-5.52125
-5.52231
-5.52305
-5.52394
-5.52481
-5.52568
-5.52638
-5.52752
-5.52834
-5.52915
-5.52995
-5.53073
-5.53149
-5.53224
-5.53281
-5.53338
-5.53422
-5.53504
-5.5354
-5.53603
-5.5365
-5.5371
-5.53737
-5.53777
-5.53846
-5.53882
-5.53931
-5.53962
-5.54007
-5.54049
-5.5409
-5.54127
-5.54163
-5.54212
-5.54273
-5.54272
-5.54284
-5.54309
-5.54331
-5.54397
-5.5443
-5.54416
-5.5443
-5.54427
-5.54453
-5.54461
-5.54497
-5.54486
-5.54489
-5.54489
-5.54488
-5.5444
-5.5445
-5.54444
-5.54451
-5.54472
-5.54491
-5.54479
-5.54465
-5.5445
-5.54418
-5.54401
-5.54397
-5.54347
-5.54326
-5.54319
-5.54282
-5.54258
-5.54264
-5.54224
-5.54183
-5.54142
-5.541
-5.54073
-5.54061
-5.54033
-5.5402
-5.53992
-5.53963
-5.53919
-5.53906
-5.53877
-5.53848
-5.5382
-5.53807
-5.53748
-5.5369
-5.53633
-5.53621
-5.53609
-5.53583
-5.53527
-5.53502
-5.53477
-5.53453
-5.53415
-5.53392
-5.5334
-5.53289
-5.53299
-5.53295
-5.53261
-5.53244
-5.53213
-5.53197
-5.53183
-5.5317
-5.53142
-5.53116
-5.53107
-5.53114
-5.53091
-5.53071
-5.53036
-5.53033
-5.53047
-5.53047
-5.53048
-5.53051
-5.52996
-5.52986
-5.52994
-5.53003
-5.53014
-5.53027
-5.53071
-5.53102
-5.53135
-5.53154
-5.5316
-5.53198
-5.53238
-5.53249
-5.53278
-5.53262
-5.53294
-5.53312
-5.53347
-5.53339
-5.53393
-5.53448
-5.53505
-5.53549
-5.53624
-5.53656
-5.53734
-5.53784
-5.53866
-5.53919
-5.53973
-5.54013
-5.5407
-5.54143
-5.54233
-5.54278
-5.54339
-5.54402
-5.54465
-5.5453
-5.54595
-5.54661
-5.54697
-5.54794
-5.54832
-5.549
-5.54984
-5.55084
-5.55153
-5.55238
-5.55338
-5.55409
-5.55494
-5.55549
-5.55619
-5.55689
-5.55758
-5.55827
-5.55896
-5.5601
-5.56063
-5.56131
-5.56213
-5.56264
-5.56315
-5.56395
-5.56474
-5.56553
-5.56585
-5.56632
-5.56693
-5.56798
-5.56857
-5.5687
-5.56928
-5.56938
-5.57024
-5.57078
-5.57116
-5.57183
-5.5728
-5.57315
-5.57378
-5.57426
-5.57488
-5.57534
-5.57593
-5.57637
-5.57679
-5.57751
-5.57776
-5.57815
-5.57854
-5.57861
-5.57882
-5.57918
-5.57937
-5.57956
-5.58019
-5.58036
-5.58053
-5.58113
-5.58143
-5.58157
-5.58171
-5.58214
-5.58241
-5.58283
-5.58294
-5.5832
-5.58361
-5.5837
-5.58395
-5.58419
-5.58443
-5.58482
-5.5852
-5.58513
-5.58536
-5.58559
-5.58612
-5.5862
-5.58657
-5.58695
-5.58703
-5.5871
-5.58733
-5.58756
-5.58779
-5.58802
-5.58795
-5.58818
-5.58842
-5.58851
-5.58875
-5.58899
-5.58909
-5.58919
-5.58944
-5.58984
-5.5901
-5.59021
-5.59033
-5.59059
-5.59086
-5.59114
-5.59141
-5.592
-5.59243
-5.59257
-5.5927
-5.59285
-5.59299
-5.59344
-5.59374
-5.59375
-5.59375
-5.59391
-5.59422
-5.59453
-5.59485
-5.59517
-5.59503
-5.59535
-5.59567
-5.59584
-5.59601
-5.59648
-5.59741
-5.59773
-5.5979
-5.59807
-5.59839
-5.59886
-5.59918
-5.59934
-5.59965
-5.59996
-5.60027
-5.60057
-5.60118
-5.60147
-5.60207
-5.60236
-5.6025
-5.60247
-5.60245
-5.60272
-5.60298
-5.60324
-5.60364
-5.60389
-5.60413
-5.60406
-5.60428
-5.6045
-5.6047
-5.6049
-5.60494
-5.60482
-5.60484
-5.60486
-5.60501
-5.60516
-5.60544
-5.60542
-5.60538
-5.60549
-5.60573
-5.60581
-5.60573
-5.60579
-5.60584
-5.60603
-5.60605
-5.60606
-5.60606
-5.6059
-5.60573
-5.60584
-5.60549
-5.60558
-5.60536
-5.60527
-5.60503
-5.60507
-5.60495
-5.60466
-5.60437
-5.60421
-5.60404
-5.60371
-5.60337
-5.60301
-5.6028
-5.60242
-5.60218
-5.60194
-5.60168
-5.60156
-5.60129
-5.601
-5.60086
-5.60071
-5.60039
-5.59992
-5.59944
-5.59926
-5.59922
-5.59902
-5.59882
-5.59846
-5.5984
-5.59819
-5.59812
-5.59789
-5.59766
-5.59774
-5.5975
-5.59727
-5.59688
-5.5965
-5.59611
-5.59573
-5.59519
-5.59481
-5.59443
-5.59405
-5.59367
-5.5936
-5.59277
-5.59211
-5.5922
-5.59184
-5.59149
-5.591
-5.59066
-5.59048
-5.59015
-5.58968
-5.58937
-5.58922
-5.58893
-5.58864
-5.58851
-5.58824
-5.58798
-5.58773
-5.58719
-5.58695
-5.58643
-5.58621
-5.58601
-5.58597
-5.58563
-5.58561
-5.58529
-5.58544
-5.58545
-5.58532
-5.58483
-5.58399
-5.58369
-5.58318
-5.58262
-5.582
-5.58147
-5.58073
-5.57994
-5.57908
-5.57817
-5.5772
-5.57632
-5.57554
-5.57454
-5.57348
-5.57222
-5.57104
-5.56965
-5.5676
-5.56624
-5.56512
-5.56349
-5.5615
-5.55959
-5.55777
-5.55574
-5.55396
-5.55211
-5.54989
-5.54822
-5.54573
-5.54348
-5.54103
-5.53866
-5.53593
-5.53314
-5.53045
-5.52815
-5.52549
-5.52307
-5.5203
-5.51777
-5.51504
-5.51195
-5.50896
-5.50592
-5.50283
-5.5
-5.49697
-5.49359
-5.49016
-5.4867
-5.48319
-5.4795
-5.47592
-5.47216
-5.46867
-5.46515
-5.46159
-5.45787
-5.45382
-5.45035
-5.44656
-5.4429
-5.43954
-5.43571
-5.43202
-5.42862
-5.42477
-5.42107
-5.41751
-5.41366
-5.40996
-5.40611
-5.40242
-5.39874
-5.39492
-5.39111
-5.38746
-5.38398
-5.38036
-5.37646
-5.37272
-5.36915
-5.36559
-5.36206
-5.35838
-5.35488
-5.35124
-5.34778
-5.34417
-5.34074
-5.33732
-5.33422
-5.33083
-5.32745
-5.32394
-5.32043
-5.31724
-5.31375
-5.31028
-5.30711
-5.30365
-5.30004
-5.29628
-5.29298
-5.28953
-5.28593
-5.28264
-5.27919
-5.2759
-5.2726
-5.26945
-5.26585
-5.26255
-5.25924
-5.25624
-5.25293
-5.24962
-5.24646
-5.24315
-5.23999
-5.23698
-5.23352
-5.2299
-5.22645
-5.22345
-5.22
-5.21686
-5.21358
-5.2103
-5.20704
-5.20394
-5.20071
-5.19718
-5.19459
-5.19141
-5.18825
-5.18511
-5.18201
-5.17878
-5.17558
-5.17257
-5.16944
-5.1665
-5.1636
-5.16074
-5.15793
-5.15501
-5.1523
-5.14933
-5.14702
-5.14432
-5.14183
-5.13939
-5.13687
-5.13457
-5.13264
-5.13017
-5.12837
-5.12665
-5.12455
-5.12268
-5.12058
-5.11887
-5.11723
-5.11582
-5.1142
-5.11296
-5.1118
-5.11057
-5.10988
-5.10867
-5.10769
-5.10679
-5.10583
-5.10525
-5.10521
-5.10463
-5.10429
-5.10373
-5.10323
-5.10342
-5.10322
-5.10279
-5.10273
-5.10274
-5.10311
-5.10338
-5.10371
-5.1038
-5.10393
-5.10426
-5.10464
-5.10505
-5.1055
-5.10613
-5.10664
-5.10703
-5.10759
-5.10817
-5.10876
-5.10922
-5.10983
-5.1103
-5.11061
-5.11123
-5.11169
-5.11245
-5.11305
-5.11364
-5.11451
-5.11506
-5.11559
-5.1161
-5.11644
-5.11675
-5.11703
-5.11713
-5.11751
-5.11815
-5.11847
-5.11875
-5.11915
-5.11951
-5.11954
-5.11969
-5.11981
-5.11959
-5.11949
-5.1195
-5.11964
-5.11945
-5.11938
-5.11912
-5.11915
-5.11884
-5.11867
-5.11847
-5.11824
-5.11831
-5.11805
-5.11793
-5.11765
-5.1175
-5.11705
-5.11674
-5.11627
-5.11611
-5.11579
-5.11548
-5.11502
-5.11472
-5.11458
-5.1143
-5.11403
-5.11393
-5.11385
-5.11365
-5.11376
-5.11375
-5.11347
-5.11337
-5.11315
-5.11357
-5.11387
-5.11391
-5.11354
-5.11366
-5.11382
-5.11403
-5.11458
-5.11504
-5.11584
-5.11624
-5.11639
-5.11674
-5.11729
-5.1179
-5.11856
-5.11943
-5.1202
-5.12102
-5.1219
-5.12269
-5.12383
-5.12487
-5.12597
-5.12727
-5.12848
-5.12989
-5.13105
-5.13242
-5.13368
-5.135
-5.13621
-5.13778
-5.13954
-5.14104
-5.1429
-5.14464
-5.14673
-5.14841
-5.15028
-5.15218
-5.15427
-5.15655
-5.1584
-5.16029
-5.16236
-5.16505
-5.16702
-5.16916
-5.17117
-5.1732
-5.17601
-5.17822
-5.18044
-5.18253
-5.18477
-5.18671
-5.18881
-5.19106
-5.19346
-5.1957
-5.19809
-5.20032
-5.20253
-5.20488
-5.20706
-5.20923
-5.21152
-5.21363
-5.21542
-5.21748
-5.21966
-5.22166
-5.22362
-5.22554
-5.22742
-5.2294
-5.2315
-5.23325
-5.23479
-5.23644
-5.23818
-5.23988
-5.24136
-5.24264
-5.24432
-5.24563
-5.24688
-5.24807
-5.2492
-5.25011
-5.25126
-5.25205
-5.25262
-5.25327
-5.25387
-5.25485
-5.25531
-5.25602
-5.2565
-5.25693
-5.25745
-5.25775
-5.25784
-5.25803
-5.25816
-5.25824
-5.25826
-5.25822
-5.25829
-5.25847
-5.25844
-5.25807
-5.25781
-5.25751
-5.25671
-5.25634
-5.25608
-5.25595
-5.25548
-5.25544
-5.25493
-5.25455
-5.25384
-5.25327
-5.25269
-5.2521
-5.2518
-5.25118
-5.25057
-5.24979
-5.24917
-5.24839
-5.24732
-5.24685
-5.24638
-5.24576
-5.24531
-5.24486
-5.24411
-5.24383
-5.24356
-5.24299
-5.24244
-5.2422
-5.24166
-5.24114
-5.24078
-5.24029
-5.2398
-5.23887
-5.23871
-5.23826
-5.23783
-5.2374
-5.23683
-5.23658
-5.23649
-5.23596
-5.23574
-5.23553
-5.23473
-5.2344
-5.23407
-5.23376
-5.233
-5.23271
-5.23243
-5.23201
-5.23205
-5.23211
-5.23203
-5.23181
-5.2316
-5.23156
-5.23123
-5.23107
-5.23077
-5.23094
-5.23037
-5.23012
-5.23019
-5.22997
-5.22993
-5.23005
-5.2299
-5.23022
-5.23011
-5.23032
-5.23055
-5.23067
-5.23095
-5.23111
-5.23115
-5.23122
-5.23146
-5.23128
-5.23158
-5.23222
-5.23274
-5.23299
-5.23327
-5.23388
-5.23453
-5.23492
-5.23534
-5.23564
-5.23628
-5.23742
-5.23798
-5.23873
-5.23968
-5.24035
-5.24137
-5.24227
-5.24321
-5.24419
-5.2449
-5.24596
-5.24705
-5.24833
-5.24979
-5.25099
-5.25252
-5.25364
-5.25479
-5.25627
-5.25764
-5.25888
-5.26031
-5.26177
-5.2637
-5.26521
-5.2669
-5.26831
-5.26974
-5.27165
-5.27328
-5.27477
-5.27658
-5.27796
-5.27905
-5.2806
-5.28232
-5.28404
-5.28608
-5.28797
-5.28971
-5.29176
-5.29351
-5.29496
-5.29641
-5.29815
-5.29989
-5.30162
-5.3032
-5.30491
-5.30662
-5.30831
-5.31029
-5.31195
-5.31374
-5.31567
-5.31713
-5.31856
-5.31982
-5.32136
-5.32287
-5.32436
-5.32612
-5.32755
-5.32865
-5.32987
-5.33106
-5.33252
-5.33394
-5.33518
-5.33638
-5.3374
-5.33853
-5.33962
-5.34067
-5.34184
-5.34281
-5.34405
-5.34525
-5.3464
-5.34722
-5.34784
-5.34842
-5.34957
-5.34992
-5.35038
-5.35095
-5.35148
-5.35197
-5.35196
-5.35252
-5.35243
-5.35291
-5.35334
-5.35374
-5.35395
-5.35427
-5.3547
-5.35464
-5.35484
-5.35455
-5.35453
-5.35508
-5.35499
-5.35471
-5.3547
-5.35451
-5.35443
-5.35402
-5.35373
-5.35355
-5.35305
-5.35267
-5.35241
-5.35212
-5.3518
-5.35115
-5.35078
-5.34993
-5.3495
-5.34905
-5.34843
-5.34778
-5.34681
-5.34627
-5.346
-5.34511
-5.3442
-5.34342
-5.34307
-5.3424
-5.34155
-5.34084
-5.34025
-5.33905
-5.33797
-5.33688
-5.33577
-5.33478
-5.33378
-5.33246
-5.33127
-5.33036
-5.32898
-5.32789
-5.32677
-5.32594
-5.32525
-5.32377
-5.32244
-5.32108
-5.32031
-5.31906
-5.31765
-5.31607
-5.31477
-5.31345
-5.31226
-5.3106
-5.30893
-5.30738
-5.30582
-5.30425
-5.3028
-5.30194
-5.30061
-5.29897
-5.29761
-5.29608
-5.29469
-5.29328
-5.29171
-5.28982
-5.28822
-5.286
-5.28438
-5.28275
-5.28096
-5.27885
-5.27719
-5.27553
-5.2734
-5.27188
-5.2699
-5.26822
-5.26668
-5.265
-5.26317
-5.26164
-5.25982
-5.25815
-5.25619
-5.25423
-5.25259
-5.25036
-5.24889
-5.24729
-5.246
-5.24459
-5.24273
-5.24105
-5.23969
-5.23836
-5.23705
-5.23561
-5.23405
-5.23282
-5.23132
-5.23014
-5.22931
-5.22835
-5.22712
-5.22592
-5.22491
-5.22348
-5.22269
-5.22148
-5.22061
-5.21932
-5.21822
-5.2173
-5.21642
-5.21573
-5.21492
-5.21429
-5.21355
-5.21299
-5.21231
-5.21166
-5.21089
-5.21046
-5.2096
-5.20907
-5.20872
-5.20809
-5.20779
-5.20736
-5.20695
-5.20687
-5.2065
-5.20615
-5.20567
-5.2052
-5.20521
-5.20477
-5.2045
-5.20454
-5.20414
-5.2039
-5.20336
-5.20314
-5.20292
-5.20271
-5.20265
-5.20214
-5.2021
-5.20205
-5.20201
-5.20197
-5.20162
-5.20188
-5.20215
-5.20211
-5.20207
-5.20188
-5.20168
-5.20149
-5.20129
-5.20124
-5.20134
-5.20098
-5.20017
-5.19966
-5.19944
-5.19922
-5.19931
-5.19908
-5.1987
-5.19877
-5.19839
-5.19815
-5.19805
-5.19826
-5.19801
-5.1973
-5.19689
-5.19678
-5.19636
-5.19623
-5.19565
-5.19536
-5.19492
-5.19432
-5.19356
-5.19355
-5.19294
-5.19277
-5.19259
-5.19271
-5.19237
-5.19187
-5.19121
-5.19071
-5.19019
-5.18982
-5.18945
-5.18923
-5.189
-5.18832
-5.18793
-5.18755
-5.18717
-5.18694
-5.18671
-5.18663
-5.18626
-5.18589
-5.18553
-5.18518
-5.18484
-5.18482
-5.1839
-5.18345
-5.18332
-5.18291
-5.18253
-5.18216
-5.18213
-5.18197
-5.18154
-5.1819
-5.18184
-5.18152
-5.18139
-5.1816
-5.1817
-5.18185
-5.18204
-5.18198
-5.18228
-5.18232
-5.18288
-5.18348
-5.184
-5.18442
-5.1849
-5.18574
-5.18604
-5.18671
-5.18774
-5.18883
-5.18984
-5.1912
-5.19264
-5.19398
-5.19508
-5.1964
-5.19777
-5.19921
-5.20086
-5.20271
-5.20462
-5.20643
-5.20814
-5.20991
-5.21141
-5.21312
-5.21532
-5.21742
-5.21956
-5.22158
-5.22363
-5.22572
-5.22799
-5.23013
-5.2323
-5.23433
-5.23624
-5.23846
-5.2407
-5.2431
-5.2452
-5.24746
-5.24973
-5.25199
-5.2541
-5.25636
-5.25875
-5.26069
-5.26276
-5.26513
-5.26747
-5.2698
-5.2721
-5.27393
-5.27589
-5.27798
-5.27958
-5.2816
-5.28375
-5.28587
-5.2878
-5.29
-5.29156
-5.29384
-5.29532
-5.29723
-5.29879
-5.30062
-5.3021
-5.30369
-5.3051
-5.30661
-5.30839
-5.30967
-5.31121
-5.31211
-5.31327
-5.31454
-5.31592
-5.31711
-5.31826
-5.31922
-5.32074
-5.32161
-5.3226
-5.32355
-5.32431
-5.32518
-5.32616
-5.32696
-5.32771
-5.32828
-5.32881
-5.32946
-5.33007
-5.33095
-5.33149
-5.33214
-5.33291
-5.3332
-5.33345
-5.33381
-5.3343
-5.3346
-5.33501
-5.3354
-5.33575
-5.33591
-5.33559
-5.33599
-5.3362
-5.33623
-5.33578
-5.33574
-5.33567
-5.33557
-5.33558
-5.33541
-5.33551
-5.33527
-5.3347
-5.33424
-5.33389
-5.33322
-5.3328
-5.33221
-5.33173
-5.33121
-5.33036
-5.32978
-5.32901
-5.32867
-5.32798
-5.32741
-5.32681
-5.32558
-5.32461
-5.32376
-5.32272
-5.32165
-5.32055
-5.31942
-5.31841
-5.31766
-5.31674
-5.31594
-5.31465
-5.31348
-5.31244
-5.31091
-5.30966
-5.30868
-5.30768
-5.30649
-5.30513
-5.30374
-5.30233
-5.30088
-5.29911
-5.29747
-5.2958
-5.29425
-5.29283
-5.29139
-5.28977
-5.28798
-5.28586
-5.28417
-5.28246
-5.28118
-5.27927
-5.27733
-5.27568
-5.27431
-5.27261
-5.27104
-5.26885
-5.26709
-5.265
-5.26305
-5.26122
-5.25923
-5.25736
-5.25548
-5.25327
-5.24912
-5.24649
-5.24425
-5.24165
-5.23898
-5.23626
-5.23363
-5.23049
-5.2279
-5.22465
-5.22165
-5.21876
-5.21581
-5.21252
-5.20903
-5.2058
-5.20268
-5.19952
-5.19618
-5.19281
-5.1894
-5.18597
-5.18251
-5.17933
-5.17567
-5.17216
-5.16847
-5.16508
-5.16168
-5.15812
-5.15425
-5.15084
-5.14727
-5.14387
-5.14031
-5.13677
-5.13293
-5.12971
-5.12636
-5.12272
-5.11925
-5.1158
-5.11268
-5.10928
-5.10606
-5.10272
-5.09926
-5.09583
-5.09275
-5.08939
-5.08578
-5.08236
-5.07913
-5.0761
-5.07357
-5.07094
-5.06852
-5.06584
-5.06293
-5.06052
-5.05787
-5.05514
-5.05262
-5.05016
-5.04748
-5.04486
-5.04292
-5.04061
-5.03852
-5.03651
-5.03443
-5.03258
-5.03066
-5.02928
-5.02753
-5.02571
-5.02413
-5.02249
-5.02139
-5.02023
-5.01931
-5.01832
-5.01742
-5.01661
-5.01574
-5.01495
-5.01424
-5.01347
-5.01294
-5.01264
-5.01256
-5.01257
-5.0125
-5.01251
-5.01213
-5.01212
-5.01234
-5.01232
-5.01266
-5.01306
-5.01367
-5.01419
-5.0149
-5.01522
-5.01573
-5.01644
-5.01719
-5.01798
-5.01897
-5.01983
-5.02072
-5.0215
-5.02261
-5.02419
-5.02535
-5.02638
-5.02728
-5.02851
-5.02975
-5.0304
-5.03152
-5.03251
-5.03381
-5.03512
-5.0363
-5.03748
-5.03823
-5.03928
-5.0408
-5.04218
-5.04341
-5.04466
-5.04576
-5.04702
-5.0486
-5.05003
-5.05132
-5.05262
-5.05363
-5.0548
-5.05598
-5.05717
-5.05852
-5.06019
-5.06141
-5.06295
-5.06435
-5.06561
-5.06704
-5.06862
-5.07008
-5.07154
-5.07317
-5.07466
-5.07601
-5.07768
-5.07936
-5.08045
-5.08216
-5.08403
-5.08531
-5.08675
-5.0879
-5.08952
-5.09099
-5.09248
-5.09413
-5.09578
-5.09729
-5.09912
-5.10079
-5.10248
-5.10431
-5.1057
-5.1071
-5.10865
-5.1099
-5.1116
-5.11315
-5.11485
-5.11655
-5.11809
-5.11948
-5.12102
-5.12284
-5.12467
-5.12648
-5.12828
-5.12962
-5.1314
-5.13301
-5.13461
-5.13604
-5.13776
-5.13945
-5.14113
-5.14278
-5.14441
-5.14556
-5.14683
-5.14854
-5.15006
-5.15139
-5.15285
-5.15412
-5.1552
-5.15639
-5.15754
-5.15865
-5.15972
-5.16074
-5.16171
-5.16278
-5.16335
-5.16447
-5.16553
-5.16624
-5.16703
-5.16731
-5.16782
-5.16827
-5.16865
-5.16882
-5.16906
-5.16938
-5.16947
-5.16963
-5.16941
-5.16942
-5.16964
-5.16963
-5.16953
-5.16904
-5.16846
-5.16764
-5.16688
-5.16617
-5.16537
-5.16433
-5.16319
-5.16195
-5.16061
-5.15917
-5.15824
-5.1566
-5.15487
-5.15319
-5.1514
-5.14952
-5.14739
-5.14532
-5.14269
-5.14012
-5.13761
-5.135
-5.13231
-5.12953
-5.12665
-5.12385
-5.12097
-5.1183
-5.11496
-5.11185
-5.10882
-5.10527
-5.10151
-5.09754
-5.09412
-5.0905
-5.08684
-5.08283
-5.0794
-5.07548
-5.07183
-5.06787
-5.06389
-5.05975
-5.05592
-5.05208
-5.04825
-5.04474
-5.04095
-5.03748
-5.03359
-5.03004
-5.02593
-5.02247
-5.01877
-5.01482
-5.01154
-5.00833
-5.00534
-5.00214
-4.99916
-4.99613
-4.99273
-4.98988
-4.98683
-4.98449
-4.9818
-4.97936
-4.97689
-4.97438
-4.9723
-4.97002
-4.96817
-4.96644
-4.96483
-4.96349
-4.96183
-4.96089
-4.95963
-4.95879
-4.95823
-4.95779
-4.95687
-4.95653
-4.95661
-4.95666
-4.95638
-4.95637
-4.95663
-4.95685
-4.95748
-4.95793
-4.95848
-4.95885
-4.95947
-4.96034
-4.96162
-4.96269
-4.96371
-4.96498
-4.96634
-4.96764
-4.96932
-4.97124
-4.97309
-4.97502
-4.97688
-4.97865
-4.98065
-4.98242
-4.9844
-4.98659
-4.98899
-4.99114
-4.99349
-4.9959
-4.99849
-5.00114
-5.00382
-5.00668
-5.00913
-5.01176
-5.01426
-5.01695
-5.0198
-5.02237
-5.0248
-5.02755
-5.03032
-5.03339
-5.03601
-5.03879
-5.04112
-5.04435
-5.04682
-5.04974
-5.0528
-5.0554
-5.05784
-5.06072
-5.06358
-5.06612
-5.06834
-5.07084
-5.07378
-5.07623
-5.07882
-5.08183
-5.08451
-5.08701
-5.08933
-5.09177
-5.09432
-5.09669
-5.09873
-5.10103
-5.1033
-5.10583
-5.10786
-5.11017
-5.11228
-5.1145
-5.11637
-5.11836
-5.12045
-5.12205
-5.12421
-5.12617
-5.12793
-5.1295
-5.13117
-5.1331
-5.13483
-5.13636
-5.1377
-5.13883
-5.14022
-5.14141
-5.14255
-5.14379
-5.14514
-5.14643
-5.14783
-5.14872
-5.14987
-5.15067
-5.15141
-5.15241
-5.15322
-5.15367
-5.15422
-5.15519
-5.15535
-5.15606
-5.15659
-5.15691
-5.1575
-5.15789
-5.15823
-5.15869
-5.15865
-5.15902
-5.15921
-5.1589
-5.15931
-5.15923
-5.15912
-5.15882
-5.15879
-5.15872
-5.15863
-5.15866
-5.15865
-5.15893
-5.15887
-5.15849
-5.15823
-5.15765
-5.1572
-5.15703
-5.15668
-5.15647
-5.1561
-5.15555
-5.15484
-5.15442
-5.15399
-5.15369
-5.15339
-5.15308
-5.15291
-5.15273
-5.1524
-5.15222
-5.15143
-5.15124
-5.1509
-5.15041
-5.15008
-5.14959
-5.14941
-5.14864
-5.14817
-5.14755
-5.14679
-5.14619
-5.14591
-5.14548
-5.14521
-5.14451
-5.14441
-5.14403
-5.14367
-5.14301
-5.14267
-5.14235
-5.14204
-5.14144
-5.14116
-5.14074
-5.1405
-5.14027
-5.1402
-5.14015
-5.13997
-5.1401
-5.13965
-5.14012
-5.13985
-5.13989
-5.14025
-5.14048
-5.14027
-5.14007
-5.14018
-5.14016
-5.14014
-5.14014
-5.13985
-5.14017
-5.1399
-5.14009
-5.14029
-5.14005
-5.13997
-5.14034
-5.14043
-5.14036
-5.14091
-5.14102
-5.14113
-5.14139
-5.14136
-5.14133
-5.14131
-5.14159
-5.14173
-5.14187
-5.14201
-5.14246
-5.14247
-5.14232
-5.14248
-5.14234
-5.14251
-5.14254
-5.14286
-5.1432
-5.14338
-5.14342
-5.14361
-5.14381
-5.14387
-5.14392
-5.14444
-5.14496
-5.14563
-5.14586
-5.14625
-5.14649
-5.14718
-5.14744
-5.14769
-5.1475
-5.14792
-5.1482
-5.14862
-5.14906
-5.14919
-5.14994
-5.15008
-5.15039
-5.15069
-5.15084
-5.15131
-5.15177
-5.15238
-5.15239
-5.1524
-5.15256
-5.15287
-5.15317
-5.15362
-5.15392
-5.15421
-5.15479
-5.15491
-5.15472
-5.15498
-5.15537
-5.15605
-5.15657
-5.15663
-5.15651
-5.15699
-5.15729
-5.15758
-5.15739
-5.15749
-5.15756
-5.1573
-5.15732
-5.15731
-5.15758
-5.15752
-5.15728
-5.157
-5.157
-5.15666
-5.15644
-5.15649
-5.1562
-5.15572
-5.1552
-5.15511
-5.15482
-5.15434
-5.15383
-5.15312
-5.15238
-5.15205
-5.15123
-5.15082
-5.15037
-5.14973
-5.1486
-5.14744
-5.14638
-5.14559
-5.14477
-5.14421
-5.14331
-5.14238
-5.14126
-5.14041
-5.13923
-5.13802
-5.13648
-5.13536
-5.13407
-5.1326
-5.13141
-5.12975
-5.12822
-5.12682
-5.12512
-5.1237
-5.12228
-5.12085
-5.11927
-5.11768
-5.11595
-5.11453
-5.11297
-5.11142
-5.11034
-5.10898
-5.1075
-5.10604
-5.10477
-5.10368
-5.10248
-5.10133
-5.10038
-5.09932
-5.09848
-5.09769
-5.09682
-5.09571
-5.09483
-5.09432
-5.09389
-5.09309
-5.09282
-5.09234
-5.0921
-5.09135
-5.09115
-5.0912
-5.09149
-5.09203
-5.09268
-5.09327
-5.09351
-5.09386
-5.0943
-5.09485
-5.09549
-5.09654
-5.09723
-5.09861
-5.09994
-5.10151
-5.10302
-5.10491
-5.10658
-5.10863
-5.11045
-5.11234
-5.11429
-5.11646
-5.11868
-5.1208
-5.12282
-5.12457
-5.12697
-5.12909
-5.13185
-5.13448
-5.13682
-5.13917
-5.14168
-5.14389
-5.14609
-5.14859
-5.15077
-5.15323
-5.15582
-5.15823
-5.16031
-5.16234
-5.16449
-5.1666
-5.1685
-5.17065
-5.1726
-5.17478
-5.17631
-5.17806
-5.17991
-5.18153
-5.18308
-5.18455
-5.18595
-5.18728
-5.18837
-5.18968
-5.19076
-5.19176
-5.19268
-5.19381
-5.19471
-5.19522
-5.19581
-5.19615
-5.19687
-5.19675
-5.19686
-5.19703
-5.19698
-5.19684
-5.19663
-5.19635
-5.19629
-5.19571
-5.19552
-5.1951
-5.19447
-5.19407
-5.19347
-5.1925
-5.19177
-5.19084
-5.18985
-5.18897
-5.18803
-5.1869
-5.18587
-5.18465
-5.18353
-5.18253
-5.18089
-5.17936
-5.17825
-5.17695
-5.17578
-5.17412
-5.17259
-5.17118
-5.16975
-5.16799
-5.16636
-5.16485
-5.16333
-5.16179
-5.16023
-5.1585
-5.15736
-5.15576
-5.15414
-5.1525
-5.15071
-5.14906
-5.14739
-5.14588
-5.1445
-5.14237
-5.14099
-5.13961
-5.13838
-5.13655
-5.13517
-5.13335
-5.13169
-5.12988
-5.12809
-5.12646
-5.12485
-5.12326
-5.12154
-5.11999
-5.11832
-5.11668
-5.11522
-5.11395
-5.11272
-5.11107
-5.10962
-5.10867
-5.10732
-5.10632
-5.10522
-5.10418
-5.10335
-5.10228
-5.10128
-5.10094
-5.10022
-5.09957
-5.09884
-5.09803
-5.0976
-5.09724
-5.09711
-5.09706
-5.09723
-5.09717
-5.09749
-5.09728
-5.09775
-5.09829
-5.09815
-5.09852
-5.09897
-5.09933
-5.09975
-5.10038
-5.10106
-5.10165
-5.10214
-5.10342
-5.1043
-5.10506
-5.10601
-5.10714
-5.10814
-5.10932
-5.11021
-5.11142
-5.11248
-5.1134
-5.11462
-5.11523
-5.11583
-5.11673
-5.11746
-5.11847
-5.11931
-5.12027
-5.12105
-5.1218
-5.12281
-5.12364
-5.12458
-5.12562
-5.12617
-5.12681
-5.12757
-5.12827
-5.12831
-5.12891
-5.1293
-5.12949
-5.12963
-5.12972
-5.1299
-5.12973
-5.12997
-5.13015
-5.13029
-5.13009
-5.12984
-5.12985
-5.12953
-5.12901
-5.12877
-5.12835
-5.12806
-5.12774
-5.12726
-5.12706
-5.12656
-5.12619
-5.12568
-5.12577
-5.12542
-5.12507
-5.12474
-5.12443
-5.12413
-5.12417
-5.12393
-5.12402
-5.12384
-5.1234
-5.12331
-5.1231
-5.12293
-5.12296
-5.12288
-5.1227
-5.12271
-5.12292
-5.12333
-5.12363
-5.12427
-5.12496
-5.12554
-5.126
-5.12664
-5.12702
-5.12773
-5.12847
-5.12877
-5.12955
-5.13034
-5.13085
-5.13166
-5.13173
-5.13224
-5.13276
-5.13342
-5.13376
-5.13455
-5.13516
-5.13575
-5.13617
-5.13626
-5.13646
-5.13694
-5.13769
-5.13825
-5.13892
-5.13971
-5.14015
-5.1404
-5.14045
-5.14046
-5.14058
-5.14096
-5.14084
-5.14113
-5.14107
-5.14083
-5.14069
-5.14067
-5.14061
-5.14021
-5.14022
-5.1396
-5.1391
-5.13842
-5.13831
-5.13788
-5.13726
-5.13693
-5.13688
-5.1365
-5.13581
-5.13525
-5.13497
-5.13469
-5.13424
-5.13363
-5.13286
-5.13223
-5.1316
-5.13111
-5.13062
-5.12997
-5.12918
-5.12853
-5.12789
-5.1274
-5.12661
-5.12628
-5.1258
-5.12518
-5.12487
-5.12412
-5.12323
-5.12265
-5.12208
-5.12122
-5.12099
-5.12031
-5.11996
-5.11902
-5.11828
-5.1177
-5.11714
-5.11688
-5.11634
-5.11566
-5.1153
-5.11511
-5.11465
-5.11405
-5.11363
-5.11324
-5.11273
-5.11225
-5.11211
-5.1111
-5.11103
-5.1107
-5.11042
-5.11018
-5.10998
-5.11013
-5.10988
-5.10998
-5.11028
-5.11079
-5.11104
-5.1115
-5.11186
-5.11242
-5.11259
-5.11296
-5.11368
-5.11416
-5.11515
-5.11588
-5.11697
-5.1178
-5.11853
-5.11931
-5.12029
-5.12101
-5.12207
-5.12272
-5.12386
-5.12504
-5.12594
-5.12749
-5.12891
-5.1299
-5.13107
-5.13226
-5.13378
-5.13516
-5.1367
-5.1381
-5.13951
-5.14122
-5.14264
-5.14406
-5.14577
-5.14703
-5.14829
-5.14968
-5.15106
-5.15228
-5.15364
-5.15513
-5.15614
-5.15744
-5.15871
-5.16057
-5.16179
-5.16315
-5.16462
-5.16547
-5.16628
-5.16737
-5.16843
-5.1696
-5.1706
-5.17171
-5.17264
-5.17324
-5.1741
-5.17479
-5.17574
-5.17667
-5.17726
-5.17782
-5.17821
-5.17901
-5.17964
-5.18039
-5.18111
-5.18196
-5.18233
-5.18298
-5.18315
-5.18361
-5.18343
-5.18445
-5.18499
-5.18521
-5.18556
-5.18605
-5.18636
-5.18651
-5.18664
-5.18705
-5.18715
-5.18753
-5.18729
-5.18764
-5.18766
-5.18783
-5.18767
-5.1881
-5.18821
-5.18845
-5.18838
-5.18873
-5.18876
-5.18878
-5.18862
-5.18858
-5.18868
-5.1886
-5.18834
-5.1882
-5.18834
-5.18815
-5.18777
-5.18767
-5.18722
-5.18705
-5.18684
-5.18658
-5.18629
-5.18596
-5.18529
-5.18472
-5.18425
-5.18359
-5.18288
-5.18212
-5.18101
-5.18
-5.17894
-5.17827
-5.1771
-5.17618
-5.17474
-5.17355
-5.17261
-5.17145
-5.17008
-5.16881
-5.16702
-5.16548
-5.16402
-5.1622
-5.16047
-5.15838
-5.15652
-5.15476
-5.15293
-5.15089
-5.14879
-5.14663
-5.14455
-5.14226
-5.13961
-5.1372
-5.13488
-5.13174
-5.129
-5.12635
-5.12335
-5.12058
-5.11731
-5.11399
-5.11076
-5.10778
-5.10475
-5.10183
-5.0984
-5.09523
-5.09231
-5.08921
-5.08621
-5.08272
-5.0789
-5.07549
-5.0722
-5.06874
-5.0651
-5.06189
-5.05866
-5.05526
-5.05171
-5.04844
-5.04457
-5.04085
-5.03698
-5.03342
-5.02988
-5.02635
-5.02284
-5.01922
-5.01592
-5.01252
-5.00915
-5.00599
-5.00288
-4.99908
-4.99594
-4.99288
-4.98974
-4.98684
-4.98402
-4.9816
-4.97912
-4.97675
-4.97418
-4.97188
-4.96984
-4.96763
-4.96539
-4.96343
-4.96175
-4.96006
-4.95866
-4.95755
-4.95644
-4.95547
-4.9545
-4.95368
-4.95285
-4.95278
-4.95241
-4.95249
-4.95257
-4.95294
-4.95317
-4.95414
-4.95495
-4.95561
-4.95655
-4.95794
-4.95915
-4.96034
-4.96211
-4.96355
-4.96526
-4.96693
-4.96901
-4.97075
-4.97318
-4.97542
-4.97789
-4.98044
-4.98278
-4.98473
-4.98736
-4.9899
-4.99265
-4.99531
-4.99846
-5.0012
-5.00414
-5.0071
-5.00979
-5.01281
-5.01569
-5.01903
-5.02178
-5.02469
-5.02759
-5.03064
-5.03383
-5.03701
-5.04002
-5.04316
-5.04612
-5.04935
-5.05241
-5.05542
-5.05825
-5.06104
-5.06394
-5.06679
-5.06989
-5.07233
-5.07442
-5.07706
-5.0798
-5.08202
-5.08448
-5.08643
-5.08831
-5.09073
-5.09279
-5.09478
-5.0967
-5.09825
-5.10018
-5.10205
-5.10384
-5.10557
-5.10707
-5.1085
-5.11001
-5.11114
-5.11236
-5.1135
-5.11472
-5.11511
-5.11634
-5.11705
-5.11798
-5.11885
-5.11949
-5.12006
-5.12041
-5.12069
-5.12151
-5.12166
-5.12203
-5.12219
-5.12229
-5.12247
-5.12243
-5.12248
-5.12232
-5.12225
-5.12212
-5.12147
-5.12122
-5.12077
-5.11995
-5.11954
-5.11892
-5.1181
-5.11738
-5.11662
-5.11535
-5.1148
-5.1139
-5.11296
-5.11214
-5.11082
-5.10977
-5.10854
-5.10727
-5.10598
-5.10496
-5.10361
-5.10225
-5.10085
-5.09959
-5.09847
-5.09732
-5.09601
-5.09484
-5.09365
-5.09245
-5.09124
-5.08957
-5.08819
-5.08711
-5.08587
-5.08446
-5.08305
-5.08164
-5.08022
-5.07894
-5.0775
-5.07606
-5.07446
-5.07345
-5.07184
-5.07006
-5.06843
-5.06709
-5.06514
-5.06348
-5.06241
-5.06073
-5.05949
-5.05824
-5.05682
-5.05555
-5.05411
-5.05251
-5.0512
-5.04972
-5.04809
-5.04599
-5.04464
-5.04283
-5.04146
-5.03963
-5.03796
-5.03642
-5.03459
-5.03291
-5.03108
-5.02925
-5.02743
-5.02578
-5.02413
-5.02265
-5.02104
-5.0193
-5.01788
-5.01604
-5.01422
-5.01305
-5.0116
-5.0105
-5.00899
-5.00782
-5.0064
-5.00503
-5.00402
-5.00276
-5.00186
-5.00132
-5.0007
-4.99999
-4.9992
-4.99848
-4.99783
-4.99725
-4.9966
-4.99633
-4.99584
-4.99527
-4.99509
-4.99499
-4.99496
-4.99518
-4.99532
-4.9957
-4.99586
-4.99655
-4.99702
-4.99773
-4.99837
-4.99908
-4.99957
-5.00059
-5.00153
-5.00255
-5.00349
-5.00449
-5.00556
-5.00715
-5.00805
-5.00961
-5.01077
-5.01228
-5.01369
-5.01546
-5.01681
-5.01835
-5.01993
-5.02154
-5.02379
-5.02576
-5.02745
-5.02915
-5.03102
-5.03291
-5.0348
-5.03685
-5.03875
-5.04065
-5.04254
-5.04443
-5.04615
-5.04817
-5.05001
-5.05185
-5.05366
-5.05575
-5.05736
-5.05911
-5.06097
-5.06266
-5.06401
-5.06563
-5.06708
-5.06894
-5.07062
-5.07166
-5.07342
-5.07484
-5.07623
-5.07728
-5.0786
-5.07988
-5.08098
-5.08173
-5.08321
-5.08436
-5.08577
-5.08685
-5.08775
-5.08907
-5.09006
-5.09116
-5.09209
-5.09299
-5.09357
-5.09441
-5.09524
-5.09604
-5.09666
-5.09757
-5.09845
-5.09916
-5.09955
-5.10053
-5.10104
-5.10168
-5.1026
-5.10381
-5.10396
-5.10469
-5.10526
-5.10566
-5.10665
-5.10718
-5.1077
-5.10775
-5.10809
-5.10872
-5.10919
-5.10964
-5.11024
-5.11067
-5.11124
-5.1115
-5.11189
-5.11257
-5.11294
-5.11314
-5.11362
-5.11379
-5.11424
-5.11453
-5.11449
-5.11429
-5.11451
-5.11487
-5.11521
-5.11552
-5.11535
-5.11562
-5.11585
-5.11591
-5.11579
-5.11595
-5.11562
-5.11526
-5.11517
-5.11535
-5.11535
-5.11531
-5.11463
-5.11453
-5.11423
-5.11405
-5.11369
-5.11358
-5.11344
-5.11311
-5.1126
-5.11189
-5.1113
-5.11127
-5.11046
-5.10975
-5.10871
-5.10793
-5.10697
-5.10612
-5.10479
-5.10388
-5.10294
-5.10196
-5.1008
-5.09992
-5.09886
-5.09747
-5.09651
-5.09553
-5.09407
-5.0929
-5.09186
-5.09065
-5.08942
-5.08818
-5.08648
-5.08521
-5.08379
-5.08266
-5.08138
-5.07994
-5.0785
-5.07737
-5.07623
-5.07525
-5.07412
-5.0724
-5.07114
-5.06959
-5.06835
-5.06698
-5.06547
-5.06413
-5.06297
-5.06167
-5.0604
-5.05931
-5.05809
-5.05705
-5.0562
-5.05538
-5.05444
-5.0537
-5.05284
-5.05202
-5.0514
-5.05052
-5.04999
-5.0495
-5.04876
-5.04852
-5.04834
-5.0479
-5.04736
-5.04687
-5.04658
-5.0462
-5.04647
-5.04649
-5.04656
-5.04638
-5.04624
-5.04616
-5.04597
-5.04643
-5.04633
-5.04642
-5.0467
-5.04732
-5.04753
-5.04791
-5.04833
-5.04892
-5.04939
-5.04973
-5.05008
-5.05015
-5.05053
-5.05092
-5.05147
-5.05202
-5.05257
-5.05312
-5.05351
-5.05404
-5.05472
-5.05508
-5.05542
-5.0556
-5.0562
-5.05679
-5.0575
-5.05773
-5.05808
-5.0584
-5.05854
-5.0588
-5.05917
-5.05936
-5.05921
-5.05917
-5.05955
-5.05959
-5.0599
-5.05971
-5.05964
-5.05938
-5.05938
-5.05889
-5.05927
-5.05872
-5.05827
-5.05765
-5.05729
-5.0569
-5.05632
-5.05602
-5.05585
-5.05519
-5.05481
-5.05441
-5.05398
-5.05339
-5.05277
-5.05244
-5.05149
-5.05083
-5.05047
-5.04979
-5.0491
-5.04887
-5.04848
-5.04763
-5.04694
-5.04641
-5.04618
-5.04581
-5.04499
-5.04449
-5.044
-5.04292
-5.04232
-5.04158
-5.04102
-5.04032
-5.03981
-5.03962
-5.03946
-5.03918
-5.03878
-5.03841
-5.03822
-5.03793
-5.03736
-5.03683
-5.0368
-5.0365
-5.03654
-5.03633
-5.03645
-5.03647
-5.03684
-5.03724
-5.03739
-5.03774
-5.03797
-5.03841
-5.03873
-5.03955
-5.03997
-5.04027
-5.04078
-5.04102
-5.04206
-5.04239
-5.04306
-5.04362
-5.04422
-5.04516
-5.04569
-5.04671
-5.04776
-5.04854
-5.04936
-5.05036
-5.05169
-5.05275
-5.05339
-5.05451
-5.05535
-5.05682
-5.05801
-5.05922
-5.06046
-5.06171
-5.06298
-5.06411
-5.06557
-5.06703
-5.06836
-5.06985
-5.07119
-5.07255
-5.07406
-5.07573
-5.07695
-5.07817
-5.07955
-5.08107
-5.08214
-5.08322
-5.08444
-5.08595
-5.08716
-5.08852
-5.08987
-5.09136
-5.09268
-5.0937
-5.09516
-5.09675
-5.09803
-5.09945
-5.10085
-5.10193
-5.1033
-5.10449
-5.10612
-5.10713
-5.10811
-5.10893
-5.10987
-5.11094
-5.11199
-5.11301
-5.11401
-5.11499
-5.11594
-5.11671
-5.1176
-5.11847
-5.11916
-5.11982
-5.12076
-5.12167
-5.12224
-5.12324
-5.12376
-5.12455
-5.12486
-5.12559
-5.12614
-5.12726
-5.12789
-5.1285
-5.12847
-5.12885
-5.12936
-5.12953
-5.12982
-5.13022
-5.13044
-5.13062
-5.13047
-5.13027
-5.13065
-5.13054
-5.13054
-5.13065
-5.13058
-5.13077
-5.13077
-5.13088
-5.1308
-5.13024
-5.13054
-5.13004
-5.12967
-5.1294
-5.12879
-5.128
-5.12747
-5.12646
-5.12601
-5.12538
-5.12472
-5.12387
-5.123
-5.1224
-5.12207
-5.12097
-5.1203
-5.11961
-5.11921
-5.11818
-5.11715
-5.11626
-5.11506
-5.11385
-5.11295
-5.11206
-5.11132
-5.11029
-5.10988
-5.10873
-5.10806
-5.10695
-5.10618
-5.10498
-5.10397
-5.10329
-5.1025
-5.10205
-5.10164
-5.10066
-5.10019
-5.0996
-5.09936
-5.09901
-5.09871
-5.09829
-5.09821
-5.09818
-5.09802
-5.0979
-5.09796
-5.09789
-5.09815
-5.09813
-5.09797
-5.09752
-5.09768
-5.098
-5.09801
-5.09816
-5.098
-5.09767
-5.09778
-5.09771
-5.09761
-5.09763
-5.0973
-5.09724
-5.09728
-5.09697
-5.09662
-5.0962
-5.09588
-5.09535
-5.09476
-5.09396
-5.09294
-5.09201
-5.09116
-5.09025
-5.08958
-5.08838
-5.08712
-5.0858
-5.08472
-5.08358
-5.08192
-5.08051
-5.07889
-5.07737
-5.07595
-5.07418
-5.07282
-5.07126
-5.06936
-5.06758
-5.06576
-5.06422
-5.06235
-5.06016
-5.05779
-5.05587
-5.05393
-5.05214
-5.05019
-5.04825
-5.04615
-5.04391
-5.04229
-5.04038
-5.03849
-5.03646
-5.03477
-5.03279
-5.03085
-5.02925
-5.02753
-5.0257
-5.02406
-5.02262
-5.02092
-5.01987
-5.01842
-5.01687
-5.01583
-5.01454
-5.01346
-5.01228
-5.01101
-5.0098
-5.00895
-5.00786
-5.00729
-5.00677
-5.00532
-5.00436
-5.00314
-5.00256
-5.00173
-5.00094
-5.00049
-4.99978
-4.99941
-4.99877
-4.99847
-4.99806
-4.99737
-4.99747
-4.99715
-4.99685
-4.99642
-4.99616
-4.99578
-4.99541
-4.9955
-4.99515
-4.99511
-4.99493
-4.99474
-4.99471
-4.99466
-4.99446
-4.99455
-4.99447
-4.99408
-4.99381
-4.99351
-4.99304
-4.99238
-4.99169
-4.99141
-4.9908
-4.99029
-4.98989
-4.98944
-4.98893
-4.98853
-4.98778
-4.98697
-4.98595
-4.98503
-4.98389
-4.98285
-4.9816
-4.98014
-4.97908
-4.97795
-4.97647
-4.97523
-4.97423
-4.97243
-4.97072
-4.96881
-4.9673
-4.9656
-4.96369
-4.96205
-4.96036
-4.95863
-4.95641
-4.95416
-4.95173
-4.94927
-4.94724
-4.94504
-4.94282
-4.94089
-4.93909
-4.93683
-4.93427
-4.93215
-4.93003
-4.92792
-4.92581
-4.924
-4.92191
-4.91983
-4.91746
-4.91541
-4.91323
-4.91122
-4.90909
-4.90713
-4.9055
-4.9036
-4.90173
-4.89989
-4.89808
-4.89616
-4.89412
-4.89243
-4.89062
-4.88839
-4.88682
-4.88528
-4.88378
-4.88248
-4.88107
-4.87986
-4.87869
-4.87742
-4.87619
-4.87487
-4.87389
-4.87266
-4.87164
-4.87082
-4.86975
-4.8692
-4.86839
-4.8675
-4.86727
-4.86711
-4.86671
-4.86607
-4.86595
-4.86591
-4.86579
-4.86543
-4.86531
-4.86526
-4.8653
-4.86542
-4.86562
-4.86606
-4.86643
-4.86675
-4.8673
-4.8678
-4.8684
-4.86909
-4.87064
-4.87152
-4.87266
-4.8742
-4.87538
-4.87697
-4.87895
-4.88043
-4.88231
-4.88398
-4.8859
-4.88791
-4.89031
-4.89249
-4.89461
-4.89726
-4.89969
-4.90204
-4.90446
-4.90695
-4.90935
-4.9118
-4.91477
-4.91778
-4.92038
-4.92332
-4.92644
-4.92929
-4.93231
-4.9352
-4.9381
-4.94161
-4.94451
-4.94756
-4.9506
-4.95378
-4.95739
-4.96082
-4.96377
-4.96668
-4.96985
-4.97268
-4.9756
-4.97863
-4.9813
-4.98421
-4.98661
-4.98909
-4.99135
-4.99384
-4.99625
-4.99859
-5.00055
-5.00258
-5.00423
-5.00595
-5.00774
-5.00929
-5.0109
-5.01259
-5.01373
-5.01479
-5.01622
-5.01787
-5.01928
-5.02045
-5.0214
-5.02196
-5.0229
-5.0236
-5.02438
-5.02478
-5.02511
-5.02567
-5.0257
-5.02612
-5.02633
-5.02647
-5.02715
-5.02702
-5.02714
-5.02705
-5.02676
-5.02673
-5.02649
-5.02637
-5.02545
-5.02494
-5.02425
-5.02368
-5.02353
-5.02305
-5.0224
-5.02188
-5.02164
-5.02153
-5.02096
-5.02038
-5.01979
-5.01934
-5.0192
-5.01859
-5.01753
-5.01723
-5.01633
-5.01544
-5.015
-5.01442
-5.01369
-5.01282
-5.01212
-5.01203
-5.01149
-5.01052
-5.01016
-5.00966
-5.00917
-5.00839
-5.00793
-5.00748
-5.00688
-5.00584
-5.00557
-5.0053
-5.00443
-5.00373
-5.00363
-5.00323
-5.00299
-5.00244
-5.0019
-5.00165
-5.00141
-5.00116
-5.00075
-5.00049
-5.00007
-4.99964
-4.99875
-4.9983
-4.9977
-4.99693
-4.99631
-4.99552
-4.99458
-4.99377
-4.99296
-4.99229
-4.99177
-4.99094
-4.99055
-4.99001
-4.98962
-4.98908
-4.98869
-4.98831
-4.98838
-4.98801
-4.98779
-4.98729
-4.9868
-4.98632
-4.98601
-4.98587
-4.98545
-4.9852
-4.98512
-4.98477
-4.98444
-4.98414
-4.98387
-4.98362
-4.98341
-4.98291
-4.98245
-4.98232
-4.98222
-4.98244
-4.9824
-4.98192
-4.98192
-4.98165
-4.98169
-4.98176
-4.98184
-4.98208
-4.98204
-4.98215
-4.98258
-4.98255
-4.98253
-4.9825
-4.98292
-4.98317
-4.98327
-4.9835
-4.98326
-4.98315
-4.98302
-4.98316
-4.98327
-4.9832
-4.98294
-4.98279
-4.9823
-4.98223
-4.98211
-4.98209
-4.98173
-4.98132
-4.98085
-4.98049
-4.97992
-4.9793
-4.97818
-4.9776
-4.97682
-4.97598
-4.97494
-4.974
-4.97285
-4.97165
-4.97086
-4.96986
-4.96866
-4.96756
-4.96596
-4.96432
-4.96294
-4.96091
-4.9593
-4.95764
-4.95611
-4.95423
-4.95248
-4.95145
-4.94949
-4.94766
-4.94595
-4.94453
-4.94279
-4.94103
-4.9391
-4.93732
-4.93538
-4.93373
-4.93207
-4.93027
-4.92861
-4.9268
-4.925
-4.92304
-4.9211
-4.91931
-4.91768
-4.91576
-4.91371
-4.91196
-4.91038
-4.90897
-4.90727
-4.90558
-4.90437
-4.90332
-4.90124
-4.89947
-4.89787
-4.89599
-4.89427
-4.89303
-4.8915
-4.88984
-4.8885
-4.88702
-4.88572
-4.88428
-4.8827
-4.88129
-4.8802
-4.87853
-4.87702
-4.87582
-4.8745
-4.87304
-4.8722
-4.87107
-4.87012
-4.86873
-4.86751
-4.86615
-4.86497
-4.86411
-4.86312
-4.86231
-4.86152
-4.8603
-4.85926
-4.85869
-4.85726
-4.8563
-4.85568
-4.85494
-4.85439
-4.85372
-4.85309
-4.8525
-4.85164
-4.85114
-4.85022
-4.84996
-4.84929
-4.84882
-4.84855
-4.84848
-4.84772
-4.84746
-4.8474
-4.84726
-4.84717
-4.84683
-4.84731
-4.84754
-4.84768
-4.84773
-4.84769
-4.84785
-4.84823
-4.84866
-4.84884
-4.84953
-4.84998
-4.85078
-4.85133
-4.85223
-4.85272
-4.85342
-4.85401
-4.85494
-4.85606
-4.85707
-4.85828
-4.85951
-4.86078
-4.86193
-4.86296
-4.86446
-4.8657
-4.86711
-4.86854
-4.8697
-4.87073
-4.87208
-4.87315
-4.87485
-4.87657
-4.87831
-4.87992
-4.8814
-4.88291
-4.88444
-4.88601
-4.88745
-4.88861
-4.89027
-4.89241
-4.89399
-4.89576
-4.89758
-4.89914
-4.90105
-4.90301
-4.90517
-4.90724
-4.90952
-4.912
-4.9144
-4.9164
-4.91862
-4.9209
-4.92324
-4.92609
-4.92886
-4.93138
-4.93397
-4.93706
-4.93975
-4.94264
-4.94574
-4.94857
-4.95174
-4.95525
-4.95804
-4.9613
-4.96428
-4.96758
-4.97073
-4.97403
-4.97718
-4.98063
-4.9836
-4.98701
-4.99009
-4.99298
-4.99599
-4.99895
-5.00201
-5.00487
-5.00767
-5.0101
-5.01277
-5.01522
-5.01759
-5.02003
-5.02209
-5.02421
-5.0267
-5.02895
-5.03096
-5.03303
-5.0353
-5.03688
-5.03852
-5.03976
-5.04106
-5.04241
-5.04352
-5.04424
-5.04516
-5.046
-5.04705
-5.0471
-5.04798
-5.04847
-5.04904
-5.04923
-5.04949
-5.05013
-5.0504
-5.0503
-5.05028
-5.05036
-5.05053
-5.0508
-5.05057
-5.0509
-5.05057
-5.05021
-5.04982
-5.04969
-5.04923
-5.0489
-5.04885
-5.04864
-5.04841
-5.04787
-5.04778
-5.04739
-5.047
-5.04646
-5.04594
-5.04588
-5.04569
-5.04551
-5.04552
-5.04525
-5.04531
-5.04495
-5.04463
-5.04419
-5.04425
-5.04436
-5.04451
-5.04441
-5.04436
-5.04451
-5.04472
-5.04483
-5.0453
-5.04568
-5.04566
-5.0463
-5.04625
-5.04702
-5.04769
-5.04842
-5.04967
-5.05082
-5.05157
-5.05238
-5.05339
-5.0546
-5.05586
-5.05672
-5.05793
-5.05932
-5.06061
-5.06193
-5.06328
-5.06497
-5.06653
-5.06811
-5.0694
-5.07056
-5.07203
-5.07351
-5.07514
-5.07616
-5.07762
-5.07908
-5.08066
-5.08223
-5.08362
-5.08528
-5.08645
-5.08788
-5.08897
-5.09061
-5.0916
-5.09268
-5.0937
-5.09466
-5.09555
-5.09637
-5.09696
-5.09778
-5.09807
-5.09798
-5.0981
-5.09859
-5.09885
-5.09901
-5.09864
-5.09862
-5.09837
-5.09833
-5.09805
-5.09798
-5.09736
-5.09682
-5.09603
-5.09532
-5.09452
-5.09379
-5.09314
-5.09181
-5.09056
-5.0897
-5.08832
-5.08719
-5.0857
-5.08417
-5.08289
-5.08096
-5.07946
-5.07793
-5.07652
-5.07509
-5.0735
-5.07189
-5.07029
-5.06868
-5.06784
-5.06595
-5.06423
-5.06238
-5.06055
-5.05905
-5.05744
-5.05617
-5.05493
-5.05344
-5.05215
-5.05091
-5.04972
-5.04843
-5.04765
-5.04663
-5.04552
-5.04462
-5.04393
-5.04285
-5.04213
-5.04117
-5.04088
-5.0405
-5.03987
-5.0396
-5.03924
-5.03893
-5.03883
-5.03893
-5.03909
-5.03883
-5.03892
-5.03906
-5.03939
-5.03915
-5.03925
-5.03938
-5.03954
-5.03972
-5.03994
-5.04017
-5.04057
-5.0407
-5.04113
-5.04143
-5.04174
-5.04191
-5.04223
-5.04256
-5.04289
-5.04321
-5.04384
-5.04416
-5.04448
-5.04493
-5.04538
-5.04567
-5.0458
-5.04591
-5.0457
-5.04609
-5.04615
-5.04605
-5.04638
-5.04639
-5.04639
-5.04651
-5.04677
-5.0467
-5.04631
-5.04666
-5.04684
-5.04684
-5.04698
-5.04694
-5.04628
-5.04621
-5.04642
-5.04632
-5.04665
-5.04666
-5.04665
-5.04648
-5.0466
-5.04641
-5.0465
-5.04628
-5.0456
-5.04552
-5.04528
-5.04503
-5.04477
-5.04481
-5.04455
-5.04443
-5.04416
-5.04344
-5.04317
-5.04291
-5.04249
-5.04253
-5.04213
-5.04173
-5.04148
-5.0414
-5.04117
-5.04079
-5.04073
-5.04053
-5.04033
-5.0403
-5.03967
-5.0395
-5.0395
-5.03921
-5.03862
-5.03835
-5.03855
-5.03845
-5.03851
-5.03829
-5.03747
-5.03773
-5.03738
-5.03721
-5.03719
-5.03718
-5.03719
-5.03735
-5.03723
-5.03757
-5.03761
-5.03767
-5.03759
-5.03781
-5.03775
-5.03785
-5.03796
-5.03809
-5.03852
-5.03852
-5.03868
-5.03916
-5.0395
-5.03971
-5.03993
-5.04001
-5.04042
-5.04023
-5.04067
-5.04113
-5.04146
-5.0415
-5.04171
-5.04225
-5.04236
-5.04249
-5.0431
-5.04343
-5.04438
-5.04506
-5.04547
-5.04604
-5.0465
-5.04713
-5.04778
-5.04861
-5.04963
-5.04945
-5.05006
-5.0507
-5.05152
-5.05251
-5.05353
-5.05472
-5.05594
-5.05673
-5.05769
-5.05883
-5.05969
-5.06027
-5.06133
-5.06225
-5.0632
-5.06417
-5.06561
-5.06676
-5.06794
-5.06913
-5.07019
-5.07156
-5.07296
-5.07452
-5.07548
-5.07662
-5.07776
-5.07847
-5.07933
-5.08097
-5.08231
-5.08366
-5.08517
-5.08653
-5.0876
-5.08898
-5.09051
-5.09159
-5.09312
-5.09466
-5.09635
-5.09774
-5.09913
-5.10051
-5.10219
-5.10342
-5.10539
-5.1063
-5.10766
-5.109
-5.11079
-5.11212
-5.11343
-5.11473
-5.11557
-5.11714
-5.11855
-5.11964
-5.12085
-5.12235
-5.12353
-5.12454
-5.12582
-5.12678
-5.12847
-5.12953
-5.13071
-5.13127
-5.13255
-5.1338
-5.13472
-5.13576
-5.13661
-5.13714
-5.13778
-5.13853
-5.13941
-5.14055
-5.14166
-5.14213
-5.14301
-5.14341
-5.14362
-5.14409
-5.14438
-5.14477
-5.14498
-5.1453
-5.14543
-5.14552
-5.14573
-5.14619
-5.14601
-5.14624
-5.14644
-5.14629
-5.1464
-5.14647
-5.14634
-5.14618
-5.14597
-5.14587
-5.14558
-5.1454
-5.14473
-5.14432
-5.14401
-5.14321
-5.14253
-5.14195
-5.14118
-5.14022
-5.13952
-5.13909
-5.13862
-5.13766
-5.13681
-5.13593
-5.13485
-5.1336
-5.1323
-5.13113
-5.12977
-5.12869
-5.12818
-5.12733
-5.12601
-5.12467
-5.1233
-5.12206
-5.1208
-5.11952
-5.11603
-5.11465
-5.11359
-5.11208
-5.11058
-5.1091
-5.10809
-5.1071
-5.10584
-5.10459
-5.10338
-5.10235
-5.1012
-5.10039
-5.09932
-5.09829
-5.09746
-5.09653
-5.09565
-5.09513
-5.09436
-5.09335
-5.0927
-5.09196
-5.09115
-5.091
-5.09063
-5.09002
-5.08949
-5.08904
-5.08897
-5.08913
-5.08937
-5.08984
-5.09039
-5.09103
-5.091
-5.09135
-5.09209
-5.09277
-5.09352
-5.09467
-5.09544
-5.09645
-5.09754
-5.09826
-5.09997
-5.10115
-5.10301
-5.10434
-5.10574
-5.10721
-5.1089
-5.11066
-5.11278
-5.11451
-5.11644
-5.11844
-5.12033
-5.12242
-5.12455
-5.12643
-5.12849
-5.13059
-5.13227
-5.13488
-5.13721
-5.13941
-5.14163
-5.14386
-5.1464
-5.1488
-5.15089
-5.15299
-5.15553
-5.15807
-5.16045
-5.16281
-5.165
-5.16717
-5.16962
-5.1719
-5.17414
-5.17666
-5.17899
-5.18098
-5.18279
-5.18471
-5.18659
-5.18873
-5.19082
-5.19287
-5.19502
-5.19652
-5.19827
-5.19968
-5.20148
-5.20339
-5.20494
-5.20644
-5.20789
-5.20913
-5.21047
-5.21146
-5.21285
-5.21419
-5.21532
-5.21655
-5.21773
-5.2187
-5.21978
-5.22125
-5.22207
-5.22299
-5.22356
-5.22408
-5.22484
-5.22495
-5.22561
-5.22607
-5.22648
-5.22684
-5.22759
-5.2277
-5.2279
-5.22805
-5.22829
-5.22849
-5.22848
-5.22842
-5.22815
-5.22798
-5.22791
-5.22763
-5.22729
-5.2269
-5.22646
-5.22596
-5.22556
-5.2248
-5.22398
-5.22356
-5.22294
-5.22195
-5.22092
-5.21983
-5.21899
-5.21779
-5.21655
-5.21525
-5.21435
-5.21325
-5.21195
-5.21046
-5.20891
-5.20732
-5.20569
-5.20416
-5.20259
-5.20098
-5.19918
-5.1975
-5.19578
-5.19417
-5.19223
-5.1904
-5.1887
-5.18697
-5.18536
-5.18341
-5.18114
-5.1793
-5.17758
-5.17553
-5.17331
-5.17137
-5.16925
-5.16726
-5.1651
-5.16292
-5.16071
-5.15833
-5.15623
-5.15441
-5.15211
-5.14964
-5.14715
-5.14479
-5.14225
-5.13985
-5.13742
-5.13512
-5.13249
-5.13015
-5.12764
-5.12481
-5.12242
-5.11955
-5.11712
-5.11438
-5.11193
-5.10931
-5.10654
-5.10407
-5.10159
-5.09927
-5.0968
-5.09403
-5.09157
-5.08867
-5.08609
-5.08323
-5.08039
-5.07758
-5.07495
-5.0725
-5.07054
-5.06847
-5.066
-5.06402
-5.06195
-5.05992
-5.05765
-5.05559
-5.05359
-5.05181
-5.05023
-5.04858
-5.04669
-5.04502
-5.04327
-5.04159
-5.04028
-5.03889
-5.03772
-5.03647
-5.03544
-5.03433
-5.03343
-5.03245
-5.03153
-5.03083
-5.03003
-5.0293
-5.02877
-5.02829
-5.02771
-5.02733
-5.02685
-5.02687
-5.02617
-5.02536
-5.02533
-5.02504
-5.02463
-5.02409
-5.02373
-5.02369
-5.02352
-5.02337
-5.02308
-5.02266
-5.02239
-5.02229
-5.0225
-5.02256
-5.02232
-5.02194
-5.0214
-5.02117
-5.02124
-5.02116
-5.02138
-5.02114
-5.02119
-5.0211
-5.02115
-5.02119
-5.02107
-5.02096
-5.02098
-5.021
-5.02086
-5.02087
-5.02102
-5.02071
-5.02056
-5.02039
-5.02023
-5.0199
-5.01973
-5.01986
-5.01954
-5.01952
-5.01965
-5.01948
-5.01885
-5.01869
-5.01868
-5.01852
-5.01837
-5.01792
-5.01808
-5.0178
-5.01767
-5.01724
-5.01713
-5.01687
-5.01646
-5.01622
-5.01583
-5.01605
-5.01628
-5.01606
-5.01599
-5.01609
-5.01603
-5.01598
-5.01578
-5.01573
-5.01599
-5.01579
-5.01588
-5.01553
-5.01546
-5.01539
-5.01516
-5.01492
-5.01482
-5.015
-5.01501
-5.01501
-5.01498
-5.01478
-5.0144
-5.01475
-5.01461
-5.0143
-5.01379
-5.01356
-5.01313
-5.01312
-5.01292
-5.01221
-5.01132
-5.01068
-5.00954
-5.0088
-5.00802
-5.00734
-5.00645
-5.00582
-5.00499
-5.00381
-5.00273
-5.0016
-5.00042
-4.99904
-4.99777
-4.99631
-4.99526
-4.99386
-4.99244
-4.99113
-4.98948
-4.98797
-4.98658
-4.98517
-4.98359
-4.982
-4.98011
-4.97866
-4.97676
-4.97532
-4.97389
-4.97247
-4.97108
-4.96956
-4.96776
-4.96645
-4.96487
-4.96334
-4.96216
-4.96087
-4.95949
-4.95862
-4.9575
-4.95646
-4.95563
-4.95442
-4.95374
-4.95283
-4.952
-4.9514
-4.95103
-4.9506
-4.95025
-4.94953
-4.94935
-4.94925
-4.94909
-4.94947
-4.94948
-4.95003
-4.95035
-4.95091
-4.95155
-4.95197
-4.95321
-4.95378
-4.95472
-4.95557
-4.95649
-4.95778
-4.95883
-4.95933
-4.96064
-4.96185
-4.96311
-4.96487
-4.96606
-4.9676
-4.96887
-4.97032
-4.9718
-4.97376
-4.97575
-4.9773
-4.97902
-4.98045
-4.98174
-4.98349
-4.98494
-4.98655
-4.988
-4.98915
-4.9906
-4.99235
-4.99408
-4.9955
-4.99691
-4.99815
-4.99953
-5.00104
-5.00223
-5.00385
-5.00545
-5.00687
-5.00812
-5.00965
-5.01086
-5.01218
-5.01364
-5.01491
-5.01616
-5.01724
-5.01844
-5.01961
-5.02091
-5.02219
-5.02329
-5.02422
-5.02542
-5.02661
-5.02762
-5.02847
-5.02929
-5.03025
-5.03119
-5.03257
-5.03348
-5.03438
-5.03496
-5.03583
-5.037
-5.03847
-5.03932
-5.04002
-5.04086
-5.0417
-5.04254
-5.04337
-5.04466
-5.0458
-5.04634
-5.04719
-5.04804
-5.04904
-5.04945
-5.05031
-5.05104
-5.05176
-5.05265
-5.05354
-5.05414
-5.05505
-5.05597
-5.0569
-5.05783
-5.05877
-5.05987
-5.06067
-5.06163
-5.06244
-5.06371
-5.06484
-5.06536
-5.06649
-5.06763
-5.06831
-5.06945
-5.07028
-5.07111
-5.07209
-5.07307
-5.07404
-5.07486
-5.07597
-5.07662
-5.07742
-5.07835
-5.07913
-5.08005
-5.0808
-5.08185
-5.08273
-5.08405
-5.08491
-5.08576
-5.08659
-5.0871
-5.08791
-5.08854
-5.08887
-5.08933
-5.08978
-5.09097
-5.09155
-5.09241
-5.09342
-5.09411
-5.09479
-5.09546
-5.09597
-5.09647
-5.09712
-5.09791
-5.09839
-5.09857
-5.09919
-5.09982
-5.10014
-5.10091
-5.10154
-5.10201
-5.10294
-5.10387
-5.10466
-5.10515
-5.10595
-5.10675
-5.10726
-5.10808
-5.10891
-5.10975
-5.1106
-5.11146
-5.11248
-5.11306
-5.11366
-5.11472
-5.11564
-5.11642
-5.11722
-5.11803
-5.1187
-5.11968
-5.12037
-5.12123
-5.12165
-5.12238
-5.12327
-5.12432
-5.12524
-5.12616
-5.1274
-5.12804
-5.12899
-5.1301
-5.13091
-5.13189
-5.13256
-5.13354
-5.13453
-5.13567
-5.13636
-5.13766
-5.13896
-5.13996
-5.14096
-5.14242
-5.14342
-5.14427
-5.14558
-5.14673
-5.14758
-5.14874
-5.14974
-5.15058
-5.15143
-5.15227
-5.15326
-5.1544
-5.15509
-5.15608
-5.15721
-5.15805
-5.15903
-5.16001
-5.16099
-5.16226
-5.16324
-5.16422
-5.16534
-5.16616
-5.16744
-5.16841
-5.16938
-5.1705
-5.17132
-5.17244
-5.17325
-5.17437
-5.17549
-5.17661
-5.17772
-5.17853
-5.17935
-5.18016
-5.18142
-5.18223
-5.18318
-5.18428
-5.18523
-5.18587
-5.18681
-5.18775
-5.18883
-5.18975
-5.19051
-5.19157
-5.19262
-5.19335
-5.19408
-5.19509
-5.19579
-5.19677
-5.19759
-5.19825
-5.19918
-5.1998
-5.2007
-5.20143
-5.20213
-5.20282
-5.20377
-5.20471
-5.20501
-5.20544
-5.20614
-5.20665
-5.20699
-5.20729
-5.20741
-5.20764
-5.20799
-5.2083
-5.20828
-5.20867
-5.20872
-5.20903
-5.20885
-5.20879
-5.20898
-5.20929
-5.20926
-5.20918
-5.20907
-5.20892
-5.20828
-5.20805
-5.20764
-5.20688
-5.2064
-5.20618
-5.20579
-5.20505
-5.20444
-5.20396
-5.20405
-5.20352
-5.20327
-5.20254
-5.2015
-5.20089
-5.20011
-5.19963
-5.19868
-5.19803
-5.19767
-5.19716
-5.19634
-5.19567
-5.19531
-5.19434
-5.19383
-5.19332
-5.19282
-5.19203
-5.19154
-5.19091
-5.1906
-5.18999
-5.18984
-5.18925
-5.18852
-5.18795
-5.18754
-5.18698
-5.18598
-5.18544
-5.18491
-5.18392
-5.18324
-5.18271
-5.18233
-5.18165
-5.18112
-5.18043
-5.18004
-5.17964
-5.17892
-5.17835
-5.17791
-5.17701
-5.17639
-5.1756
-5.17495
-5.17458
-5.17374
-5.17317
-5.17259
-5.17168
-5.17074
-5.16993
-5.16909
-5.16808
-5.1675
-5.16658
-5.16565
-5.16483
-5.16384
-5.16313
-5.16209
-5.16087
-5.15994
-5.15883
-5.158
-5.15686
-5.15584
-5.15496
-5.15391
-5.15285
-5.15163
-5.15085
-5.14931
-5.14806
-5.14695
-5.14585
-5.14459
-5.14348
-5.14222
-5.14082
-5.13972
-5.13833
-5.13694
-5.13541
-5.13434
-5.13299
-5.13164
-5.13046
-5.12929
-5.12798
-5.12699
-5.12585
-5.12489
-5.12348
-5.12239
-5.12115
-5.11993
-5.11887
-5.11842
-5.11767
-5.11678
-5.11575
-5.11471
-5.11368
-5.11219
-5.11115
-5.1098
-5.1089
-5.10814
-5.10721
-5.10612
-5.10486
-5.10358
-5.10213
-5.10111
-5.09992
-5.09855
-5.09715
-5.09587
-5.09456
-5.09307
-5.0914
-5.0903
-5.08871
-5.08709
-5.08559
-5.08406
-5.08249
-5.08105
-5.07942
-5.07777
-5.07624
-5.07439
-5.07236
-5.07047
-5.06825
-5.06648
-5.06454
-5.06275
-5.06095
-5.05916
-5.05736
-5.05527
-5.0535
-5.05189
-5.05015
-5.04858
-5.0469
-5.04539
-5.04392
-5.04219
-5.0408
-5.03901
-5.03758
-5.03681
-5.03534
-5.03424
-5.03352
-5.03211
-5.03107
-5.03011
-5.02923
-5.02859
-5.02773
-5.02695
-5.02671
-5.02595
-5.02559
-5.02546
-5.02543
-5.02532
-5.02546
-5.02553
-5.02553
-5.02561
-5.02578
-5.02602
-5.02633
-5.02687
-5.02777
-5.02859
-5.02931
-5.03025
-5.03138
-5.03241
-5.03333
-5.03429
-5.03543
-5.0363
-5.03749
-5.03825
-5.03903
-5.04072
-5.04181
-5.04306
-5.04446
-5.04585
-5.04694
-5.04801
-5.04891
-5.04995
-5.05112
-5.05181
-5.05278
-5.05387
-5.05478
-5.05597
-5.05712
-5.0581
-5.05888
-5.05964
-5.06006
-5.06075
-5.06141
-5.06234
-5.06278
-5.0635
-5.06373
-5.06409
-5.06472
-5.06518
-5.06576
-5.06602
-5.06642
-5.06664
-5.06669
-5.06704
-5.06752
-5.06769
-5.06831
-5.06831
-5.06877
-5.06892
-5.06907
-5.06923
-5.06909
-5.06925
-5.06958
-5.06992
-5.07027
-5.07078
-5.07115
-5.0717
-5.07241
-5.07299
-5.07314
-5.07316
-5.07366
-5.07388
-5.07442
-5.07439
-5.07484
-5.07531
-5.07581
-5.07648
-5.07764
-5.07867
-5.07958
-5.08021
-5.08133
-5.08231
-5.08303
-5.08376
-5.08468
-5.08561
-5.08642
-5.0874
-5.0884
-5.08927
-5.09015
-5.09121
-5.09213
-5.09307
-5.09401
-5.09528
-5.09655
-5.09752
-5.09881
-5.10025
-5.10124
-5.10238
-5.10352
-5.10481
-5.10609
-5.10721
-5.10833
-5.10943
-5.11067
-5.11205
-5.11341
-5.1146
-5.11547
-5.11632
-5.11744
-5.11839
-5.11947
-5.12006
-5.12145
-5.12215
-5.12282
-5.12345
-5.1242
-5.12461
-5.12498
-5.12532
-5.12578
-5.12635
-5.12674
-5.12709
-5.12725
-5.12783
-5.12808
-5.12829
-5.12862
-5.12907
-5.12903
-5.12882
-5.12842
-5.1283
-5.12831
-5.12829
-5.12825
-5.12834
-5.12781
-5.12756
-5.12759
-5.12746
-5.12778
-5.12763
-5.12732
-5.12701
-5.12655
-5.12608
-5.12607
-5.12667
-5.12668
-5.12623
-5.12596
-5.126
-5.1259
-5.12597
-5.12591
-5.12603
-5.12586
-5.12588
-5.12592
-5.12614
-5.12623
-5.12621
-5.12607
-5.12596
-5.12618
-5.12644
-5.12687
-5.12749
-5.12767
-5.12789
-5.12798
-5.12809
-5.12837
-5.12897
-5.12943
-5.13021
-5.13054
-5.13103
-5.13121
-5.13154
-5.13217
-5.13264
-5.13324
-5.13353
-5.13394
-5.13463
-5.13499
-5.13547
-5.13561
-5.13601
-5.13606
-5.13653
-5.1371
-5.13702
-5.13718
-5.13744
-5.1372
-5.13704
-5.13713
-5.13686
-5.13653
-5.13614
-5.13568
-5.13516
-5.13474
-5.13425
-5.13339
-5.13263
-5.13166
-5.13093
-5.12969
-5.12869
-5.12794
-5.12668
-5.12568
-5.12432
-5.12351
-5.12205
-5.12115
-5.1196
-5.11816
-5.11622
-5.1147
-5.11329
-5.11185
-5.11006
-5.1081
-5.10671
-5.10498
-5.10323
-5.1016
-5.09995
-5.09812
-5.09641
-5.09469
-5.09279
-5.09072
-5.08878
-5.08697
-5.085
-5.083
-5.08099
-5.07881
-5.07676
-5.0747
-5.07277
-5.07052
-5.06841
-5.06642
-5.06442
-5.06241
-5.06022
-5.05801
-5.05608
-5.05398
-5.05155
-5.04955
-5.04723
-5.04473
-5.0422
-5.04025
-5.03767
-5.03505
-5.03256
-5.02988
-5.02717
-5.02457
-5.02179
-5.01943
-5.01719
-5.01446
-5.01215
-5.0092
-5.00637
-5.00337
-5.00063
-4.99772
-4.99479
-4.99183
-4.98886
-4.98604
-4.9832
-4.98022
-4.97739
-4.97443
-4.9721
-4.96905
-4.96618
-4.96336
-4.96091
-4.95807
-4.95531
-4.95279
-4.95037
-4.94806
-4.94572
-4.9435
-4.94158
-4.93981
-4.93834
-4.93643
-4.93499
-4.93403
-4.9331
-4.93235
-4.93163
-4.93124
-4.93119
-4.93057
-4.93072
-4.9312
-4.93185
-4.93251
-4.93362
-4.93458
-4.93567
-4.93674
-4.93808
-4.93953
-4.94107
-4.9427
-4.94455
-4.94632
-4.94814
-4.95
-4.95205
-4.95397
-4.95591
-4.95786
-4.95995
-4.96189
-4.96382
-4.96573
-4.96762
-4.96947
-4.97129
-4.97293
-4.97498
-4.97669
-4.97835
-4.97997
-4.9817
-4.98323
-4.98471
-4.98645
-4.98799
-4.98918
-4.99033
-4.99158
-4.9931
-4.99412
-4.99555
-4.99634
-4.99709
-4.9981
-4.99939
-5.00018
-5.00094
-5.00137
-5.00192
-5.0029
-5.0034
-5.00447
-5.00537
-5.00579
-5.00649
-5.00716
-5.00752
-5.008
-5.00861
-5.00891
-5.00933
-5.00974
-5.01013
-5.01066
-5.01132
-5.01196
-5.01244
-5.01306
-5.01351
-5.01366
-5.01379
-5.01452
-5.01494
-5.01551
-5.01622
-5.01663
-5.01689
-5.01715
-5.01757
-5.01799
-5.01858
-5.01887
-5.01932
-5.01949
-5.01997
-5.02063
-5.02101
-5.02156
-5.02229
-5.02289
-5.02368
-5.0245
-5.02504
-5.02593
-5.02655
-5.02735
-5.02835
-5.02923
-5.02999
-5.03034
-5.03119
-5.03221
-5.03297
-5.03406
-5.03519
-5.0365
-5.03753
-5.03904
-5.04027
-5.04137
-5.04278
-5.04361
-5.04489
-5.04634
-5.04748
-5.04847
-5.04961
-5.05119
-5.0523
-5.05371
-5.05509
-5.0563
-5.05748
-5.05849
-5.05962
-5.06071
-5.06176
-5.06263
-5.0636
-5.06454
-5.06543
-5.06643
-5.06738
-5.06813
-5.06898
-5.06964
-5.07024
-5.07095
-5.07146
-5.07176
-5.07202
-5.07238
-5.07285
-5.07296
-5.07318
-5.07396
-5.07424
-5.07418
-5.07438
-5.07439
-5.07391
-5.07385
-5.07375
-5.07332
-5.07301
-5.07267
-5.0726
-5.07221
-5.07179
-5.07121
-5.0709
-5.07104
-5.0707
-5.0705
-5.07029
-5.07023
-5.07
-5.06992
-5.06954
-5.0693
-5.06891
-5.06837
-5.06767
-5.06729
-5.06691
-5.06653
-5.06616
-5.0658
-5.06544
-5.06524
-5.0649
-5.06457
-5.06395
-5.06379
-5.06365
-5.06336
-5.06308
-5.06297
-5.06287
-5.06263
-5.06225
-5.06204
-5.06199
-5.0621
-5.06207
-5.06175
-5.06174
-5.06145
-5.06147
-5.06119
-5.06124
-5.06129
-5.0612
-5.06098
-5.06107
-5.06132
-5.06129
-5.06142
-5.06172
-5.06143
-5.06145
-5.06149
-5.0617
-5.06162
-5.06202
-5.06183
-5.0615
-5.06136
-5.06153
-5.06173
-5.0621
-5.06205
-5.06188
-5.06233
-5.06267
-5.06303
-5.06328
-5.06326
-5.06403
-5.06469
-5.06538
-5.06596
-5.06643
-5.06694
-5.06765
-5.0684
-5.06934
-5.07079
-5.07152
-5.07216
-5.07299
-5.07402
-5.0748
-5.07638
-5.07802
-5.0797
-5.08054
-5.08218
-5.08341
-5.085
-5.08649
-5.08773
-5.08931
-5.0908
-5.09248
-5.09466
-5.09629
-5.09811
-5.10027
-5.10233
-5.10412
-5.10595
-5.10752
-5.10942
-5.11151
-5.11348
-5.11563
-5.11765
-5.1197
-5.12162
-5.12356
-5.12598
-5.12825
-5.1307
-5.133
-5.13531
-5.13733
-5.1395
-5.14198
-5.1443
-5.14677
-5.14924
-5.15155
-5.15415
-5.15658
-5.159
-5.16111
-5.16319
-5.16525
-5.16729
-5.16961
-5.17174
-5.174
-5.17623
-5.17828
-5.18013
-5.18195
-5.18389
-5.18548
-5.18733
-5.18898
-5.19089
-5.19231
-5.19367
-5.19514
-5.19686
-5.19807
-5.19954
-5.20125
-5.20276
-5.20436
-5.20561
-5.20679
-5.20822
-5.20944
-5.21076
-5.21201
-5.21305
-5.21373
-5.21465
-5.21551
-5.21616
-5.2166
-5.21697
-5.21743
-5.21784
-5.21833
-5.21876
-5.21883
-5.21929
-5.2194
-5.21944
-5.21912
-5.21905
-5.21877
-5.21828
-5.21789
-5.21744
-5.21709
-5.21654
-5.21623
-5.21603
-5.21532
-5.21457
-5.21361
-5.21306
-5.21231
-5.21152
-5.21083
-5.20995
-5.20933
-5.20836
-5.2072
-5.2057
-5.20492
-5.20364
-5.20233
-5.20114
-5.19991
-5.19864
-5.19764
-5.19631
-5.19495
-5.19326
-5.19214
-5.19068
-5.1892
-5.18739
-5.18541
-5.184
-5.18242
-5.18096
-5.17948
-5.17783
-5.17631
-5.17431
-5.17245
-5.17101
-5.16911
-5.16734
-5.1654
-5.1639
-5.16209
-5.1604
-5.1587
-5.15699
-5.15511
-5.15337
-5.15117
-5.1494
-5.14732
-5.14523
-5.14328
-5.14118
-5.13936
-5.13784
-5.13571
-5.13357
-5.13157
-5.12972
-5.12772
-5.12556
-5.12354
-5.12138
-5.11921
-5.1172
-5.11473
-5.11287
-5.11102
-5.10917
-5.10732
-5.10533
-5.10336
-5.10139
-5.09928
-5.09749
-5.09541
-5.09351
-5.09177
-5.08991
-5.08807
-5.0864
-5.08492
-5.08331
-5.08174
-5.08005
-5.0784
-5.07679
-5.07507
-5.07324
-5.07176
-5.07017
-5.06863
-5.06684
-5.06526
-5.06388
-5.0627
-5.06143
-5.06082
-5.05952
-5.05857
-5.05769
-5.05686
-5.05594
-5.05523
-5.05474
-5.054
-5.05347
-5.05299
-5.05227
-5.05221
-5.05175
-5.05149
-5.05144
-5.05112
-5.05101
-5.05078
-5.05074
-5.05074
-5.05092
-5.05099
-5.05138
-5.05149
-5.05162
-5.05176
-5.05222
-5.05224
-5.05271
-5.05289
-5.05276
-5.05293
-5.05339
-5.05383
-5.05427
-5.05453
-5.05431
-5.05438
-5.05456
-5.05426
-5.05423
-5.05446
-5.0542
-5.0542
-5.05386
-5.05377
-5.05363
-5.05345
-5.05291
-5.05248
-5.05214
-5.05159
-5.05069
-5.05034
-5.04964
-5.04903
-5.04836
-5.04764
-5.04672
-5.04559
-5.04471
-5.04378
-5.04264
-5.04116
-5.04008
-5.0388
-5.03747
-5.03595
-5.0347
-5.03309
-5.03161
-5.02993
-5.02822
-5.02709
-5.02562
-5.02382
-5.02185
-5.02016
-5.01814
-5.01672
-5.01497
-5.01337
-5.01145
-5.00967
-5.00789
-5.00626
-5.00448
-5.00269
-5.00077
-4.999
-4.99723
-4.99533
-4.99344
-4.99172
-4.99002
-4.98819
-4.98622
-4.98473
-4.98357
-4.98184
-4.98013
-4.9786
-4.97696
-4.97549
-4.97391
-4.97252
-4.97132
-4.9697
-4.96857
-4.96718
-4.96628
-4.96542
-4.9643
-4.96338
-4.96265
-4.96165
-4.9604
-4.95933
-4.95847
-4.95749
-4.9567
-4.9561
-4.95539
-4.95488
-4.9544
-4.95366
-4.9528
-4.95243
-4.9518
-4.9515
-4.95124
-4.9507
-4.9505
-4.95017
-4.94988
-4.94976
-4.94952
-4.9493
-4.94911
-4.94894
-4.94879
-4.94851
-4.9484
-4.94831
-4.94839
-4.94833
-4.94829
-4.94842
-4.94856
-4.94871
-4.94858
-4.94846
-4.9485
-4.94825
-4.94831
-4.94824
-4.94832
-4.94827
-4.94852
-4.94879
-4.94876
-4.94935
-4.94935
-4.9495
-4.94982
-4.95015
-4.95034
-4.9507
-4.95106
-4.95159
-4.95168
-4.95179
-4.9519
-4.95219
-4.95264
-4.95281
-4.9533
-4.95396
-4.95404
-4.95414
-4.95471
-4.95516
-4.95578
-4.95628
-4.95681
-4.95721
-4.9578
-4.95811
-4.95861
-4.95899
-4.95971
-4.96032
-4.96157
-4.96225
-4.96283
-4.9639
-4.96486
-4.96602
-4.96708
-4.96848
-4.96964
-4.97114
-4.97254
-4.97385
-4.97475
-4.97616
-4.97763
-4.9793
-4.98057
-4.98235
-4.98418
-4.98622
-4.98787
-4.98987
-4.99162
-4.99373
-4.99543
-4.99749
-4.9993
-5.00162
-5.00398
-5.00623
-5.00853
-5.01087
-5.01326
-5.01553
-5.01784
-5.02003
-5.02255
-5.02481
-5.02724
-5.02984
-5.03247
-5.03512
-5.03778
-5.0403
-5.04328
-5.04612
-5.04912
-5.05241
-5.0554
-5.05779
-5.06046
-5.06327
-5.06591
-5.06899
-5.07159
-5.07447
-5.07686
-5.07953
-5.08201
-5.08445
-5.0867
-5.08891
-5.09092
-5.09318
-5.09554
-5.09708
-5.09903
-5.10091
-5.10318
-5.10509
-5.10677
-5.10869
-5.11023
-5.11184
-5.11353
-5.11499
-5.11636
-5.11749
-5.11869
-5.1192
-5.12007
-5.12145
-5.12213
-5.12317
-5.12397
-5.12451
-5.12495
-5.12514
-5.12522
-5.12536
-5.12554
-5.12561
-5.12573
-5.12544
-5.12536
-5.12486
-5.12425
-5.12324
-5.12258
-5.12181
-5.12094
-5.11966
-5.11784
-5.11682
-5.11524
-5.11388
-5.11181
-5.11041
-5.10877
-5.1072
-5.10494
-5.10305
-5.10093
-5.09874
-5.09632
-5.09385
-5.09116
-5.08856
-5.08607
-5.08337
-5.08078
-5.07815
-5.07565
-5.07281
-5.06995
-5.06662
-5.06358
-5.06084
-5.05795
-5.05566
-5.05293
-5.05021
-5.04782
-5.04515
-5.04251
-5.03991
-5.0375
-5.03498
-5.03235
-5.02993
-5.02757
-5.02571
-5.02332
-5.02099
-5.01888
-5.01669
-5.01442
-5.01252
-5.01055
-5.0088
-5.00697
-5.00552
-5.0037
-5.00209
-5.00056
-4.99924
-4.99785
-4.99682
-4.99555
-4.9948
-4.99366
-4.99287
-4.99183
-4.99099
-4.99036
-4.98946
-4.9883
-4.98778
-4.98638
-4.98563
-4.98474
-4.984
-4.9834
-4.9828
-4.98189
-4.98112
-4.98004
-4.97924
-4.97827
-4.97729
-4.97658
-4.97585
-4.97479
-4.97401
-4.97336
-4.97237
-4.97136
-4.97031
-4.96924
-4.96798
-4.9667
-4.96523
-4.96404
-4.96297
-4.96202
-4.96074
-4.95929
-4.95796
-4.95646
-4.95509
-4.95369
-4.95228
-4.95056
-4.94912
-4.94782
-4.94636
-4.94474
-4.94327
-4.94179
-4.94032
-4.939
-4.93768
-4.93637
-4.93493
-4.93349
-4.93207
-4.93083
-4.92945
-4.92825
-4.92708
-4.92563
-4.92407
-4.92255
-4.92151
-4.92022
-4.91897
-4.91777
-4.91662
-4.91583
-4.91494
-4.9138
-4.91303
-4.91248
-4.91229
-4.91156
-4.91136
-4.91077
-4.91026
-4.90997
-4.90976
-4.90993
-4.90927
-4.9093
-4.90941
-4.9096
-4.90987
-4.91023
-4.91036
-4.91073
-4.91118
-4.91187
-4.91248
-4.91318
-4.91441
-4.91572
-4.91711
-4.91812
-4.91936
-4.92053
-4.92191
-4.92307
-4.92475
-4.92634
-4.928
-4.92987
-4.9315
-4.93349
-4.93538
-4.93747
-4.93946
-4.94134
-4.94342
-4.94569
-4.94769
-4.95003
-4.9524
-4.9548
-4.95707
-4.95937
-4.96183
-4.96417
-4.96651
-4.96857
-4.9711
-4.97318
-4.97496
-4.97735
-4.98005
-4.98229
-4.98453
-4.98722
-4.98976
-4.99198
-4.99435
-4.99657
-4.99877
-5.00127
-5.00315
-5.00532
-5.00779
-5.01024
-5.01223
-5.01466
-5.01707
-5.01948
-5.02187
-5.0241
-5.02632
-5.02853
-5.03087
-5.03305
-5.03537
-5.03768
-5.03998
-5.04181
-5.04393
-5.04634
-5.04843
-5.05082
-5.05349
-5.0557
-5.05744
-5.05947
-5.06119
-5.06334
-5.06547
-5.06744
-5.06909
-5.07102
-5.07293
-5.07513
-5.07716
-5.07916
-5.08115
-5.08311
-5.08506
-5.08683
-5.08887
-5.09075
-5.0923
-5.09382
-5.09547
-5.0974
-5.09916
-5.10073
-5.10229
-5.10366
-5.10502
-5.10665
-5.10826
-5.10969
-5.1108
-5.11218
-5.11354
-5.11518
-5.1168
-5.11824
-5.11951
-5.12061
-5.12153
-5.12273
-5.12376
-5.12507
-5.12636
-5.12778
-5.12872
-5.1298
-5.13085
-5.13158
-5.13244
-5.13328
-5.13409
-5.13534
-5.13612
-5.13657
-5.1376
-5.13845
-5.13899
-5.1398
-5.14058
-5.14134
-5.14239
-5.14325
-5.14379
-5.14445
-5.14509
-5.14615
-5.14719
-5.1482
-5.14889
-5.14924
-5.14942
-5.14988
-5.15031
-5.15056
-5.15094
-5.15115
-5.15133
-5.1515
-5.15179
-5.15207
-5.15247
-5.15272
-5.15309
-5.15346
-5.15366
-5.1537
-5.15389
-5.15392
-5.15394
-5.15382
-5.15429
-5.15477
-5.1548
-5.15514
-5.15518
-5.15553
-5.15559
-5.15611
-5.1562
-5.15614
-5.1567
-5.15742
-5.1577
-5.15784
-5.158
-5.15817
-5.15805
-5.15825
-5.1583
-5.15882
-5.15965
-5.16004
-5.16058
-5.16082
-5.16137
-5.16193
-5.16263
-5.16288
-5.16328
-5.16398
-5.16436
-5.16459
-5.16466
-5.16517
-5.16506
-5.16554
-5.16586
-5.16616
-5.16613
-5.16655
-5.16679
-5.16716
-5.16691
-5.16664
-5.16665
-5.16664
-5.1666
-5.167
-5.16738
-5.16744
-5.16717
-5.16733
-5.16733
-5.16715
-5.1671
-5.16719
-5.16696
-5.16656
-5.16659
-5.16646
-5.16616
-5.16585
-5.16552
-5.16548
-5.16528
-5.16506
-5.16499
-5.1646
-5.16405
-5.1638
-5.16368
-5.16311
-5.16298
-5.16239
-5.16209
-5.16179
-5.16133
-5.16102
-5.1607
-5.16022
-5.16004
-5.15956
-5.15922
-5.15857
-5.15838
-5.15788
-5.15768
-5.15732
-5.15711
-5.15675
-5.15593
-5.15557
-5.15504
-5.15467
-5.15369
-5.15377
-5.15354
-5.15285
-5.15247
-5.15223
-5.15184
-5.15144
-5.15105
-5.1508
-5.15054
-5.15029
-5.15018
-5.14961
-5.14934
-5.14892
-5.14864
-5.14805
-5.14792
-5.14778
-5.14733
-5.14672
-5.1458
-5.14518
-5.14425
-5.14392
-5.14342
-5.14291
-5.14209
-5.14157
-5.14087
-5.14032
-5.1399
-5.13932
-5.13872
-5.1381
-5.13762
-5.13667
-5.1357
-5.13531
-5.1346
-5.13387
-5.13312
-5.1322
-5.1314
-5.13059
-5.13005
-5.12888
-5.12784
-5.12678
-5.12585
-5.1252
-5.12392
-5.12307
-5.12205
-5.12085
-5.11964
-5.11841
-5.11716
-5.11604
-5.11536
-5.11421
-5.11306
-5.11189
-5.11071
-5.10938
-5.10834
-5.1073
-5.10596
-5.10493
-5.10389
-5.10302
-5.102
-5.10053
-5.09953
-5.09855
-5.09728
-5.09648
-5.09524
-5.09432
-5.09298
-5.09195
-5.0908
-5.08967
-5.08901
-5.08792
-5.08685
-5.08611
-5.08524
-5.08453
-5.0837
-5.08288
-5.08237
-5.08173
-5.08094
-5.08032
-5.0797
-5.07908
-5.07847
-5.07755
-5.07693
-5.07645
-5.07551
-5.07456
-5.07359
-5.07292
-5.07192
-5.0709
-5.07001
-5.06895
-5.06801
-5.0672
-5.06636
-5.06549
-5.06475
-5.06352
-5.06227
-5.06114
-5.05984
-5.05881
-5.05775
-5.05637
-5.05512
-5.054
-5.05301
-5.05155
-5.05039
-5.04906
-5.04741
-5.04622
-5.04517
-5.04397
-5.04217
-5.04067
-5.03949
-5.03816
-5.03654
-5.03508
-5.0338
-5.03283
-5.03159
-5.03037
-5.02947
-5.02831
-5.02702
-5.02591
-5.02499
-5.02426
-5.02341
-5.02245
-5.02152
-5.0208
-5.01966
-5.01872
-5.01797
-5.01727
-5.01662
-5.01631
-5.01546
-5.0148
-5.01435
-5.01395
-5.01345
-5.0133
-5.01321
-5.01303
-5.01289
-5.01311
-5.01294
-5.01281
-5.01305
-5.01318
-5.01337
-5.01376
-5.01375
-5.0141
-5.0145
-5.01524
-5.01589
-5.01673
-5.01777
-5.0184
-5.01952
-5.02038
-5.02113
-5.02206
-5.02273
-5.02372
-5.0246
-5.02535
-5.02627
-5.02752
-5.02848
-5.02977
-5.03076
-5.03146
-5.03233
-5.03335
-5.03392
-5.03539
-5.03642
-5.03729
-5.0383
-5.03931
-5.04046
-5.04114
-5.04212
-5.04338
-5.04417
-5.04494
-5.046
-5.04719
-5.04805
-5.04935
-5.05017
-5.05112
-5.05189
-5.05264
-5.05367
-5.05436
-5.05503
-5.05507
-5.05569
-5.05643
-5.05684
-5.05722
-5.05772
-5.05851
-5.05896
-5.05954
-5.06024
-5.06031
-5.06096
-5.06114
-5.06129
-5.06172
-5.06197
-5.0622
-5.06256
-5.06275
-5.06292
-5.06277
-5.06289
-5.06285
-5.06279
-5.06271
-5.06261
-5.06265
-5.06267
-5.06238
-5.06237
-5.0622
-5.06216
-5.06242
-5.06236
-5.06244
-5.06236
-5.06227
-5.06202
-5.06236
-5.06209
-5.06166
-5.06122
-5.06107
-5.06062
-5.06045
-5.06013
-5.05979
-5.05945
-5.05925
-5.05889
-5.05866
-5.05843
-5.05803
-5.05823
-5.05781
-5.05753
-5.05708
-5.05677
-5.05674
-5.05639
-5.05573
-5.0552
-5.0548
-5.05422
-5.05378
-5.053
-5.05251
-5.05199
-5.05129
-5.05071
-5.04995
-5.04947
-5.04895
-5.04839
-5.04735
-5.04627
-5.04531
-5.044
-5.04342
-5.04234
-5.04152
-5.04127
-5.03991
-5.03897
-5.03784
-5.03651
-5.03514
-5.03404
-5.03258
-5.0317
-5.03002
-5.0286
-5.02699
-5.02534
-5.02366
-5.02209
-5.02034
-5.01826
-5.0166
-5.01491
-5.01305
-5.01146
-5.00955
-5.00778
-5.00599
-5.00448
-5.00282
-5.00099
-4.99916
-4.99718
-4.9955
-4.99367
-4.99185
-4.99049
-4.98854
-4.98691
-4.98499
-4.98324
-4.98137
-4.97968
-4.97801
-4.97637
-4.97462
-4.97305
-4.97137
-4.97003
-4.96873
-4.96748
-4.96596
-4.96434
-4.96292
-4.96184
-4.96082
-4.95984
-4.95891
-4.95788
-4.95675
-4.95582
-4.95493
-4.9544
-4.95377
-4.95318
-4.95279
-4.95154
-4.95109
-4.95039
-4.95018
-4.95031
-4.94988
-4.94949
-4.94913
-4.94881
-4.94853
-4.94812
-4.9479
-4.94785
-4.94738
-4.94724
-4.94727
-4.94687
-4.9468
-4.94689
-4.94744
-4.94756
-4.94754
-4.94738
-4.94738
-4.94738
-4.94739
-4.94755
-4.94757
-4.94743
-4.94728
-4.94729
-4.94699
-4.94699
-4.94697
-4.9468
-4.94662
-4.94673
-4.94682
-4.9466
-4.94592
-4.94552
-4.94556
-4.94513
-4.94514
-4.94468
-4.94465
-4.94446
-4.9444
-4.94418
-4.94394
-4.94353
-4.94327
-4.94268
-4.94209
-4.94193
-4.94147
-4.94084
-4.94066
-4.94032
-4.93967
-4.93902
-4.93897
-4.93877
-4.93843
-4.93793
-4.93759
-4.93726
-4.93693
-4.93662
-4.93631
-4.93633
-4.9359
-4.9358
-4.93571
-4.9355
-4.93545
-4.93543
-4.93544
-4.93547
-4.93523
-4.93561
-4.93558
-4.93542
-4.93544
-4.9355
-4.93543
-4.93555
-4.93569
-4.93572
-4.93578
-4.93572
-4.93614
-4.93645
-4.93678
-4.93714
-4.93768
-4.93809
-4.93838
-4.93884
-4.93948
-4.93969
-4.94022
-4.94077
-4.94134
-4.94162
-4.94177
-4.94223
-4.9427
-4.94349
-4.94413
-4.94493
-4.94573
-4.94624
-4.94721
-4.94772
-4.94778
-4.94844
-4.94926
-4.94976
-4.95042
-4.95091
-4.95171
-4.95264
-4.95357
-4.95419
-4.9551
-4.95555
-4.95614
-4.95671
-4.95728
-4.95798
-4.95806
-4.95859
-4.9591
-4.9596
-4.96009
-4.96026
-4.96087
-4.96132
-4.96145
-4.96186
-4.96212
-4.96251
-4.96243
-4.96295
-4.9633
-4.96349
-4.96412
-4.96488
-4.96533
-4.96576
-4.96618
-4.96629
-4.96668
-4.96675
-4.96696
-4.96686
-4.96673
-4.96689
-4.96674
-4.96671
-4.96697
-4.96691
-4.96668
-4.96658
-4.9666
-4.96706
-4.96689
-4.967
-4.96694
-4.96684
-4.96642
-4.96643
-4.96641
-4.96621
-4.96583
-4.96588
-4.96559
-4.96498
-4.96479
-4.96426
-4.96386
-4.96313
-4.96267
-4.96188
-4.96167
-4.96097
-4.96056
-4.95996
-4.95949
-4.959
-4.95803
-4.95735
-4.95664
-4.95622
-4.95533
-4.95472
-4.95395
-4.95302
-4.95223
-4.95173
-4.95062
-4.94996
-4.94915
-4.94834
-4.94753
-4.94642
-4.94592
-4.94512
-4.94418
-4.94356
-4.94294
-4.94189
-4.9413
-4.94088
-4.94033
-4.93949
-4.93898
-4.93818
-4.93739
-4.93694
-4.9362
-4.93578
-4.93539
-4.93501
-4.93496
-4.93493
-4.93417
-4.93373
-4.93331
-4.93306
-4.93252
-4.93246
-4.93212
-4.93164
-4.93133
-4.93103
-4.9303
-4.92989
-4.9301
-4.92987
-4.92966
-4.92946
-4.92928
-4.92926
-4.92926
-4.92913
-4.92901
-4.92906
-4.92944
-4.92953
-4.92963
-4.92976
-4.92991
-4.92978
-4.92983
-4.9296
-4.92985
-4.92997
-4.93013
-4.93031
-4.93038
-4.93049
-4.93093
-4.9314
-4.93177
-4.93202
-4.93247
-4.93296
-4.93335
-4.93378
-4.93427
-4.93495
-4.93568
-4.93617
-4.93716
-4.93821
-4.93901
-4.94032
-4.94108
-4.9425
-4.94368
-4.94477
-4.94607
-4.94743
-4.94929
-4.95122
-4.95305
-4.95509
-4.95688
-4.95858
-4.96018
-4.96183
-4.96369
-4.96575
-4.96771
-4.96987
-4.97192
-4.97418
